-0.130983
-0.118716
-0.130983
-0.118716
-0.008674
-0.176564
-0.008674
-0.176564
0.059554
-0.166443
0.059554
-0.166443
0.159804
-0.075582
0.159804
-0.075582
0.090881
-0.151626
0.090881
-0.151626
0.171479
-0.042953
0.171479
-0.042953
0.174863
0.025938
0.174863
0.025938
0.105306
0.141988
0.105306
0.141988
0.105306
-0.141988
0.105306
-0.141988
0.174863
-0.025938
0.174863
-0.025938
0.171479
0.042953
0.171479
0.042953
0.090881
0.151626
0.090881
0.151626
0.159804
0.075582
0.159804
0.075582
0.059554
0.166443
0.059554
0.166443
-0.008674
0.176564
-0.008674
0.176564
-0.130983
0.118716
-0.130983
0.118716
