0.031250
-0.000048
0.031250
-0.000048
0.022131
0.022063
0.022131
0.022063
0.012003
0.028853
0.012003
0.028853
-0.011915
0.028890
-0.011915
0.028890
0.006144
0.030640
0.006144
0.030640
-0.017322
0.026010
-0.017322
0.026010
-0.025957
0.017401
-0.025957
0.017401
-0.030659
-0.006050
-0.030659
-0.006050
0.003111
0.031095
0.003111
0.031095
-0.019788
0.024187
-0.019788
0.024187
-0.027537
0.014773
-0.027537
0.014773
-0.029918
-0.009025
-0.029918
-0.009025
-0.029890
0.009117
-0.029890
0.009117
-0.027583
-0.014689
-0.027583
-0.014689
-0.019862
-0.024126
-0.019862
-0.024126
0.003015
-0.031104
0.003015
-0.031104
0.001581
0.031210
0.001581
0.031210
-0.020951
0.023187
-0.020951
0.023187
-0.028229
0.013404
-0.028229
0.013404
-0.029439
-0.010483
-0.029439
-0.010483
-0.030302
0.007640
-0.030302
0.007640
-0.026829
-0.016025
-0.026829
-0.016025
-0.018654
-0.025072
-0.018654
-0.025072
0.004538
-0.030919
0.004538
-0.030919
-0.030905
0.004633
-0.030905
0.004633
-0.025129
-0.018577
-0.025129
-0.018577
-0.016107
-0.026779
-0.016107
-0.026779
0.007547
-0.030325
0.007547
-0.030325
-0.010573
-0.029407
-0.010573
-0.029407
0.013318
-0.028270
0.013318
-0.028270
0.023122
-0.021022
0.023122
-0.021022
0.031215
0.001485
0.031215
0.001485
0.000815
0.031239
0.000815
0.031239
-0.021513
0.022666
-0.021513
0.022666
-0.028550
0.012708
-0.028550
0.012708
-0.029173
-0.011202
-0.029173
-0.011202
-0.030480
0.006894
-0.030480
0.006894
-0.026427
-0.016678
-0.026427
-0.016678
-0.018033
-0.025522
-0.018033
-0.025522
0.005295
-0.030798
0.005295
-0.030798
-0.031009
0.003873
-0.031009
0.003873
-0.024665
-0.019188
-0.024665
-0.019188
-0.015445
-0.027167
-0.015445
-0.027167
0.008289
-0.030131
0.008289
-0.030131
-0.009848
-0.029658
-0.009848
-0.029658
0.014007
-0.027935
0.014007
-0.027935
0.023631
-0.020448
0.023631
-0.020448
0.031169
0.002251
0.031169
0.002251
-0.031162
0.002347
-0.031162
0.002347
-0.023694
-0.020375
-0.023694
-0.020375
-0.014093
-0.027892
-0.014093
-0.027892
0.009757
-0.029688
0.009757
-0.029688
-0.008381
-0.030105
-0.008381
-0.030105
0.015361
-0.027214
0.015361
-0.027214
0.024606
-0.019264
0.024606
-0.019264
0.031021
0.003778
0.031021
0.003778
-0.005390
-0.030782
-0.005390
-0.030782
0.017955
-0.025577
0.017955
-0.025577
0.026376
-0.016759
0.026376
-0.016759
0.030501
0.006800
0.030501
0.006800
0.029139
-0.011291
0.029139
-0.011291
0.028588
0.012620
0.028588
0.012620
0.021583
0.022600
0.021583
0.022600
-0.000719
0.031242
-0.000719
0.031242
0.000431
0.031247
0.000431
0.031247
-0.021790
0.022400
-0.021790
0.022400
-0.028703
0.012356
-0.028703
0.012356
-0.029034
-0.011559
-0.029034
-0.011559
-0.030562
0.006519
-0.030562
0.006519
-0.026221
-0.017001
-0.026221
-0.017001
-0.017719
-0.025741
-0.017719
-0.025741
0.005673
-0.030731
0.005673
-0.030731
-0.031054
0.003492
-0.031054
0.003492
-0.024428
-0.019489
-0.024428
-0.019489
-0.015110
-0.027354
-0.015110
-0.027354
0.008658
-0.030027
0.008658
-0.030027
-0.009483
-0.029776
-0.009483
-0.029776
0.014349
-0.027761
0.014349
-0.027761
0.023881
-0.020156
0.023881
-0.020156
0.031139
0.002633
0.031139
0.002633
-0.031188
0.001964
-0.031188
0.001964
-0.023442
-0.020665
-0.023442
-0.020665
-0.013750
-0.028063
-0.013750
-0.028063
0.010121
-0.029566
0.010121
-0.029566
-0.008011
-0.030206
-0.008011
-0.030206
0.015694
-0.027023
0.015694
-0.027023
0.024841
-0.018960
0.024841
-0.018960
0.030972
0.004158
0.030972
0.004158
-0.005012
-0.030845
-0.005012
-0.030845
0.018267
-0.025355
0.018267
-0.025355
0.026580
-0.016434
0.026580
-0.016434
0.030415
0.007174
0.030415
0.007174
0.029275
-0.010933
0.029275
-0.010933
0.028431
0.012970
0.028431
0.012970
0.021304
0.022863
0.021304
0.022863
-0.001102
0.031231
-0.001102
0.031231
-0.031227
0.001198
-0.031227
0.001198
-0.022928
-0.021234
-0.022928
-0.021234
-0.013057
-0.028391
-0.013057
-0.028391
0.010843
-0.029308
0.010843
-0.029308
-0.007267
-0.030393
-0.007267
-0.030393
0.016353
-0.026630
0.016353
-0.026630
0.025299
-0.018345
0.025299
-0.018345
0.030861
0.004917
0.030861
0.004917
-0.004253
-0.030959
-0.004253
-0.030959
0.018884
-0.024899
0.018884
-0.024899
0.026975
-0.015777
0.026975
-0.015777
0.030230
0.007918
0.030230
0.007918
0.029535
-0.010211
0.029535
-0.010211
0.028105
0.013664
0.028105
0.013664
0.020736
0.023379
0.020736
0.023379
-0.001868
0.031194
-0.001868
0.031194
-0.002729
-0.031131
-0.002729
-0.031131
0.020083
-0.023942
0.020083
-0.023942
0.027717
-0.014434
0.027717
-0.014434
0.029805
0.009392
0.029805
0.009392
0.030000
-0.008750
0.030000
-0.008750
0.027400
0.015026
0.027400
0.015026
0.019564
0.024368
0.019564
0.024368
-0.003397
0.031065
-0.003397
0.031065
0.030713
-0.005767
0.030713
-0.005767
0.025795
0.017640
0.025795
0.017640
0.017082
0.026168
0.017082
0.026168
-0.006425
0.030582
-0.006425
0.030582
0.011648
0.028998
0.011648
0.028998
-0.012268
0.028741
-0.012268
0.028741
-0.022333
0.021859
-0.022333
0.021859
-0.031248
-0.000336
-0.031248
-0.000336
0.000240
0.031249
0.000240
0.031249
-0.021927
0.022266
-0.021927
0.022266
-0.028779
0.012180
-0.028779
0.012180
-0.028962
-0.011737
-0.028962
-0.011737
-0.030602
0.006331
-0.030602
0.006331
-0.026116
-0.017162
-0.026116
-0.017162
-0.017560
-0.025849
-0.017560
-0.025849
0.005861
-0.030695
0.005861
-0.030695
-0.031075
0.003301
-0.031075
0.003301
-0.024308
-0.019639
-0.024308
-0.019639
-0.014942
-0.027446
-0.014942
-0.027446
0.008842
-0.029973
0.008842
-0.029973
-0.009300
-0.029834
-0.009300
-0.029834
0.014519
-0.027672
0.014519
-0.027672
0.024004
-0.020009
0.024004
-0.020009
0.031122
0.002824
0.031122
0.002824
-0.031200
0.001773
-0.031200
0.001773
-0.023315
-0.020808
-0.023315
-0.020808
-0.013577
-0.028146
-0.013577
-0.028146
0.010302
-0.029503
0.010302
-0.029503
-0.007825
-0.030254
-0.007825
-0.030254
0.015860
-0.026926
0.015860
-0.026926
0.024957
-0.018808
0.024957
-0.018808
0.030946
0.004348
0.030946
0.004348
-0.004822
-0.030876
-0.004822
-0.030876
0.018423
-0.025242
0.018423
-0.025242
0.026680
-0.016271
0.026680
-0.016271
0.030371
0.007360
0.030371
0.007360
0.029342
-0.010753
0.029342
-0.010753
0.028351
0.013144
0.028351
0.013144
0.021163
0.022993
0.021163
0.022993
-0.001294
0.031223
-0.001294
0.031223
-0.031234
0.001007
-0.031234
0.001007
-0.022797
-0.021374
-0.022797
-0.021374
-0.012883
-0.028471
-0.012883
-0.028471
0.011023
-0.029241
0.011023
-0.029241
-0.007081
-0.030437
-0.007081
-0.030437
0.016516
-0.026529
0.016516
-0.026529
0.025411
-0.018189
0.025411
-0.018189
0.030830
0.005106
0.030830
0.005106
-0.004063
-0.030985
-0.004063
-0.030985
0.019036
-0.024783
0.019036
-0.024783
0.027071
-0.015611
0.027071
-0.015611
0.030181
0.008104
0.030181
0.008104
0.029597
-0.010030
0.029597
-0.010030
0.028020
0.013836
0.028020
0.013836
0.020593
0.023506
0.020593
0.023506
-0.002060
0.031182
-0.002060
0.031182
-0.002538
-0.031147
-0.002538
-0.031147
0.020230
-0.023819
0.020230
-0.023819
0.027805
-0.014264
0.027805
-0.014264
0.029747
0.009575
0.029747
0.009575
0.030053
-0.008566
0.030053
-0.008566
0.027308
0.015194
0.027308
0.015194
0.019414
0.024488
0.019414
0.024488
-0.003587
0.031043
-0.003587
0.031043
0.030748
-0.005579
0.030748
-0.005579
0.025687
0.017797
0.025687
0.017797
0.016921
0.026273
0.016921
0.026273
-0.006613
0.030542
-0.006613
0.030542
0.011470
0.029069
0.011470
0.029069
-0.012444
0.028665
-0.012444
0.028665
-0.022467
0.021721
-0.022467
0.021721
-0.031246
-0.000527
-0.031246
-0.000527
-0.031244
0.000623
-0.031244
0.000623
-0.022533
-0.021652
-0.022533
-0.021652
-0.012532
-0.028627
-0.012532
-0.028627
0.011381
-0.029104
0.011381
-0.029104
-0.006707
-0.030522
-0.006707
-0.030522
0.016840
-0.026324
0.016840
-0.026324
0.025632
-0.017876
0.025632
-0.017876
0.030765
0.005484
0.030765
0.005484
-0.003683
-0.031032
-0.003683
-0.031032
0.019339
-0.024547
0.019339
-0.024547
0.027261
-0.015278
0.027261
-0.015278
0.030079
0.008473
0.030079
0.008473
0.029718
-0.009666
0.029718
-0.009666
0.027848
0.014179
0.027848
0.014179
0.020303
0.023756
0.020303
0.023756
-0.002442
0.031154
-0.002442
0.031154
-0.002155
-0.031176
-0.002155
-0.031176
0.020520
-0.023569
0.020520
-0.023569
0.027978
-0.013922
0.027978
-0.013922
0.029627
0.009939
0.029627
0.009939
0.030156
-0.008196
0.030156
-0.008196
0.027119
0.015528
0.027119
0.015528
0.019112
0.024724
0.019112
0.024724
-0.003968
0.030997
-0.003968
0.030997
0.030814
-0.005201
0.030814
-0.005201
0.025466
0.018111
0.025466
0.018111
0.016597
0.026478
0.016597
0.026478
-0.006987
0.030459
-0.006987
0.030459
0.011112
0.029207
0.011112
0.029207
-0.012795
0.028510
-0.012795
0.028510
-0.022732
0.021444
-0.022732
0.021444
-0.031237
-0.000911
-0.031237
-0.000911
-0.001390
-0.031219
-0.001390
-0.031219
0.021093
-0.023058
0.021093
-0.023058
0.028311
-0.013231
0.028311
-0.013231
0.029374
0.010663
0.029374
0.010663
0.030348
-0.007454
0.030348
-0.007454
0.026730
0.016189
0.026730
0.016189
0.018500
0.025186
0.018500
0.025186
-0.004728
0.030890
-0.004728
0.030890
0.030933
-0.004443
0.030933
-0.004443
0.025014
0.018731
0.025014
0.018731
0.015942
0.026878
0.015942
0.026878
-0.007733
0.030278
-0.007733
0.030278
0.010392
0.029471
0.010392
0.029471
-0.013491
0.028188
-0.013491
0.028188
-0.023251
0.020879
-0.023251
0.020879
-0.031205
-0.001677
-0.031205
-0.001677
0.031113
-0.002920
0.031113
-0.002920
0.024065
0.019936
0.024065
0.019936
0.014604
0.027628
0.014604
0.027628
-0.009209
0.029862
-0.009209
0.029862
0.008934
0.029946
0.008934
0.029946
-0.014858
0.027492
-0.014858
0.027492
-0.024248
0.019713
-0.024248
0.019713
-0.031085
-0.003206
-0.031085
-0.003206
0.005955
0.030677
0.005955
0.030677
-0.017481
0.025903
-0.017481
0.025903
-0.026063
0.017242
-0.026063
0.017242
-0.030621
-0.006238
-0.030621
-0.006238
-0.028926
0.011826
-0.028926
0.011826
-0.028816
-0.012092
-0.028816
-0.012092
-0.021995
-0.022199
-0.021995
-0.022199
0.000144
-0.031250
0.000144
-0.031250
0.000144
0.031250
0.000144
0.031250
-0.021995
0.022199
-0.021995
0.022199
-0.028816
0.012092
-0.028816
0.012092
-0.028926
-0.011826
-0.028926
-0.011826
-0.030621
0.006238
-0.030621
0.006238
-0.026063
-0.017242
-0.026063
-0.017242
-0.017481
-0.025903
-0.017481
-0.025903
0.005955
-0.030677
0.005955
-0.030677
-0.031085
0.003206
-0.031085
0.003206
-0.024248
-0.019713
-0.024248
-0.019713
-0.014858
-0.027492
-0.014858
-0.027492
0.008934
-0.029946
0.008934
-0.029946
-0.009209
-0.029862
-0.009209
-0.029862
0.014604
-0.027628
0.014604
-0.027628
0.024065
-0.019936
0.024065
-0.019936
0.031113
0.002920
0.031113
0.002920
-0.031205
0.001677
-0.031205
0.001677
-0.023251
-0.020879
-0.023251
-0.020879
-0.013491
-0.028188
-0.013491
-0.028188
0.010392
-0.029471
0.010392
-0.029471
-0.007733
-0.030278
-0.007733
-0.030278
0.015942
-0.026878
0.015942
-0.026878
0.025014
-0.018731
0.025014
-0.018731
0.030933
0.004443
0.030933
0.004443
-0.004728
-0.030890
-0.004728
-0.030890
0.018500
-0.025186
0.018500
-0.025186
0.026730
-0.016189
0.026730
-0.016189
0.030348
0.007454
0.030348
0.007454
0.029374
-0.010663
0.029374
-0.010663
0.028311
0.013231
0.028311
0.013231
0.021093
0.023058
0.021093
0.023058
-0.001390
0.031219
-0.001390
0.031219
-0.031237
0.000911
-0.031237
0.000911
-0.022732
-0.021444
-0.022732
-0.021444
-0.012795
-0.028510
-0.012795
-0.028510
0.011112
-0.029207
0.011112
-0.029207
-0.006987
-0.030459
-0.006987
-0.030459
0.016597
-0.026478
0.016597
-0.026478
0.025466
-0.018111
0.025466
-0.018111
0.030814
0.005201
0.030814
0.005201
-0.003968
-0.030997
-0.003968
-0.030997
0.019112
-0.024724
0.019112
-0.024724
0.027119
-0.015528
0.027119
-0.015528
0.030156
0.008196
0.030156
0.008196
0.029627
-0.009939
0.029627
-0.009939
0.027978
0.013922
0.027978
0.013922
0.020520
0.023569
0.020520
0.023569
-0.002155
0.031176
-0.002155
0.031176
-0.002442
-0.031154
-0.002442
-0.031154
0.020303
-0.023756
0.020303
-0.023756
0.027848
-0.014179
0.027848
-0.014179
0.029718
0.009666
0.029718
0.009666
0.030079
-0.008473
0.030079
-0.008473
0.027261
0.015278
0.027261
0.015278
0.019339
0.024547
0.019339
0.024547
-0.003683
0.031032
-0.003683
0.031032
0.030765
-0.005484
0.030765
-0.005484
0.025632
0.017876
0.025632
0.017876
0.016840
0.026324
0.016840
0.026324
-0.006707
0.030522
-0.006707
0.030522
0.011381
0.029104
0.011381
0.029104
-0.012532
0.028627
-0.012532
0.028627
-0.022533
0.021652
-0.022533
0.021652
-0.031244
-0.000623
-0.031244
-0.000623
-0.031246
0.000527
-0.031246
0.000527
-0.022467
-0.021721
-0.022467
-0.021721
-0.012444
-0.028665
-0.012444
-0.028665
0.011470
-0.029069
0.011470
-0.029069
-0.006613
-0.030542
-0.006613
-0.030542
0.016921
-0.026273
0.016921
-0.026273
0.025687
-0.017797
0.025687
-0.017797
0.030748
0.005579
0.030748
0.005579
-0.003587
-0.031043
-0.003587
-0.031043
0.019414
-0.024488
0.019414
-0.024488
0.027308
-0.015194
0.027308
-0.015194
0.030053
0.008566
0.030053
0.008566
0.029747
-0.009575
0.029747
-0.009575
0.027805
0.014264
0.027805
0.014264
0.020230
0.023819
0.020230
0.023819
-0.002538
0.031147
-0.002538
0.031147
-0.002060
-0.031182
-0.002060
-0.031182
0.020593
-0.023506
0.020593
-0.023506
0.028020
-0.013836
0.028020
-0.013836
0.029597
0.010030
0.029597
0.010030
0.030181
-0.008104
0.030181
-0.008104
0.027071
0.015611
0.027071
0.015611
0.019036
0.024783
0.019036
0.024783
-0.004063
0.030985
-0.004063
0.030985
0.030830
-0.005106
0.030830
-0.005106
0.025411
0.018189
0.025411
0.018189
0.016516
0.026529
0.016516
0.026529
-0.007081
0.030437
-0.007081
0.030437
0.011023
0.029241
0.011023
0.029241
-0.012883
0.028471
-0.012883
0.028471
-0.022797
0.021374
-0.022797
0.021374
-0.031234
-0.001007
-0.031234
-0.001007
-0.001294
-0.031223
-0.001294
-0.031223
0.021163
-0.022993
0.021163
-0.022993
0.028351
-0.013144
0.028351
-0.013144
0.029342
0.010753
0.029342
0.010753
0.030371
-0.007360
0.030371
-0.007360
0.026680
0.016271
0.026680
0.016271
0.018423
0.025242
0.018423
0.025242
-0.004822
0.030876
-0.004822
0.030876
0.030946
-0.004348
0.030946
-0.004348
0.024957
0.018808
0.024957
0.018808
0.015860
0.026926
0.015860
0.026926
-0.007825
0.030254
-0.007825
0.030254
0.010302
0.029503
0.010302
0.029503
-0.013577
0.028146
-0.013577
0.028146
-0.023315
0.020808
-0.023315
0.020808
-0.031200
-0.001773
-0.031200
-0.001773
0.031122
-0.002824
0.031122
-0.002824
0.024004
0.020009
0.024004
0.020009
0.014519
0.027672
0.014519
0.027672
-0.009300
0.029834
-0.009300
0.029834
0.008842
0.029973
0.008842
0.029973
-0.014942
0.027446
-0.014942
0.027446
-0.024308
0.019639
-0.024308
0.019639
-0.031075
-0.003301
-0.031075
-0.003301
0.005861
0.030695
0.005861
0.030695
-0.017560
0.025849
-0.017560
0.025849
-0.026116
0.017162
-0.026116
0.017162
-0.030602
-0.006331
-0.030602
-0.006331
-0.028962
0.011737
-0.028962
0.011737
-0.028779
-0.012180
-0.028779
-0.012180
-0.021927
-0.022266
-0.021927
-0.022266
0.000240
-0.031249
0.000240
-0.031249
-0.031248
0.000336
-0.031248
0.000336
-0.022333
-0.021859
-0.022333
-0.021859
-0.012268
-0.028741
-0.012268
-0.028741
0.011648
-0.028998
0.011648
-0.028998
-0.006425
-0.030582
-0.006425
-0.030582
0.017082
-0.026168
0.017082
-0.026168
0.025795
-0.017640
0.025795
-0.017640
0.030713
0.005767
0.030713
0.005767
-0.003397
-0.031065
-0.003397
-0.031065
0.019564
-0.024368
0.019564
-0.024368
0.027400
-0.015026
0.027400
-0.015026
0.030000
0.008750
0.030000
0.008750
0.029805
-0.009392
0.029805
-0.009392
0.027717
0.014434
0.027717
0.014434
0.020083
0.023942
0.020083
0.023942
-0.002729
0.031131
-0.002729
0.031131
-0.001868
-0.031194
-0.001868
-0.031194
0.020736
-0.023379
0.020736
-0.023379
0.028105
-0.013664
0.028105
-0.013664
0.029535
0.010211
0.029535
0.010211
0.030230
-0.007918
0.030230
-0.007918
0.026975
0.015777
0.026975
0.015777
0.018884
0.024899
0.018884
0.024899
-0.004253
0.030959
-0.004253
0.030959
0.030861
-0.004917
0.030861
-0.004917
0.025299
0.018345
0.025299
0.018345
0.016353
0.026630
0.016353
0.026630
-0.007267
0.030393
-0.007267
0.030393
0.010843
0.029308
0.010843
0.029308
-0.013057
0.028391
-0.013057
0.028391
-0.022928
0.021234
-0.022928
0.021234
-0.031227
-0.001198
-0.031227
-0.001198
-0.001102
-0.031231
-0.001102
-0.031231
0.021304
-0.022863
0.021304
-0.022863
0.028431
-0.012970
0.028431
-0.012970
0.029275
0.010933
0.029275
0.010933
0.030415
-0.007174
0.030415
-0.007174
0.026580
0.016434
0.026580
0.016434
0.018267
0.025355
0.018267
0.025355
-0.005012
0.030845
-0.005012
0.030845
0.030972
-0.004158
0.030972
-0.004158
0.024841
0.018960
0.024841
0.018960
0.015694
0.027023
0.015694
0.027023
-0.008011
0.030206
-0.008011
0.030206
0.010121
0.029566
0.010121
0.029566
-0.013750
0.028063
-0.013750
0.028063
-0.023442
0.020665
-0.023442
0.020665
-0.031188
-0.001964
-0.031188
-0.001964
0.031139
-0.002633
0.031139
-0.002633
0.023881
0.020156
0.023881
0.020156
0.014349
0.027761
0.014349
0.027761
-0.009483
0.029776
-0.009483
0.029776
0.008658
0.030027
0.008658
0.030027
-0.015110
0.027354
-0.015110
0.027354
-0.024428
0.019489
-0.024428
0.019489
-0.031054
-0.003492
-0.031054
-0.003492
0.005673
0.030731
0.005673
0.030731
-0.017719
0.025741
-0.017719
0.025741
-0.026221
0.017001
-0.026221
0.017001
-0.030562
-0.006519
-0.030562
-0.006519
-0.029034
0.011559
-0.029034
0.011559
-0.028703
-0.012356
-0.028703
-0.012356
-0.021790
-0.022400
-0.021790
-0.022400
0.000431
-0.031247
0.000431
-0.031247
-0.000719
-0.031242
-0.000719
-0.031242
0.021583
-0.022600
0.021583
-0.022600
0.028588
-0.012620
0.028588
-0.012620
0.029139
0.011291
0.029139
0.011291
0.030501
-0.006800
0.030501
-0.006800
0.026376
0.016759
0.026376
0.016759
0.017955
0.025577
0.017955
0.025577
-0.005390
0.030782
-0.005390
0.030782
0.031021
-0.003778
0.031021
-0.003778
0.024606
0.019264
0.024606
0.019264
0.015361
0.027214
0.015361
0.027214
-0.008381
0.030105
-0.008381
0.030105
0.009757
0.029688
0.009757
0.029688
-0.014093
0.027892
-0.014093
0.027892
-0.023694
0.020375
-0.023694
0.020375
-0.031162
-0.002347
-0.031162
-0.002347
0.031169
-0.002251
0.031169
-0.002251
0.023631
0.020448
0.023631
0.020448
0.014007
0.027935
0.014007
0.027935
-0.009848
0.029658
-0.009848
0.029658
0.008289
0.030131
0.008289
0.030131
-0.015445
0.027167
-0.015445
0.027167
-0.024665
0.019188
-0.024665
0.019188
-0.031009
-0.003873
-0.031009
-0.003873
0.005295
0.030798
0.005295
0.030798
-0.018033
0.025522
-0.018033
0.025522
-0.026427
0.016678
-0.026427
0.016678
-0.030480
-0.006894
-0.030480
-0.006894
-0.029173
0.011202
-0.029173
0.011202
-0.028550
-0.012708
-0.028550
-0.012708
-0.021513
-0.022666
-0.021513
-0.022666
0.000815
-0.031239
0.000815
-0.031239
0.031215
-0.001485
0.031215
-0.001485
0.023122
0.021022
0.023122
0.021022
0.013318
0.028270
0.013318
0.028270
-0.010573
0.029407
-0.010573
0.029407
0.007547
0.030325
0.007547
0.030325
-0.016107
0.026779
-0.016107
0.026779
-0.025129
0.018577
-0.025129
0.018577
-0.030905
-0.004633
-0.030905
-0.004633
0.004538
0.030919
0.004538
0.030919
-0.018654
0.025072
-0.018654
0.025072
-0.026829
0.016025
-0.026829
0.016025
-0.030302
-0.007640
-0.030302
-0.007640
-0.029439
0.010483
-0.029439
0.010483
-0.028229
-0.013404
-0.028229
-0.013404
-0.020951
-0.023187
-0.020951
-0.023187
0.001581
-0.031210
0.001581
-0.031210
0.003015
0.031104
0.003015
0.031104
-0.019862
0.024126
-0.019862
0.024126
-0.027583
0.014689
-0.027583
0.014689
-0.029890
-0.009117
-0.029890
-0.009117
-0.029918
0.009025
-0.029918
0.009025
-0.027537
-0.014773
-0.027537
-0.014773
-0.019788
-0.024187
-0.019788
-0.024187
0.003111
-0.031095
0.003111
-0.031095
-0.030659
0.006050
-0.030659
0.006050
-0.025957
-0.017401
-0.025957
-0.017401
-0.017322
-0.026010
-0.017322
-0.026010
0.006144
-0.030640
0.006144
-0.030640
-0.011915
-0.028890
-0.011915
-0.028890
0.012003
-0.028853
0.012003
-0.028853
0.022131
-0.022063
0.022131
-0.022063
0.031250
0.000048
0.031250
0.000048
