0.015613
-0.015637
0.015613
-0.015637
0.022097
-0.000017
0.022097
-0.000017
0.020422
0.008441
0.020422
0.008441
0.008472
0.020409
0.008472
0.020409
0.018382
0.012262
0.018382
0.012262
0.004328
0.021669
0.004328
0.021669
-0.004294
0.021676
-0.004294
0.021676
-0.018364
0.012291
-0.018364
0.012291
0.017092
0.014005
0.017092
0.014005
0.002183
0.021989
0.002183
0.021989
-0.006398
0.021150
-0.006398
0.021150
-0.019480
0.010431
-0.019480
0.010431
-0.010402
0.019496
-0.010402
0.019496
-0.021141
0.006431
-0.021141
0.006431
-0.021992
-0.002149
-0.021992
-0.002149
-0.014031
-0.017071
-0.014031
-0.017071
0.016384
0.014827
0.016384
0.014827
0.001101
0.022070
0.001101
0.022070
-0.007428
0.020811
-0.007428
0.020811
-0.019968
0.009463
-0.019968
0.009463
-0.011346
0.018962
-0.011346
0.018962
-0.021431
0.005386
-0.021431
0.005386
-0.021860
-0.003226
-0.021860
-0.003226
-0.013177
-0.017738
-0.013177
-0.017738
-0.013150
0.017759
-0.013150
0.017759
-0.021855
0.003259
-0.021855
0.003259
-0.021439
-0.005353
-0.021439
-0.005353
-0.011375
-0.018945
-0.011375
-0.018945
-0.019983
-0.009432
-0.019983
-0.009432
-0.007460
-0.020800
-0.007460
-0.020800
0.001067
-0.022071
0.001067
-0.022071
0.016361
-0.014852
0.016361
-0.014852
0.016015
0.015225
0.016015
0.015225
0.000559
0.022090
0.000559
0.022090
-0.007937
0.020622
-0.007937
0.020622
-0.020194
0.008970
-0.020194
0.008970
-0.011808
0.018678
-0.011808
0.018678
-0.021556
0.004858
-0.021556
0.004858
-0.021775
-0.003761
-0.021775
-0.003761
-0.012738
-0.018056
-0.012738
-0.018056
-0.013581
0.017431
-0.013581
0.017431
-0.021929
0.002722
-0.021929
0.002722
-0.021301
-0.005877
-0.021301
-0.005877
-0.010906
-0.019218
-0.010906
-0.019218
-0.019745
-0.009920
-0.019745
-0.009920
-0.006948
-0.020976
-0.006948
-0.020976
0.001609
-0.022038
0.001609
-0.022038
0.016721
-0.014446
0.016721
-0.014446
-0.014420
0.016743
-0.014420
0.016743
-0.022036
0.001642
-0.022036
0.001642
-0.020987
-0.006915
-0.020987
-0.006915
-0.009950
-0.019730
-0.009950
-0.019730
-0.019235
-0.010877
-0.019235
-0.010877
-0.005910
-0.021292
-0.005910
-0.021292
0.002688
-0.021933
0.002688
-0.021933
0.017410
-0.013608
0.017410
-0.013608
-0.018076
-0.012710
-0.018076
-0.012710
-0.003794
-0.021769
-0.003794
-0.021769
0.004825
-0.021564
0.004825
-0.021564
0.018660
-0.011836
0.018660
-0.011836
0.008939
-0.020208
0.008939
-0.020208
0.020610
-0.007968
0.020610
-0.007968
0.022091
0.000525
0.022091
0.000525
0.015249
0.015992
0.015249
0.015992
0.015827
0.015420
0.015827
0.015420
0.000288
0.022095
0.000288
0.022095
-0.008189
0.020524
-0.008189
0.020524
-0.020303
0.008722
-0.020303
0.008722
-0.012036
0.018532
-0.012036
0.018532
-0.021614
0.004593
-0.021614
0.004593
-0.021727
-0.004028
-0.021727
-0.004028
-0.012515
-0.018211
-0.012515
-0.018211
-0.013794
0.017263
-0.013794
0.017263
-0.021961
0.002452
-0.021961
0.002452
-0.021227
-0.006138
-0.021227
-0.006138
-0.010670
-0.019350
-0.010670
-0.019350
-0.019622
-0.010162
-0.019622
-0.010162
-0.006690
-0.021060
-0.006690
-0.021060
0.001879
-0.022017
0.001879
-0.022017
0.016897
-0.014240
0.016897
-0.014240
-0.014625
0.016565
-0.014625
0.016565
-0.022054
0.001372
-0.022054
0.001372
-0.020901
-0.007172
-0.020901
-0.007172
-0.009707
-0.019851
-0.009707
-0.019851
-0.019100
-0.011112
-0.019100
-0.011112
-0.005648
-0.021363
-0.005648
-0.021363
0.002957
-0.021898
0.002957
-0.021898
0.017575
-0.013393
0.017575
-0.013393
-0.017919
-0.012931
-0.017919
-0.012931
-0.003527
-0.021814
-0.003527
-0.021814
0.005089
-0.021503
0.005089
-0.021503
0.018804
-0.011606
0.018804
-0.011606
0.009186
-0.020097
0.009186
-0.020097
0.020707
-0.007715
0.020707
-0.007715
0.022083
0.000796
0.022083
0.000796
0.015052
0.016178
0.015052
0.016178
-0.015027
0.016201
-0.015027
0.016201
-0.022081
0.000830
-0.022081
0.000830
-0.020718
-0.007683
-0.020718
-0.007683
-0.009217
-0.020083
-0.009217
-0.020083
-0.018821
-0.011577
-0.018821
-0.011577
-0.005122
-0.021495
-0.005122
-0.021495
0.003494
-0.021819
0.003494
-0.021819
0.017899
-0.012958
0.017899
-0.012958
-0.017596
-0.013367
-0.017596
-0.013367
-0.002991
-0.021894
-0.002991
-0.021894
0.005615
-0.021372
0.005615
-0.021372
0.019083
-0.011141
0.019083
-0.011141
0.009677
-0.019865
0.009677
-0.019865
0.020890
-0.007204
0.020890
-0.007204
0.022057
0.001338
0.022057
0.001338
0.014650
0.016542
0.014650
0.016542
-0.016919
-0.014214
-0.016919
-0.014214
-0.001913
-0.022014
-0.001913
-0.022014
0.006657
-0.021070
0.006657
-0.021070
0.019606
-0.010192
0.019606
-0.010192
0.010640
-0.019367
0.010640
-0.019367
0.021218
-0.006171
0.021218
-0.006171
0.021964
0.002419
0.021964
0.002419
0.013821
0.017241
0.013821
0.017241
0.012487
-0.018231
0.012487
-0.018231
0.021721
-0.004061
0.021721
-0.004061
0.021621
0.004560
0.021621
0.004560
0.012064
0.018513
0.012064
0.018513
0.020316
0.008690
0.020316
0.008690
0.008221
0.020511
0.008221
0.020511
-0.000254
0.022096
-0.000254
0.022096
-0.015804
0.015444
-0.015804
0.015444
0.015732
0.015517
0.015732
0.015517
0.000153
0.022097
0.000153
0.022097
-0.008315
0.020473
-0.008315
0.020473
-0.020356
0.008597
-0.020356
0.008597
-0.012149
0.018457
-0.012149
0.018457
-0.021642
0.004460
-0.021642
0.004460
-0.021702
-0.004161
-0.021702
-0.004161
-0.012403
-0.018288
-0.012403
-0.018288
-0.013900
0.017178
-0.013900
0.017178
-0.021975
0.002318
-0.021975
0.002318
-0.021189
-0.006268
-0.021189
-0.006268
-0.010551
-0.019415
-0.010551
-0.019415
-0.019559
-0.010282
-0.019559
-0.010282
-0.006560
-0.021101
-0.006560
-0.021101
0.002014
-0.022005
0.002014
-0.022005
0.016984
-0.014136
0.016984
-0.014136
-0.014726
0.016475
-0.014726
0.016475
-0.022062
0.001237
-0.022062
0.001237
-0.020856
-0.007300
-0.020856
-0.007300
-0.009585
-0.019910
-0.009585
-0.019910
-0.019031
-0.011229
-0.019031
-0.011229
-0.005517
-0.021397
-0.005517
-0.021397
0.003091
-0.021880
0.003091
-0.021880
0.017657
-0.013285
0.017657
-0.013285
-0.017839
-0.013040
-0.017839
-0.013040
-0.003393
-0.021835
-0.003393
-0.021835
0.005221
-0.021471
0.005221
-0.021471
0.018874
-0.011491
0.018874
-0.011491
0.009310
-0.020040
0.009310
-0.020040
0.020753
-0.007588
0.020753
-0.007588
0.022077
0.000932
0.022077
0.000932
0.014952
0.016270
0.014952
0.016270
-0.015126
0.016109
-0.015126
0.016109
-0.022086
0.000695
-0.022086
0.000695
-0.020671
-0.007810
-0.020671
-0.007810
-0.009094
-0.020139
-0.009094
-0.020139
-0.018750
-0.011693
-0.018750
-0.011693
-0.004990
-0.021526
-0.004990
-0.021526
0.003627
-0.021797
0.003627
-0.021797
0.017978
-0.012848
0.017978
-0.012848
-0.017514
-0.013474
-0.017514
-0.013474
-0.002856
-0.021912
-0.002856
-0.021912
0.005746
-0.021337
0.005746
-0.021337
0.019151
-0.011024
0.019151
-0.011024
0.009799
-0.019806
0.009799
-0.019806
0.020933
-0.007076
0.020933
-0.007076
0.022048
0.001473
0.022048
0.001473
0.014548
0.016632
0.014548
0.016632
-0.016831
-0.014317
-0.016831
-0.014317
-0.001778
-0.022025
-0.001778
-0.022025
0.006786
-0.021029
0.006786
-0.021029
0.019669
-0.010071
0.019669
-0.010071
0.010759
-0.019301
0.010759
-0.019301
0.021255
-0.006040
0.021255
-0.006040
0.021949
0.002553
0.021949
0.002553
0.013715
0.017326
0.013715
0.017326
0.012599
-0.018154
0.012599
-0.018154
0.021745
-0.003928
0.021745
-0.003928
0.021593
0.004693
0.021593
0.004693
0.011950
0.018587
0.011950
0.018587
0.020263
0.008815
0.020263
0.008815
0.008095
0.020561
0.008095
0.020561
-0.000390
0.022094
-0.000390
0.022094
-0.015898
0.015347
-0.015898
0.015347
-0.015323
0.015922
-0.015323
0.015922
-0.022093
0.000424
-0.022093
0.000424
-0.020573
-0.008063
-0.020573
-0.008063
-0.008846
-0.020249
-0.008846
-0.020249
-0.018605
-0.011922
-0.018605
-0.011922
-0.004726
-0.021586
-0.004726
-0.021586
0.003895
-0.021751
0.003895
-0.021751
0.018134
-0.012626
0.018134
-0.012626
-0.017347
-0.013688
-0.017347
-0.013688
-0.002587
-0.021945
-0.002587
-0.021945
0.006008
-0.021265
0.006008
-0.021265
0.019285
-0.010788
0.019285
-0.010788
0.010041
-0.019684
0.010041
-0.019684
0.021019
-0.006819
0.021019
-0.006819
0.022028
0.001744
0.022028
0.001744
0.014343
0.016809
0.014343
0.016809
-0.016654
-0.014523
-0.016654
-0.014523
-0.001507
-0.022046
-0.001507
-0.022046
0.007044
-0.020944
0.007044
-0.020944
0.019791
-0.009829
0.019791
-0.009829
0.010995
-0.019168
0.010995
-0.019168
0.021328
-0.005779
0.021328
-0.005779
0.021916
0.002823
0.021916
0.002823
0.013501
0.017493
0.013501
0.017493
0.012820
-0.017998
0.012820
-0.017998
0.021792
-0.003661
0.021792
-0.003661
0.021534
0.004957
0.021534
0.004957
0.011721
0.018732
0.011721
0.018732
0.020153
0.009063
0.020153
0.009063
0.007842
0.020659
0.007842
0.020659
-0.000661
0.022087
-0.000661
0.022087
-0.016085
0.015151
-0.016085
0.015151
-0.016293
-0.014927
-0.016293
-0.014927
-0.000966
-0.022076
-0.000966
-0.022076
0.007556
-0.020765
0.007556
-0.020765
0.020026
-0.009340
0.020026
-0.009340
0.011462
-0.018892
0.011462
-0.018892
0.021463
-0.005254
0.021463
-0.005254
0.021840
0.003360
0.021840
0.003360
0.013068
0.017819
0.013068
0.017819
0.013258
-0.017678
0.013258
-0.017678
0.021875
-0.003125
0.021875
-0.003125
0.021406
0.005484
0.021406
0.005484
0.011258
0.019014
0.011258
0.019014
0.019924
0.009555
0.019924
0.009555
0.007332
0.020845
0.007332
0.020845
-0.001203
0.022064
-0.001203
0.022064
-0.016452
0.014751
-0.016452
0.014751
0.014110
-0.017006
0.014110
-0.017006
0.022002
-0.002048
0.022002
-0.002048
0.021111
0.006528
0.021111
0.006528
0.010312
0.019543
0.010312
0.019543
0.019432
0.010521
0.019432
0.010521
0.006301
0.021180
0.006301
0.021180
-0.002284
0.021979
-0.002284
0.021979
-0.017156
0.013926
-0.017156
0.013926
0.018307
0.012375
0.018307
0.012375
0.004194
0.021695
0.004194
0.021695
-0.004427
0.021649
-0.004427
0.021649
-0.018439
0.012178
-0.018439
0.012178
-0.008566
0.020369
-0.008566
0.020369
-0.020460
0.008346
-0.020460
0.008346
-0.022097
-0.000119
-0.022097
-0.000119
-0.015541
-0.015709
-0.015541
-0.015709
0.015685
0.015565
0.015685
0.015565
0.000085
0.022097
0.000085
0.022097
-0.008378
0.020447
-0.008378
0.020447
-0.020382
0.008534
-0.020382
0.008534
-0.012206
0.018420
-0.012206
0.018420
-0.021656
0.004394
-0.021656
0.004394
-0.021689
-0.004228
-0.021689
-0.004228
-0.012347
-0.018326
-0.012347
-0.018326
-0.013953
0.017135
-0.013953
0.017135
-0.021982
0.002250
-0.021982
0.002250
-0.021170
-0.006333
-0.021170
-0.006333
-0.010491
-0.019448
-0.010491
-0.019448
-0.019528
-0.010342
-0.019528
-0.010342
-0.006495
-0.021121
-0.006495
-0.021121
0.002082
-0.021999
0.002082
-0.021999
0.017027
-0.014084
0.017027
-0.014084
-0.014777
0.016430
-0.014777
0.016430
-0.022066
0.001169
-0.022066
0.001169
-0.020834
-0.007364
-0.020834
-0.007364
-0.009524
-0.019939
-0.009524
-0.019939
-0.018997
-0.011287
-0.018997
-0.011287
-0.005451
-0.021414
-0.005451
-0.021414
0.003158
-0.021870
0.003158
-0.021870
0.017698
-0.013231
0.017698
-0.013231
-0.017799
-0.013095
-0.017799
-0.013095
-0.003326
-0.021845
-0.003326
-0.021845
0.005287
-0.021455
0.005287
-0.021455
0.018910
-0.011433
0.018910
-0.011433
0.009371
-0.020012
0.009371
-0.020012
0.020777
-0.007524
0.020777
-0.007524
0.022074
0.001000
0.022074
0.001000
0.014902
0.016316
0.014902
0.016316
-0.015175
0.016062
-0.015175
0.016062
-0.022088
0.000627
-0.022088
0.000627
-0.020647
-0.007873
-0.020647
-0.007873
-0.009032
-0.020167
-0.009032
-0.020167
-0.018714
-0.011750
-0.018714
-0.011750
-0.004924
-0.021541
-0.004924
-0.021541
0.003694
-0.021786
0.003694
-0.021786
0.018017
-0.012793
0.018017
-0.012793
-0.017472
-0.013528
-0.017472
-0.013528
-0.002789
-0.021920
-0.002789
-0.021920
0.005812
-0.021319
0.005812
-0.021319
0.019184
-0.010965
0.019184
-0.010965
0.009859
-0.019776
0.009859
-0.019776
0.020955
-0.007012
0.020955
-0.007012
0.022043
0.001541
0.022043
0.001541
0.014497
0.016677
0.014497
0.016677
-0.016787
-0.014369
-0.016787
-0.014369
-0.001710
-0.022031
-0.001710
-0.022031
0.006851
-0.021008
0.006851
-0.021008
0.019699
-0.010011
0.019699
-0.010011
0.010818
-0.019268
0.010818
-0.019268
0.021274
-0.005975
0.021274
-0.005975
0.021941
0.002621
0.021941
0.002621
0.013661
0.017368
0.013661
0.017368
0.012654
-0.018115
0.012654
-0.018115
0.021757
-0.003861
0.021757
-0.003861
0.021579
0.004759
0.021579
0.004759
0.011893
0.018623
0.011893
0.018623
0.020236
0.008877
0.020236
0.008877
0.008032
0.020586
0.008032
0.020586
-0.000458
0.022092
-0.000458
0.022092
-0.015945
0.015298
-0.015945
0.015298
-0.015371
0.015875
-0.015371
0.015875
-0.022094
0.000356
-0.022094
0.000356
-0.020549
-0.008126
-0.020549
-0.008126
-0.008784
-0.020276
-0.008784
-0.020276
-0.018568
-0.011979
-0.018568
-0.011979
-0.004659
-0.021600
-0.004659
-0.021600
0.003961
-0.021739
0.003961
-0.021739
0.018173
-0.012571
0.018173
-0.012571
-0.017305
-0.013741
-0.017305
-0.013741
-0.002520
-0.021953
-0.002520
-0.021953
0.006073
-0.021246
0.006073
-0.021246
0.019318
-0.010729
0.019318
-0.010729
0.010101
-0.019653
0.010101
-0.019653
0.021039
-0.006754
0.021039
-0.006754
0.022023
0.001811
0.022023
0.001811
0.014292
0.016853
0.014292
0.016853
-0.016610
-0.014574
-0.016610
-0.014574
-0.001440
-0.022050
-0.001440
-0.022050
0.007108
-0.020923
0.007108
-0.020923
0.019821
-0.009768
0.019821
-0.009768
0.011053
-0.019134
0.011053
-0.019134
0.021346
-0.005714
0.021346
-0.005714
0.021907
0.002890
0.021907
0.002890
0.013447
0.017534
0.013447
0.017534
0.012876
-0.017958
0.012876
-0.017958
0.021803
-0.003594
0.021803
-0.003594
0.021519
0.005023
0.021519
0.005023
0.011664
0.018768
0.011664
0.018768
0.020125
0.009125
0.020125
0.009125
0.007778
0.020683
0.007778
0.020683
-0.000729
0.022085
-0.000729
0.022085
-0.016132
0.015101
-0.016132
0.015101
-0.016247
-0.014977
-0.016247
-0.014977
-0.000898
-0.022079
-0.000898
-0.022079
0.007620
-0.020742
0.007620
-0.020742
0.020054
-0.009279
0.020054
-0.009279
0.011520
-0.018857
0.011520
-0.018857
0.021479
-0.005188
0.021479
-0.005188
0.021830
0.003427
0.021830
0.003427
0.013013
0.017859
0.013013
0.017859
0.013312
-0.017637
0.013312
-0.017637
0.021884
-0.003058
0.021884
-0.003058
0.021389
0.005550
0.021389
0.005550
0.011200
0.019048
0.011200
0.019048
0.019895
0.009616
0.019895
0.009616
0.007268
0.020867
0.007268
0.020867
-0.001270
0.022060
-0.001270
0.022060
-0.016497
0.014701
-0.016497
0.014701
0.014162
-0.016962
0.014162
-0.016962
0.022008
-0.001980
0.022008
-0.001980
0.021091
0.006593
0.021091
0.006593
0.010252
0.019575
0.010252
0.019575
0.019399
0.010581
0.019399
0.010581
0.006236
0.021199
0.006236
0.021199
-0.002351
0.021972
-0.002351
0.021972
-0.017199
0.013874
-0.017199
0.013874
0.018269
0.012431
0.018269
0.012431
0.004128
0.021708
0.004128
0.021708
-0.004494
0.021635
-0.004494
0.021635
-0.018476
0.012121
-0.018476
0.012121
-0.008628
0.020343
-0.008628
0.020343
-0.020486
0.008284
-0.020486
0.008284
-0.022096
-0.000186
-0.022096
-0.000186
-0.015493
-0.015756
-0.015493
-0.015756
-0.015468
0.015780
-0.015468
0.015780
-0.022096
0.000220
-0.022096
0.000220
-0.020498
-0.008252
-0.020498
-0.008252
-0.008659
-0.020330
-0.008659
-0.020330
-0.018495
-0.012093
-0.018495
-0.012093
-0.004527
-0.021628
-0.004527
-0.021628
0.004095
-0.021714
0.004095
-0.021714
0.018250
-0.012459
0.018250
-0.012459
-0.017220
-0.013847
-0.017220
-0.013847
-0.002385
-0.021968
-0.002385
-0.021968
0.006203
-0.021208
0.006203
-0.021208
0.019383
-0.010610
0.019383
-0.010610
0.010222
-0.019591
0.010222
-0.019591
0.021081
-0.006625
0.021081
-0.006625
0.022011
0.001947
0.022011
0.001947
0.014188
0.016941
0.014188
0.016941
-0.016520
-0.014675
-0.016520
-0.014675
-0.001304
-0.022059
-0.001304
-0.022059
0.007236
-0.020879
0.007236
-0.020879
0.019880
-0.009646
0.019880
-0.009646
0.011171
-0.019066
0.011171
-0.019066
0.021380
-0.005583
0.021380
-0.005583
0.021889
0.003024
0.021889
0.003024
0.013340
0.017616
0.013340
0.017616
0.012986
-0.017879
0.012986
-0.017879
0.021824
-0.003460
0.021824
-0.003460
0.021487
0.005155
0.021487
0.005155
0.011549
0.018839
0.011549
0.018839
0.020069
0.009248
0.020069
0.009248
0.007651
0.020730
0.007651
0.020730
-0.000864
0.022080
-0.000864
0.022080
-0.016224
0.015002
-0.016224
0.015002
-0.016155
-0.015076
-0.016155
-0.015076
-0.000763
-0.022084
-0.000763
-0.022084
0.007747
-0.020695
0.007747
-0.020695
0.020111
-0.009156
0.020111
-0.009156
0.011635
-0.018786
0.011635
-0.018786
0.021511
-0.005056
0.021511
-0.005056
0.021808
0.003560
0.021808
0.003560
0.012903
0.017938
0.012903
0.017938
0.013420
-0.017555
0.013420
-0.017555
0.021903
-0.002923
0.021903
-0.002923
0.021354
0.005681
0.021354
0.005681
0.011083
0.019117
0.011083
0.019117
0.019836
0.009738
0.019836
0.009738
0.007140
0.020912
0.007140
0.020912
-0.001406
0.022052
-0.001406
0.022052
-0.016587
0.014599
-0.016587
0.014599
0.014266
-0.016875
0.014266
-0.016875
0.022020
-0.001845
0.022020
-0.001845
0.021050
0.006722
0.021050
0.006722
0.010131
0.019638
0.010131
0.019638
0.019334
0.010699
0.019334
0.010699
0.006106
0.021237
0.006106
0.021237
-0.002486
0.021957
-0.002486
0.021957
-0.017284
0.013768
-0.017284
0.013768
0.018192
0.012543
0.018192
0.012543
0.003995
0.021733
0.003995
0.021733
-0.004626
0.021607
-0.004626
0.021607
-0.018550
0.012007
-0.018550
0.012007
-0.008753
0.020290
-0.008753
0.020290
-0.020536
0.008158
-0.020536
0.008158
-0.022095
-0.000322
-0.022095
-0.000322
-0.015396
-0.015851
-0.015396
-0.015851
-0.015969
-0.015274
-0.015969
-0.015274
-0.000491
-0.022092
-0.000491
-0.022092
0.008000
-0.020598
0.008000
-0.020598
0.020222
-0.008908
0.020222
-0.008908
0.011865
-0.018642
0.011865
-0.018642
0.021571
-0.004792
0.021571
-0.004792
0.021763
0.003828
0.021763
0.003828
0.012682
0.018095
0.012682
0.018095
0.013635
-0.017389
0.013635
-0.017389
0.021937
-0.002654
0.021937
-0.002654
0.021283
0.005943
0.021283
0.005943
0.010847
0.019251
0.010847
0.019251
0.019715
0.009980
0.019715
0.009980
0.006883
0.020998
0.006883
0.020998
-0.001676
0.022033
-0.001676
0.022033
-0.016765
0.014395
-0.016765
0.014395
0.014472
-0.016699
0.014472
-0.016699
0.022041
-0.001575
0.022041
-0.001575
0.020966
0.006980
0.020966
0.006980
0.009890
0.019760
0.009890
0.019760
0.019201
0.010936
0.019201
0.010936
0.005845
0.021310
0.005845
0.021310
-0.002755
0.021925
-0.002755
0.021925
-0.017451
0.013555
-0.017451
0.013555
0.018037
0.012765
0.018037
0.012765
0.003728
0.021780
0.003728
0.021780
-0.004891
0.021549
-0.004891
0.021549
-0.018696
0.011779
-0.018696
0.011779
-0.009001
0.020181
-0.009001
0.020181
-0.020635
0.007905
-0.020635
0.007905
-0.022089
-0.000593
-0.022089
-0.000593
-0.015200
-0.016039
-0.015200
-0.016039
0.014877
-0.016339
0.014877
-0.016339
0.022073
-0.001033
0.022073
-0.001033
0.020788
0.007492
0.020788
0.007492
0.009402
0.019997
0.009402
0.019997
0.018927
0.011404
0.018927
0.011404
0.005320
0.021447
0.005320
0.021447
-0.003293
0.021850
-0.003293
0.021850
-0.017779
0.013122
-0.017779
0.013122
0.017718
0.013204
0.017718
0.013204
0.003192
0.021865
0.003192
0.021865
-0.005418
0.021422
-0.005418
0.021422
-0.018979
0.011316
-0.018979
0.011316
-0.009494
0.019954
-0.009494
0.019954
-0.020822
0.007396
-0.020822
0.007396
-0.022068
-0.001135
-0.022068
-0.001135
-0.014802
-0.016407
-0.014802
-0.016407
0.017049
0.014057
0.017049
0.014057
0.002115
0.021996
0.002115
0.021996
-0.006463
0.021131
-0.006463
0.021131
-0.019512
0.010372
-0.019512
0.010372
-0.010461
0.019464
-0.010461
0.019464
-0.021160
0.006366
-0.021160
0.006366
-0.021986
-0.002216
-0.021986
-0.002216
-0.013979
-0.017113
-0.013979
-0.017113
-0.012319
0.018345
-0.012319
0.018345
-0.021682
0.004261
-0.021682
0.004261
-0.021662
-0.004361
-0.021662
-0.004361
-0.012234
-0.018401
-0.012234
-0.018401
-0.020395
-0.008503
-0.020395
-0.008503
-0.008409
-0.020434
-0.008409
-0.020434
0.000051
-0.022097
0.000051
-0.022097
0.015661
-0.015589
0.015661
-0.015589
0.015661
0.015589
0.015661
0.015589
0.000051
0.022097
0.000051
0.022097
-0.008409
0.020434
-0.008409
0.020434
-0.020395
0.008503
-0.020395
0.008503
-0.012234
0.018401
-0.012234
0.018401
-0.021662
0.004361
-0.021662
0.004361
-0.021682
-0.004261
-0.021682
-0.004261
-0.012319
-0.018345
-0.012319
-0.018345
-0.013979
0.017113
-0.013979
0.017113
-0.021986
0.002216
-0.021986
0.002216
-0.021160
-0.006366
-0.021160
-0.006366
-0.010461
-0.019464
-0.010461
-0.019464
-0.019512
-0.010372
-0.019512
-0.010372
-0.006463
-0.021131
-0.006463
-0.021131
0.002115
-0.021996
0.002115
-0.021996
0.017049
-0.014057
0.017049
-0.014057
-0.014802
0.016407
-0.014802
0.016407
-0.022068
0.001135
-0.022068
0.001135
-0.020822
-0.007396
-0.020822
-0.007396
-0.009494
-0.019954
-0.009494
-0.019954
-0.018979
-0.011316
-0.018979
-0.011316
-0.005418
-0.021422
-0.005418
-0.021422
0.003192
-0.021865
0.003192
-0.021865
0.017718
-0.013204
0.017718
-0.013204
-0.017779
-0.013122
-0.017779
-0.013122
-0.003293
-0.021850
-0.003293
-0.021850
0.005320
-0.021447
0.005320
-0.021447
0.018927
-0.011404
0.018927
-0.011404
0.009402
-0.019997
0.009402
-0.019997
0.020788
-0.007492
0.020788
-0.007492
0.022073
0.001033
0.022073
0.001033
0.014877
0.016339
0.014877
0.016339
-0.015200
0.016039
-0.015200
0.016039
-0.022089
0.000593
-0.022089
0.000593
-0.020635
-0.007905
-0.020635
-0.007905
-0.009001
-0.020181
-0.009001
-0.020181
-0.018696
-0.011779
-0.018696
-0.011779
-0.004891
-0.021549
-0.004891
-0.021549
0.003728
-0.021780
0.003728
-0.021780
0.018037
-0.012765
0.018037
-0.012765
-0.017451
-0.013555
-0.017451
-0.013555
-0.002755
-0.021925
-0.002755
-0.021925
0.005845
-0.021310
0.005845
-0.021310
0.019201
-0.010936
0.019201
-0.010936
0.009890
-0.019760
0.009890
-0.019760
0.020966
-0.006980
0.020966
-0.006980
0.022041
0.001575
0.022041
0.001575
0.014472
0.016699
0.014472
0.016699
-0.016765
-0.014395
-0.016765
-0.014395
-0.001676
-0.022033
-0.001676
-0.022033
0.006883
-0.020998
0.006883
-0.020998
0.019715
-0.009980
0.019715
-0.009980
0.010847
-0.019251
0.010847
-0.019251
0.021283
-0.005943
0.021283
-0.005943
0.021937
0.002654
0.021937
0.002654
0.013635
0.017389
0.013635
0.017389
0.012682
-0.018095
0.012682
-0.018095
0.021763
-0.003828
0.021763
-0.003828
0.021571
0.004792
0.021571
0.004792
0.011865
0.018642
0.011865
0.018642
0.020222
0.008908
0.020222
0.008908
0.008000
0.020598
0.008000
0.020598
-0.000491
0.022092
-0.000491
0.022092
-0.015969
0.015274
-0.015969
0.015274
-0.015396
0.015851
-0.015396
0.015851
-0.022095
0.000322
-0.022095
0.000322
-0.020536
-0.008158
-0.020536
-0.008158
-0.008753
-0.020290
-0.008753
-0.020290
-0.018550
-0.012007
-0.018550
-0.012007
-0.004626
-0.021607
-0.004626
-0.021607
0.003995
-0.021733
0.003995
-0.021733
0.018192
-0.012543
0.018192
-0.012543
-0.017284
-0.013768
-0.017284
-0.013768
-0.002486
-0.021957
-0.002486
-0.021957
0.006106
-0.021237
0.006106
-0.021237
0.019334
-0.010699
0.019334
-0.010699
0.010131
-0.019638
0.010131
-0.019638
0.021050
-0.006722
0.021050
-0.006722
0.022020
0.001845
0.022020
0.001845
0.014266
0.016875
0.014266
0.016875
-0.016587
-0.014599
-0.016587
-0.014599
-0.001406
-0.022052
-0.001406
-0.022052
0.007140
-0.020912
0.007140
-0.020912
0.019836
-0.009738
0.019836
-0.009738
0.011083
-0.019117
0.011083
-0.019117
0.021354
-0.005681
0.021354
-0.005681
0.021903
0.002923
0.021903
0.002923
0.013420
0.017555
0.013420
0.017555
0.012903
-0.017938
0.012903
-0.017938
0.021808
-0.003560
0.021808
-0.003560
0.021511
0.005056
0.021511
0.005056
0.011635
0.018786
0.011635
0.018786
0.020111
0.009156
0.020111
0.009156
0.007747
0.020695
0.007747
0.020695
-0.000763
0.022084
-0.000763
0.022084
-0.016155
0.015076
-0.016155
0.015076
-0.016224
-0.015002
-0.016224
-0.015002
-0.000864
-0.022080
-0.000864
-0.022080
0.007651
-0.020730
0.007651
-0.020730
0.020069
-0.009248
0.020069
-0.009248
0.011549
-0.018839
0.011549
-0.018839
0.021487
-0.005155
0.021487
-0.005155
0.021824
0.003460
0.021824
0.003460
0.012986
0.017879
0.012986
0.017879
0.013340
-0.017616
0.013340
-0.017616
0.021889
-0.003024
0.021889
-0.003024
0.021380
0.005583
0.021380
0.005583
0.011171
0.019066
0.011171
0.019066
0.019880
0.009646
0.019880
0.009646
0.007236
0.020879
0.007236
0.020879
-0.001304
0.022059
-0.001304
0.022059
-0.016520
0.014675
-0.016520
0.014675
0.014188
-0.016941
0.014188
-0.016941
0.022011
-0.001947
0.022011
-0.001947
0.021081
0.006625
0.021081
0.006625
0.010222
0.019591
0.010222
0.019591
0.019383
0.010610
0.019383
0.010610
0.006203
0.021208
0.006203
0.021208
-0.002385
0.021968
-0.002385
0.021968
-0.017220
0.013847
-0.017220
0.013847
0.018250
0.012459
0.018250
0.012459
0.004095
0.021714
0.004095
0.021714
-0.004527
0.021628
-0.004527
0.021628
-0.018495
0.012093
-0.018495
0.012093
-0.008659
0.020330
-0.008659
0.020330
-0.020498
0.008252
-0.020498
0.008252
-0.022096
-0.000220
-0.022096
-0.000220
-0.015468
-0.015780
-0.015468
-0.015780
-0.015493
0.015756
-0.015493
0.015756
-0.022096
0.000186
-0.022096
0.000186
-0.020486
-0.008284
-0.020486
-0.008284
-0.008628
-0.020343
-0.008628
-0.020343
-0.018476
-0.012121
-0.018476
-0.012121
-0.004494
-0.021635
-0.004494
-0.021635
0.004128
-0.021708
0.004128
-0.021708
0.018269
-0.012431
0.018269
-0.012431
-0.017199
-0.013874
-0.017199
-0.013874
-0.002351
-0.021972
-0.002351
-0.021972
0.006236
-0.021199
0.006236
-0.021199
0.019399
-0.010581
0.019399
-0.010581
0.010252
-0.019575
0.010252
-0.019575
0.021091
-0.006593
0.021091
-0.006593
0.022008
0.001980
0.022008
0.001980
0.014162
0.016962
0.014162
0.016962
-0.016497
-0.014701
-0.016497
-0.014701
-0.001270
-0.022060
-0.001270
-0.022060
0.007268
-0.020867
0.007268
-0.020867
0.019895
-0.009616
0.019895
-0.009616
0.011200
-0.019048
0.011200
-0.019048
0.021389
-0.005550
0.021389
-0.005550
0.021884
0.003058
0.021884
0.003058
0.013312
0.017637
0.013312
0.017637
0.013013
-0.017859
0.013013
-0.017859
0.021830
-0.003427
0.021830
-0.003427
0.021479
0.005188
0.021479
0.005188
0.011520
0.018857
0.011520
0.018857
0.020054
0.009279
0.020054
0.009279
0.007620
0.020742
0.007620
0.020742
-0.000898
0.022079
-0.000898
0.022079
-0.016247
0.014977
-0.016247
0.014977
-0.016132
-0.015101
-0.016132
-0.015101
-0.000729
-0.022085
-0.000729
-0.022085
0.007778
-0.020683
0.007778
-0.020683
0.020125
-0.009125
0.020125
-0.009125
0.011664
-0.018768
0.011664
-0.018768
0.021519
-0.005023
0.021519
-0.005023
0.021803
0.003594
0.021803
0.003594
0.012876
0.017958
0.012876
0.017958
0.013447
-0.017534
0.013447
-0.017534
0.021907
-0.002890
0.021907
-0.002890
0.021346
0.005714
0.021346
0.005714
0.011053
0.019134
0.011053
0.019134
0.019821
0.009768
0.019821
0.009768
0.007108
0.020923
0.007108
0.020923
-0.001440
0.022050
-0.001440
0.022050
-0.016610
0.014574
-0.016610
0.014574
0.014292
-0.016853
0.014292
-0.016853
0.022023
-0.001811
0.022023
-0.001811
0.021039
0.006754
0.021039
0.006754
0.010101
0.019653
0.010101
0.019653
0.019318
0.010729
0.019318
0.010729
0.006073
0.021246
0.006073
0.021246
-0.002520
0.021953
-0.002520
0.021953
-0.017305
0.013741
-0.017305
0.013741
0.018173
0.012571
0.018173
0.012571
0.003961
0.021739
0.003961
0.021739
-0.004659
0.021600
-0.004659
0.021600
-0.018568
0.011979
-0.018568
0.011979
-0.008784
0.020276
-0.008784
0.020276
-0.020549
0.008126
-0.020549
0.008126
-0.022094
-0.000356
-0.022094
-0.000356
-0.015371
-0.015875
-0.015371
-0.015875
-0.015945
-0.015298
-0.015945
-0.015298
-0.000458
-0.022092
-0.000458
-0.022092
0.008032
-0.020586
0.008032
-0.020586
0.020236
-0.008877
0.020236
-0.008877
0.011893
-0.018623
0.011893
-0.018623
0.021579
-0.004759
0.021579
-0.004759
0.021757
0.003861
0.021757
0.003861
0.012654
0.018115
0.012654
0.018115
0.013661
-0.017368
0.013661
-0.017368
0.021941
-0.002621
0.021941
-0.002621
0.021274
0.005975
0.021274
0.005975
0.010818
0.019268
0.010818
0.019268
0.019699
0.010011
0.019699
0.010011
0.006851
0.021008
0.006851
0.021008
-0.001710
0.022031
-0.001710
0.022031
-0.016787
0.014369
-0.016787
0.014369
0.014497
-0.016677
0.014497
-0.016677
0.022043
-0.001541
0.022043
-0.001541
0.020955
0.007012
0.020955
0.007012
0.009859
0.019776
0.009859
0.019776
0.019184
0.010965
0.019184
0.010965
0.005812
0.021319
0.005812
0.021319
-0.002789
0.021920
-0.002789
0.021920
-0.017472
0.013528
-0.017472
0.013528
0.018017
0.012793
0.018017
0.012793
0.003694
0.021786
0.003694
0.021786
-0.004924
0.021541
-0.004924
0.021541
-0.018714
0.011750
-0.018714
0.011750
-0.009032
0.020167
-0.009032
0.020167
-0.020647
0.007873
-0.020647
0.007873
-0.022088
-0.000627
-0.022088
-0.000627
-0.015175
-0.016062
-0.015175
-0.016062
0.014902
-0.016316
0.014902
-0.016316
0.022074
-0.001000
0.022074
-0.001000
0.020777
0.007524
0.020777
0.007524
0.009371
0.020012
0.009371
0.020012
0.018910
0.011433
0.018910
0.011433
0.005287
0.021455
0.005287
0.021455
-0.003326
0.021845
-0.003326
0.021845
-0.017799
0.013095
-0.017799
0.013095
0.017698
0.013231
0.017698
0.013231
0.003158
0.021870
0.003158
0.021870
-0.005451
0.021414
-0.005451
0.021414
-0.018997
0.011287
-0.018997
0.011287
-0.009524
0.019939
-0.009524
0.019939
-0.020834
0.007364
-0.020834
0.007364
-0.022066
-0.001169
-0.022066
-0.001169
-0.014777
-0.016430
-0.014777
-0.016430
0.017027
0.014084
0.017027
0.014084
0.002082
0.021999
0.002082
0.021999
-0.006495
0.021121
-0.006495
0.021121
-0.019528
0.010342
-0.019528
0.010342
-0.010491
0.019448
-0.010491
0.019448
-0.021170
0.006333
-0.021170
0.006333
-0.021982
-0.002250
-0.021982
-0.002250
-0.013953
-0.017135
-0.013953
-0.017135
-0.012347
0.018326
-0.012347
0.018326
-0.021689
0.004228
-0.021689
0.004228
-0.021656
-0.004394
-0.021656
-0.004394
-0.012206
-0.018420
-0.012206
-0.018420
-0.020382
-0.008534
-0.020382
-0.008534
-0.008378
-0.020447
-0.008378
-0.020447
0.000085
-0.022097
0.000085
-0.022097
0.015685
-0.015565
0.015685
-0.015565
-0.015541
0.015709
-0.015541
0.015709
-0.022097
0.000119
-0.022097
0.000119
-0.020460
-0.008346
-0.020460
-0.008346
-0.008566
-0.020369
-0.008566
-0.020369
-0.018439
-0.012178
-0.018439
-0.012178
-0.004427
-0.021649
-0.004427
-0.021649
0.004194
-0.021695
0.004194
-0.021695
0.018307
-0.012375
0.018307
-0.012375
-0.017156
-0.013926
-0.017156
-0.013926
-0.002284
-0.021979
-0.002284
-0.021979
0.006301
-0.021180
0.006301
-0.021180
0.019432
-0.010521
0.019432
-0.010521
0.010312
-0.019543
0.010312
-0.019543
0.021111
-0.006528
0.021111
-0.006528
0.022002
0.002048
0.022002
0.002048
0.014110
0.017006
0.014110
0.017006
-0.016452
-0.014751
-0.016452
-0.014751
-0.001203
-0.022064
-0.001203
-0.022064
0.007332
-0.020845
0.007332
-0.020845
0.019924
-0.009555
0.019924
-0.009555
0.011258
-0.019014
0.011258
-0.019014
0.021406
-0.005484
0.021406
-0.005484
0.021875
0.003125
0.021875
0.003125
0.013258
0.017678
0.013258
0.017678
0.013068
-0.017819
0.013068
-0.017819
0.021840
-0.003360
0.021840
-0.003360
0.021463
0.005254
0.021463
0.005254
0.011462
0.018892
0.011462
0.018892
0.020026
0.009340
0.020026
0.009340
0.007556
0.020765
0.007556
0.020765
-0.000966
0.022076
-0.000966
0.022076
-0.016293
0.014927
-0.016293
0.014927
-0.016085
-0.015151
-0.016085
-0.015151
-0.000661
-0.022087
-0.000661
-0.022087
0.007842
-0.020659
0.007842
-0.020659
0.020153
-0.009063
0.020153
-0.009063
0.011721
-0.018732
0.011721
-0.018732
0.021534
-0.004957
0.021534
-0.004957
0.021792
0.003661
0.021792
0.003661
0.012820
0.017998
0.012820
0.017998
0.013501
-0.017493
0.013501
-0.017493
0.021916
-0.002823
0.021916
-0.002823
0.021328
0.005779
0.021328
0.005779
0.010995
0.019168
0.010995
0.019168
0.019791
0.009829
0.019791
0.009829
0.007044
0.020944
0.007044
0.020944
-0.001507
0.022046
-0.001507
0.022046
-0.016654
0.014523
-0.016654
0.014523
0.014343
-0.016809
0.014343
-0.016809
0.022028
-0.001744
0.022028
-0.001744
0.021019
0.006819
0.021019
0.006819
0.010041
0.019684
0.010041
0.019684
0.019285
0.010788
0.019285
0.010788
0.006008
0.021265
0.006008
0.021265
-0.002587
0.021945
-0.002587
0.021945
-0.017347
0.013688
-0.017347
0.013688
0.018134
0.012626
0.018134
0.012626
0.003895
0.021751
0.003895
0.021751
-0.004726
0.021586
-0.004726
0.021586
-0.018605
0.011922
-0.018605
0.011922
-0.008846
0.020249
-0.008846
0.020249
-0.020573
0.008063
-0.020573
0.008063
-0.022093
-0.000424
-0.022093
-0.000424
-0.015323
-0.015922
-0.015323
-0.015922
-0.015898
-0.015347
-0.015898
-0.015347
-0.000390
-0.022094
-0.000390
-0.022094
0.008095
-0.020561
0.008095
-0.020561
0.020263
-0.008815
0.020263
-0.008815
0.011950
-0.018587
0.011950
-0.018587
0.021593
-0.004693
0.021593
-0.004693
0.021745
0.003928
0.021745
0.003928
0.012599
0.018154
0.012599
0.018154
0.013715
-0.017326
0.013715
-0.017326
0.021949
-0.002553
0.021949
-0.002553
0.021255
0.006040
0.021255
0.006040
0.010759
0.019301
0.010759
0.019301
0.019669
0.010071
0.019669
0.010071
0.006786
0.021029
0.006786
0.021029
-0.001778
0.022025
-0.001778
0.022025
-0.016831
0.014317
-0.016831
0.014317
0.014548
-0.016632
0.014548
-0.016632
0.022048
-0.001473
0.022048
-0.001473
0.020933
0.007076
0.020933
0.007076
0.009799
0.019806
0.009799
0.019806
0.019151
0.011024
0.019151
0.011024
0.005746
0.021337
0.005746
0.021337
-0.002856
0.021912
-0.002856
0.021912
-0.017514
0.013474
-0.017514
0.013474
0.017978
0.012848
0.017978
0.012848
0.003627
0.021797
0.003627
0.021797
-0.004990
0.021526
-0.004990
0.021526
-0.018750
0.011693
-0.018750
0.011693
-0.009094
0.020139
-0.009094
0.020139
-0.020671
0.007810
-0.020671
0.007810
-0.022086
-0.000695
-0.022086
-0.000695
-0.015126
-0.016109
-0.015126
-0.016109
0.014952
-0.016270
0.014952
-0.016270
0.022077
-0.000932
0.022077
-0.000932
0.020753
0.007588
0.020753
0.007588
0.009310
0.020040
0.009310
0.020040
0.018874
0.011491
0.018874
0.011491
0.005221
0.021471
0.005221
0.021471
-0.003393
0.021835
-0.003393
0.021835
-0.017839
0.013040
-0.017839
0.013040
0.017657
0.013285
0.017657
0.013285
0.003091
0.021880
0.003091
0.021880
-0.005517
0.021397
-0.005517
0.021397
-0.019031
0.011229
-0.019031
0.011229
-0.009585
0.019910
-0.009585
0.019910
-0.020856
0.007300
-0.020856
0.007300
-0.022062
-0.001237
-0.022062
-0.001237
-0.014726
-0.016475
-0.014726
-0.016475
0.016984
0.014136
0.016984
0.014136
0.002014
0.022005
0.002014
0.022005
-0.006560
0.021101
-0.006560
0.021101
-0.019559
0.010282
-0.019559
0.010282
-0.010551
0.019415
-0.010551
0.019415
-0.021189
0.006268
-0.021189
0.006268
-0.021975
-0.002318
-0.021975
-0.002318
-0.013900
-0.017178
-0.013900
-0.017178
-0.012403
0.018288
-0.012403
0.018288
-0.021702
0.004161
-0.021702
0.004161
-0.021642
-0.004460
-0.021642
-0.004460
-0.012149
-0.018457
-0.012149
-0.018457
-0.020356
-0.008597
-0.020356
-0.008597
-0.008315
-0.020473
-0.008315
-0.020473
0.000153
-0.022097
0.000153
-0.022097
0.015732
-0.015517
0.015732
-0.015517
-0.015804
-0.015444
-0.015804
-0.015444
-0.000254
-0.022096
-0.000254
-0.022096
0.008221
-0.020511
0.008221
-0.020511
0.020316
-0.008690
0.020316
-0.008690
0.012064
-0.018513
0.012064
-0.018513
0.021621
-0.004560
0.021621
-0.004560
0.021721
0.004061
0.021721
0.004061
0.012487
0.018231
0.012487
0.018231
0.013821
-0.017241
0.013821
-0.017241
0.021964
-0.002419
0.021964
-0.002419
0.021218
0.006171
0.021218
0.006171
0.010640
0.019367
0.010640
0.019367
0.019606
0.010192
0.019606
0.010192
0.006657
0.021070
0.006657
0.021070
-0.001913
0.022014
-0.001913
0.022014
-0.016919
0.014214
-0.016919
0.014214
0.014650
-0.016542
0.014650
-0.016542
0.022057
-0.001338
0.022057
-0.001338
0.020890
0.007204
0.020890
0.007204
0.009677
0.019865
0.009677
0.019865
0.019083
0.011141
0.019083
0.011141
0.005615
0.021372
0.005615
0.021372
-0.002991
0.021894
-0.002991
0.021894
-0.017596
0.013367
-0.017596
0.013367
0.017899
0.012958
0.017899
0.012958
0.003494
0.021819
0.003494
0.021819
-0.005122
0.021495
-0.005122
0.021495
-0.018821
0.011577
-0.018821
0.011577
-0.009217
0.020083
-0.009217
0.020083
-0.020718
0.007683
-0.020718
0.007683
-0.022081
-0.000830
-0.022081
-0.000830
-0.015027
-0.016201
-0.015027
-0.016201
0.015052
-0.016178
0.015052
-0.016178
0.022083
-0.000796
0.022083
-0.000796
0.020707
0.007715
0.020707
0.007715
0.009186
0.020097
0.009186
0.020097
0.018804
0.011606
0.018804
0.011606
0.005089
0.021503
0.005089
0.021503
-0.003527
0.021814
-0.003527
0.021814
-0.017919
0.012931
-0.017919
0.012931
0.017575
0.013393
0.017575
0.013393
0.002957
0.021898
0.002957
0.021898
-0.005648
0.021363
-0.005648
0.021363
-0.019100
0.011112
-0.019100
0.011112
-0.009707
0.019851
-0.009707
0.019851
-0.020901
0.007172
-0.020901
0.007172
-0.022054
-0.001372
-0.022054
-0.001372
-0.014625
-0.016565
-0.014625
-0.016565
0.016897
0.014240
0.016897
0.014240
0.001879
0.022017
0.001879
0.022017
-0.006690
0.021060
-0.006690
0.021060
-0.019622
0.010162
-0.019622
0.010162
-0.010670
0.019350
-0.010670
0.019350
-0.021227
0.006138
-0.021227
0.006138
-0.021961
-0.002452
-0.021961
-0.002452
-0.013794
-0.017263
-0.013794
-0.017263
-0.012515
0.018211
-0.012515
0.018211
-0.021727
0.004028
-0.021727
0.004028
-0.021614
-0.004593
-0.021614
-0.004593
-0.012036
-0.018532
-0.012036
-0.018532
-0.020303
-0.008722
-0.020303
-0.008722
-0.008189
-0.020524
-0.008189
-0.020524
0.000288
-0.022095
0.000288
-0.022095
0.015827
-0.015420
0.015827
-0.015420
0.015249
-0.015992
0.015249
-0.015992
0.022091
-0.000525
0.022091
-0.000525
0.020610
0.007968
0.020610
0.007968
0.008939
0.020208
0.008939
0.020208
0.018660
0.011836
0.018660
0.011836
0.004825
0.021564
0.004825
0.021564
-0.003794
0.021769
-0.003794
0.021769
-0.018076
0.012710
-0.018076
0.012710
0.017410
0.013608
0.017410
0.013608
0.002688
0.021933
0.002688
0.021933
-0.005910
0.021292
-0.005910
0.021292
-0.019235
0.010877
-0.019235
0.010877
-0.009950
0.019730
-0.009950
0.019730
-0.020987
0.006915
-0.020987
0.006915
-0.022036
-0.001642
-0.022036
-0.001642
-0.014420
-0.016743
-0.014420
-0.016743
0.016721
0.014446
0.016721
0.014446
0.001609
0.022038
0.001609
0.022038
-0.006948
0.020976
-0.006948
0.020976
-0.019745
0.009920
-0.019745
0.009920
-0.010906
0.019218
-0.010906
0.019218
-0.021301
0.005877
-0.021301
0.005877
-0.021929
-0.002722
-0.021929
-0.002722
-0.013581
-0.017431
-0.013581
-0.017431
-0.012738
0.018056
-0.012738
0.018056
-0.021775
0.003761
-0.021775
0.003761
-0.021556
-0.004858
-0.021556
-0.004858
-0.011808
-0.018678
-0.011808
-0.018678
-0.020194
-0.008970
-0.020194
-0.008970
-0.007937
-0.020622
-0.007937
-0.020622
0.000559
-0.022090
0.000559
-0.022090
0.016015
-0.015225
0.016015
-0.015225
0.016361
0.014852
0.016361
0.014852
0.001067
0.022071
0.001067
0.022071
-0.007460
0.020800
-0.007460
0.020800
-0.019983
0.009432
-0.019983
0.009432
-0.011375
0.018945
-0.011375
0.018945
-0.021439
0.005353
-0.021439
0.005353
-0.021855
-0.003259
-0.021855
-0.003259
-0.013150
-0.017759
-0.013150
-0.017759
-0.013177
0.017738
-0.013177
0.017738
-0.021860
0.003226
-0.021860
0.003226
-0.021431
-0.005386
-0.021431
-0.005386
-0.011346
-0.018962
-0.011346
-0.018962
-0.019968
-0.009463
-0.019968
-0.009463
-0.007428
-0.020811
-0.007428
-0.020811
0.001101
-0.022070
0.001101
-0.022070
0.016384
-0.014827
0.016384
-0.014827
-0.014031
0.017071
-0.014031
0.017071
-0.021992
0.002149
-0.021992
0.002149
-0.021141
-0.006431
-0.021141
-0.006431
-0.010402
-0.019496
-0.010402
-0.019496
-0.019480
-0.010431
-0.019480
-0.010431
-0.006398
-0.021150
-0.006398
-0.021150
0.002183
-0.021989
0.002183
-0.021989
0.017092
-0.014005
0.017092
-0.014005
-0.018364
-0.012291
-0.018364
-0.012291
-0.004294
-0.021676
-0.004294
-0.021676
0.004328
-0.021669
0.004328
-0.021669
0.018382
-0.012262
0.018382
-0.012262
0.008472
-0.020409
0.008472
-0.020409
0.020422
-0.008441
0.020422
-0.008441
0.022097
0.000017
0.022097
0.000017
0.015613
0.015637
0.015613
0.015637
