-0.124962
0.003068
-0.124962
0.003068
-0.090531
-0.086192
-0.090531
-0.086192
-0.050655
-0.114276
-0.050655
-0.114276
0.044987
-0.116624
0.044987
-0.116624
-0.027388
-0.121963
-0.027388
-0.121963
0.066875
-0.105607
0.066875
-0.105607
0.102198
-0.071976
0.102198
-0.071976
0.123160
0.021370
0.123160
0.021370
-0.015301
-0.124060
-0.015301
-0.124060
0.076904
-0.098543
0.076904
-0.098543
0.108761
-0.061612
0.108761
-0.061612
0.120472
0.033339
0.120472
0.033339
0.118691
-0.039210
0.118691
-0.039210
0.111653
0.056201
0.111653
0.056201
0.081647
0.094651
0.081647
0.094651
-0.009196
0.124661
-0.009196
0.124661
-0.009196
-0.124661
-0.009196
-0.124661
0.081647
-0.094651
0.081647
-0.094651
0.111653
-0.056201
0.111653
-0.056201
0.118691
0.039210
0.118691
0.039210
0.120472
-0.033339
0.120472
-0.033339
0.108761
0.061612
0.108761
0.061612
0.076904
0.098543
0.076904
0.098543
-0.015301
0.124060
-0.015301
0.124060
0.123160
-0.021370
0.123160
-0.021370
0.102198
0.071976
0.102198
0.071976
0.066875
0.105607
0.066875
0.105607
-0.027388
0.121963
-0.027388
0.121963
0.044987
0.116624
0.044987
0.116624
-0.050655
0.114276
-0.050655
0.114276
-0.090531
0.086192
-0.090531
0.086192
-0.124962
-0.003068
-0.124962
-0.003068
