0.031346
0.031154
0.031346
0.031154
0.000136
0.044194
0.000136
0.044194
-0.016787
0.040882
-0.016787
0.040882
-0.040778
0.017038
-0.040778
0.017038
-0.024440
0.036821
-0.024440
0.036821
-0.043318
0.008755
-0.043318
0.008755
-0.043371
-0.008489
-0.043371
-0.008489
-0.024666
-0.036671
-0.024666
-0.036671
-0.027932
0.034248
-0.027932
0.034248
-0.043968
0.004467
-0.043968
0.004467
-0.042330
-0.012699
-0.042330
-0.012699
-0.020952
-0.038912
-0.020952
-0.038912
-0.039039
-0.020713
-0.039039
-0.020713
-0.012959
-0.042252
-0.012959
-0.042252
0.004197
-0.043994
0.004197
-0.043994
0.034076
-0.028141
0.034076
-0.028141
-0.029578
0.032837
-0.029578
0.032837
-0.044134
0.002304
-0.044134
0.002304
-0.041656
-0.014761
-0.041656
-0.014761
-0.019018
-0.039893
-0.019018
-0.039893
-0.037976
-0.022604
-0.037976
-0.022604
-0.010870
-0.042837
-0.010870
-0.042837
0.006350
-0.043735
0.006350
-0.043735
0.035416
-0.026435
0.035416
-0.026435
-0.035578
-0.026217
-0.035578
-0.026217
-0.006619
-0.043696
-0.006619
-0.043696
0.010607
-0.042902
0.010607
-0.042902
0.037837
-0.022837
0.037837
-0.022837
0.018773
-0.040009
0.018773
-0.040009
0.041565
-0.015016
0.041565
-0.015016
0.044147
0.002033
0.044147
0.002033
0.029779
0.032654
0.029779
0.032654
-0.030375
0.032101
-0.030375
0.032101
-0.044177
0.001220
-0.044177
0.001220
-0.041281
-0.015779
-0.041281
-0.015779
-0.018033
-0.040348
-0.018033
-0.040348
-0.037410
-0.023529
-0.037410
-0.023529
-0.009815
-0.043090
-0.009815
-0.043090
0.007422
-0.043566
0.007422
-0.043566
0.036054
-0.025558
0.036054
-0.025558
-0.034924
-0.027083
-0.034924
-0.027083
-0.005544
-0.043845
-0.005544
-0.043845
0.011656
-0.042629
0.011656
-0.042629
0.038386
-0.021901
0.038386
-0.021901
0.019749
-0.039536
0.019749
-0.039536
0.041921
-0.013992
0.041921
-0.013992
0.044084
0.003116
0.044084
0.003116
0.028969
0.033375
0.028969
0.033375
-0.033553
-0.028764
-0.033553
-0.028764
-0.003386
-0.044064
-0.003386
-0.044064
0.013734
-0.042006
0.013734
-0.042006
0.039414
-0.019991
0.039414
-0.019991
0.021665
-0.038519
0.021665
-0.038519
0.042557
-0.011918
0.042557
-0.011918
0.043878
0.005275
0.043878
0.005275
0.027296
0.034757
0.027296
0.034757
0.025336
-0.036210
0.025336
-0.036210
0.043520
-0.007689
0.043520
-0.007689
0.043150
0.009551
0.043150
0.009551
0.023758
0.037265
0.023758
0.037265
0.040457
0.017785
0.040457
0.017785
0.016032
0.041184
0.016032
0.041184
-0.000949
0.044184
-0.000949
0.044184
-0.031914
0.030572
-0.031914
0.030572
-0.030767
0.031726
-0.030767
0.031726
-0.044189
0.000678
-0.044189
0.000678
-0.041085
-0.016284
-0.041085
-0.016284
-0.017537
-0.040566
-0.017537
-0.040566
-0.037118
-0.023986
-0.037118
-0.023986
-0.009286
-0.043208
-0.009286
-0.043208
0.007956
-0.043472
0.007956
-0.043472
0.036365
-0.025114
0.036365
-0.025114
-0.034589
-0.027509
-0.034589
-0.027509
-0.005006
-0.043910
-0.005006
-0.043910
0.012179
-0.042483
0.012179
-0.042483
0.038652
-0.021428
0.038652
-0.021428
0.020233
-0.039291
0.020233
-0.039291
0.042089
-0.013476
0.042089
-0.013476
0.044043
0.003657
0.044043
0.003657
0.028557
0.033728
0.028557
0.033728
-0.033197
-0.029173
-0.033197
-0.029173
-0.002845
-0.044102
-0.002845
-0.044102
0.014249
-0.041834
0.014249
-0.041834
0.039656
-0.019506
0.039656
-0.019506
0.022136
-0.038251
0.022136
-0.038251
0.042700
-0.011395
0.042700
-0.011395
0.043810
0.005813
0.043810
0.005813
0.026868
0.035089
0.026868
0.035089
0.025779
-0.035897
0.025779
-0.035897
0.043611
-0.007154
0.043611
-0.007154
0.043029
0.010079
0.043029
0.010079
0.023299
0.037554
0.023299
0.037554
0.040236
0.018280
0.040236
0.018280
0.015525
0.041377
0.015525
0.041377
-0.001491
0.044169
-0.001491
0.044169
-0.032287
0.030178
-0.032287
0.030178
-0.032471
-0.029979
-0.032471
-0.029979
-0.001762
-0.044159
-0.001762
-0.044159
0.015271
-0.041472
0.015271
-0.041472
0.040123
-0.018527
0.040123
-0.018527
0.023068
-0.037696
0.023068
-0.037696
0.042967
-0.010343
0.042967
-0.010343
0.043654
0.006887
0.043654
0.006887
0.025999
0.035738
0.025999
0.035738
0.026652
-0.035253
0.026652
-0.035253
0.043774
-0.006082
0.043774
-0.006082
0.042769
0.011132
0.042769
0.011132
0.022370
0.038114
0.022370
0.038114
0.039775
0.019262
0.039775
0.019262
0.014505
0.041746
0.014505
0.041746
-0.002575
0.044119
-0.002575
0.044119
-0.033017
0.029376
-0.033017
0.029376
0.028350
-0.033903
0.028350
-0.033903
0.044019
-0.003927
0.044019
-0.003927
0.042171
0.013218
0.042171
0.013218
0.020473
0.039166
0.020473
0.039166
0.038782
0.021191
0.038782
0.021191
0.012439
0.042407
0.012439
0.042407
-0.004736
0.043940
-0.004736
0.043940
-0.034419
0.027721
-0.034419
0.027721
0.036519
0.024890
0.036519
0.024890
0.008223
0.043422
0.008223
0.043422
-0.009020
0.043264
-0.009020
0.043264
-0.036970
0.024214
-0.036970
0.024214
-0.017287
0.040673
-0.017287
0.040673
-0.040984
0.016536
-0.040984
0.016536
-0.044192
-0.000407
-0.044192
-0.000407
-0.030961
-0.031536
-0.030961
-0.031536
-0.030961
0.031536
-0.030961
0.031536
-0.044192
0.000407
-0.044192
0.000407
-0.040984
-0.016536
-0.040984
-0.016536
-0.017287
-0.040673
-0.017287
-0.040673
-0.036970
-0.024214
-0.036970
-0.024214
-0.009020
-0.043264
-0.009020
-0.043264
0.008223
-0.043422
0.008223
-0.043422
0.036519
-0.024890
0.036519
-0.024890
-0.034419
-0.027721
-0.034419
-0.027721
-0.004736
-0.043940
-0.004736
-0.043940
0.012439
-0.042407
0.012439
-0.042407
0.038782
-0.021191
0.038782
-0.021191
0.020473
-0.039166
0.020473
-0.039166
0.042171
-0.013218
0.042171
-0.013218
0.044019
0.003927
0.044019
0.003927
0.028350
0.033903
0.028350
0.033903
-0.033017
-0.029376
-0.033017
-0.029376
-0.002575
-0.044119
-0.002575
-0.044119
0.014505
-0.041746
0.014505
-0.041746
0.039775
-0.019262
0.039775
-0.019262
0.022370
-0.038114
0.022370
-0.038114
0.042769
-0.011132
0.042769
-0.011132
0.043774
0.006082
0.043774
0.006082
0.026652
0.035253
0.026652
0.035253
0.025999
-0.035738
0.025999
-0.035738
0.043654
-0.006887
0.043654
-0.006887
0.042967
0.010343
0.042967
0.010343
0.023068
0.037696
0.023068
0.037696
0.040123
0.018527
0.040123
0.018527
0.015271
0.041472
0.015271
0.041472
-0.001762
0.044159
-0.001762
0.044159
-0.032471
0.029979
-0.032471
0.029979
-0.032287
-0.030178
-0.032287
-0.030178
-0.001491
-0.044169
-0.001491
-0.044169
0.015525
-0.041377
0.015525
-0.041377
0.040236
-0.018280
0.040236
-0.018280
0.023299
-0.037554
0.023299
-0.037554
0.043029
-0.010079
0.043029
-0.010079
0.043611
0.007154
0.043611
0.007154
0.025779
0.035897
0.025779
0.035897
0.026868
-0.035089
0.026868
-0.035089
0.043810
-0.005813
0.043810
-0.005813
0.042700
0.011395
0.042700
0.011395
0.022136
0.038251
0.022136
0.038251
0.039656
0.019506
0.039656
0.019506
0.014249
0.041834
0.014249
0.041834
-0.002845
0.044102
-0.002845
0.044102
-0.033197
0.029173
-0.033197
0.029173
0.028557
-0.033728
0.028557
-0.033728
0.044043
-0.003657
0.044043
-0.003657
0.042089
0.013476
0.042089
0.013476
0.020233
0.039291
0.020233
0.039291
0.038652
0.021428
0.038652
0.021428
0.012179
0.042483
0.012179
0.042483
-0.005006
0.043910
-0.005006
0.043910
-0.034589
0.027509
-0.034589
0.027509
0.036365
0.025114
0.036365
0.025114
0.007956
0.043472
0.007956
0.043472
-0.009286
0.043208
-0.009286
0.043208
-0.037118
0.023986
-0.037118
0.023986
-0.017537
0.040566
-0.017537
0.040566
-0.041085
0.016284
-0.041085
0.016284
-0.044189
-0.000678
-0.044189
-0.000678
-0.030767
-0.031726
-0.030767
-0.031726
-0.031914
-0.030572
-0.031914
-0.030572
-0.000949
-0.044184
-0.000949
-0.044184
0.016032
-0.041184
0.016032
-0.041184
0.040457
-0.017785
0.040457
-0.017785
0.023758
-0.037265
0.023758
-0.037265
0.043150
-0.009551
0.043150
-0.009551
0.043520
0.007689
0.043520
0.007689
0.025336
0.036210
0.025336
0.036210
0.027296
-0.034757
0.027296
-0.034757
0.043878
-0.005275
0.043878
-0.005275
0.042557
0.011918
0.042557
0.011918
0.021665
0.038519
0.021665
0.038519
0.039414
0.019991
0.039414
0.019991
0.013734
0.042006
0.013734
0.042006
-0.003386
0.044064
-0.003386
0.044064
-0.033553
0.028764
-0.033553
0.028764
0.028969
-0.033375
0.028969
-0.033375
0.044084
-0.003116
0.044084
-0.003116
0.041921
0.013992
0.041921
0.013992
0.019749
0.039536
0.019749
0.039536
0.038386
0.021901
0.038386
0.021901
0.011656
0.042629
0.011656
0.042629
-0.005544
0.043845
-0.005544
0.043845
-0.034924
0.027083
-0.034924
0.027083
0.036054
0.025558
0.036054
0.025558
0.007422
0.043566
0.007422
0.043566
-0.009815
0.043090
-0.009815
0.043090
-0.037410
0.023529
-0.037410
0.023529
-0.018033
0.040348
-0.018033
0.040348
-0.041281
0.015779
-0.041281
0.015779
-0.044177
-0.001220
-0.044177
-0.001220
-0.030375
-0.032101
-0.030375
-0.032101
0.029779
-0.032654
0.029779
-0.032654
0.044147
-0.002033
0.044147
-0.002033
0.041565
0.015016
0.041565
0.015016
0.018773
0.040009
0.018773
0.040009
0.037837
0.022837
0.037837
0.022837
0.010607
0.042902
0.010607
0.042902
-0.006619
0.043696
-0.006619
0.043696
-0.035578
0.026217
-0.035578
0.026217
0.035416
0.026435
0.035416
0.026435
0.006350
0.043735
0.006350
0.043735
-0.010870
0.042837
-0.010870
0.042837
-0.037976
0.022604
-0.037976
0.022604
-0.019018
0.039893
-0.019018
0.039893
-0.041656
0.014761
-0.041656
0.014761
-0.044134
-0.002304
-0.044134
-0.002304
-0.029578
-0.032837
-0.029578
-0.032837
0.034076
0.028141
0.034076
0.028141
0.004197
0.043994
0.004197
0.043994
-0.012959
0.042252
-0.012959
0.042252
-0.039039
0.020713
-0.039039
0.020713
-0.020952
0.038912
-0.020952
0.038912
-0.042330
0.012699
-0.042330
0.012699
-0.043968
-0.004467
-0.043968
-0.004467
-0.027932
-0.034248
-0.027932
-0.034248
-0.024666
0.036671
-0.024666
0.036671
-0.043371
0.008489
-0.043371
0.008489
-0.043318
-0.008755
-0.043318
-0.008755
-0.024440
-0.036821
-0.024440
-0.036821
-0.040778
-0.017038
-0.040778
-0.017038
-0.016787
-0.040882
-0.016787
-0.040882
0.000136
-0.044194
0.000136
-0.044194
0.031346
-0.031154
0.031346
-0.031154
