0.000000000000000000e+00 0.000000000000000000e+00 0.000000000000000000e+00 0.000000000000000000e+00 0.000000000000000000e+00 0.000000000000000000e+00 0.000000000000000000e+00 0.000000000000000000e+00 0.000000000000000000e+00 0.000000000000000000e+00 0.000000000000000000e+00 0.000000000000000000e+00 0.000000000000000000e+00 0.000000000000000000e+00 0.000000000000000000e+00
0.000000000000000000e+00 0.000000000000000000e+00 0.000000000000000000e+00 1.000187106520731950e+00 1.000005913681915271e+00 1.000003532456480215e+00 9.999999777420836011e-01 1.000000007433589966e+00 9.999999999814698226e-01 1.000000000209744444e+00 9.999999999658626404e-01 1.000000000001404654e+00 1.000000000000035305e+00 1.000000000000041300e+00 9.999999999999973355e-01
0.000000000000000000e+00 0.000000000000000000e+00 0.000000000000000000e+00 1.000045937254378625e+00 9.999866069383858136e-01 9.999976628803766143e-01 1.000000010733141043e+00 9.999999789443616560e-01 9.999999989699670522e-01 1.000000000053545168e+00 1.000000000005820011e+00 9.999999999968328668e-01 9.999999999998179234e-01 1.000000000000000000e+00 1.000000000000000222e+00
0.000000000000000000e+00 0.000000000000000000e+00 0.000000000000000000e+00 1.000336539007833148e+00 9.999700200143586404e-01 1.000000404931364884e+00 9.999999664632110985e-01 1.000000024921555930e+00 1.000000000251908272e+00 1.000000000310828696e+00 1.000000000013078871e+00 1.000000000001340705e+00 9.999999999997324363e-01 1.000000000000020206e+00 1.000000000000000888e+00
0.000000000000000000e+00 0.000000000000000000e+00 0.000000000000000000e+00 1.000100273805806683e+00 1.000000605347648452e+00 9.999995533600216646e-01 1.000000136365003067e+00 1.000000006760618065e+00 1.000000000353394425e+00 1.000000000019594104e+00 1.000000000005997647e+00 1.000000000000399902e+00 9.999999999996953548e-01 1.000000000000014211e+00 1.000000000000000666e+00
0.000000000000000000e+00 0.000000000000000000e+00 0.000000000000000000e+00 9.998954699462907492e-01 1.000017465171856745e+00 1.000001088702071161e+00 9.999997231085001603e-01 1.000000001554189666e+00 1.000000001800207983e+00 9.999999997778042937e-01 9.999999999857709376e-01 1.000000000002634781e+00 9.999999999998492317e-01 9.999999999999822364e-01 1.000000000000003109e+00
0.000000000000000000e+00 0.000000000000000000e+00 0.000000000000000000e+00 1.000006795607355725e+00 1.000003860861559790e+00 9.999975075443612305e-01 1.000000475445948389e+00 1.000000015675595044e+00 9.999999969703630143e-01 1.000000000027140956e+00 1.000000000034596326e+00 1.000000000001289191e+00 1.000000000000070388e+00 1.000000000000005551e+00 9.999999999999991118e-01
0.000000000000000000e+00 0.000000000000000000e+00 0.000000000000000000e+00 9.998993679418369807e-01 1.000012490720269431e+00 1.000001355185240470e+00 1.000000438947764358e+00 9.999999972088390310e-01 1.000000001648474468e+00 9.999999997230677451e-01 9.999999999954777286e-01 9.999999999951092455e-01 9.999999999999706901e-01 1.000000000000013101e+00 1.000000000000001332e+00
0.000000000000000000e+00 0.000000000000000000e+00 0.000000000000000000e+00 1.000254464131346666e+00 9.999881717720282559e-01 1.000002270660052428e+00 1.000000098675615678e+00 9.999999653666982180e-01 9.999999968672943496e-01 1.000000000148884904e+00 1.000000000036113335e+00 9.999999999996209699e-01 9.999999999999633626e-01 9.999999999999611422e-01 9.999999999999986677e-01
0.000000000000000000e+00 0.000000000000000000e+00 0.000000000000000000e+00 9.999709066715932737e-01 1.000018429342611537e+00 9.999981569543403559e-01 9.999996527915485656e-01 9.999999659766226623e-01 9.999999990325952881e-01 9.999999996742510167e-01 1.000000000033762548e+00 9.999999999989770405e-01 9.999999999998240297e-01 9.999999999999912292e-01 1.000000000000001998e+00
0.000000000000000000e+00 0.000000000000000000e+00 0.000000000000000000e+00 9.999912236835885038e-01 1.000034559838121950e+00 1.000002903571076018e+00 9.999999265319029496e-01 1.000000022282552470e+00 1.000000000025613067e+00 9.999999996188515539e-01 1.000000000004710676e+00 1.000000000001238121e+00 9.999999999999795719e-01 9.999999999999742428e-01 1.000000000000001332e+00
0.000000000000000000e+00 0.000000000000000000e+00 0.000000000000000000e+00 1.000073870137702770e+00 1.000004623568705231e+00 1.000001153493303985e+00 1.000000046591662528e+00 1.000000001038377606e+00 9.999999979005044226e-01 9.999999997765858240e-01 9.999999999923109284e-01 9.999999999987014832e-01 9.999999999998706590e-01 1.000000000000008438e+00 1.000000000000000000e+00
0.000000000000000000e+00 0.000000000000000000e+00 0.000000000000000000e+00 9.998765565489496909e-01 1.000012221085111230e+00 1.000000246965680573e+00 9.999999966948462937e-01 1.000000009113648947e+00 9.999999971553625855e-01 9.999999998877655560e-01 1.000000000006547207e+00 9.999999999990921706e-01 1.000000000000040634e+00 9.999999999999933387e-01 9.999999999999967804e-01
0.000000000000000000e+00 0.000000000000000000e+00 0.000000000000000000e+00 9.998194464681413596e-01 9.999871823582325847e-01 1.000000972457315784e+00 1.000000063662561889e+00 9.999999934599024254e-01 9.999999991411114841e-01 1.000000000126072930e+00 1.000000000005608847e+00 1.000000000001924683e+00 1.000000000000226930e+00 1.000000000000032196e+00 9.999999999999960032e-01
0.000000000000000000e+00 0.000000000000000000e+00 0.000000000000000000e+00 1.000045721903617846e+00 1.000048299459848744e+00 9.999989253167638203e-01 1.000000209565770515e+00 1.000000017280780362e+00 9.999999992363709511e-01 9.999999998391787548e-01 9.999999999974973353e-01 1.000000000001354472e+00 9.999999999998347988e-01 1.000000000000008660e+00 1.000000000000003997e+00
0.000000000000000000e+00 0.000000000000000000e+00 0.000000000000000000e+00 0.000000000000000000e+00 0.000000000000000000e+00 0.000000000000000000e+00 0.000000000000000000e+00 0.000000000000000000e+00 0.000000000000000000e+00 0.000000000000000000e+00 0.000000000000000000e+00 0.000000000000000000e+00 0.000000000000000000e+00 0.000000000000000000e+00 0.000000000000000000e+00
0.000000000000000000e+00 0.000000000000000000e+00 0.000000000000000000e+00 0.000000000000000000e+00 0.000000000000000000e+00 0.000000000000000000e+00 0.000000000000000000e+00 0.000000000000000000e+00 0.000000000000000000e+00 0.000000000000000000e+00 0.000000000000000000e+00 0.000000000000000000e+00 0.000000000000000000e+00 0.000000000000000000e+00 0.000000000000000000e+00
0.000000000000000000e+00 0.000000000000000000e+00 0.000000000000000000e+00 0.000000000000000000e+00 0.000000000000000000e+00 0.000000000000000000e+00 0.000000000000000000e+00 0.000000000000000000e+00 0.000000000000000000e+00 0.000000000000000000e+00 0.000000000000000000e+00 0.000000000000000000e+00 0.000000000000000000e+00 0.000000000000000000e+00 0.000000000000000000e+00
