-0.281302
-0.127237
-0.166870
0.024541
-0.166870
0.024541
-0.069466
0.060536
-0.166870
0.024541
-0.069466
0.060536
-0.069466
0.060536
-0.014065
0.048333
-0.166870
0.024541
-0.069466
0.060536
-0.069466
0.060536
-0.014065
0.048333
-0.069466
0.060536
-0.014065
0.048333
-0.014065
0.048333
0.007801
0.026370
-0.166870
0.024541
-0.069466
0.060536
-0.069466
0.060536
-0.014065
0.048333
-0.069466
0.060536
-0.014065
0.048333
-0.014065
0.048333
0.007801
0.026370
-0.069466
0.060536
-0.014065
0.048333
-0.014065
0.048333
0.007801
0.026370
-0.014065
0.048333
0.007801
0.026370
0.007801
0.026370
0.011369
0.009820
-0.166870
0.024541
-0.069466
0.060536
-0.069466
0.060536
-0.014065
0.048333
-0.069466
0.060536
-0.014065
0.048333
-0.014065
0.048333
0.007801
0.026370
-0.069466
0.060536
-0.014065
0.048333
-0.014065
0.048333
0.007801
0.026370
-0.014065
0.048333
0.007801
0.026370
0.007801
0.026370
0.011369
0.009820
-0.069466
0.060536
-0.014065
0.048333
-0.014065
0.048333
0.007801
0.026370
-0.014065
0.048333
0.007801
0.026370
0.007801
0.026370
0.011369
0.009820
-0.014065
0.048333
0.007801
0.026370
0.007801
0.026370
0.011369
0.009820
0.007801
0.026370
0.011369
0.009820
0.011369
0.009820
0.008125
0.001158
-0.166870
0.024541
-0.069466
0.060536
-0.069466
0.060536
-0.014065
0.048333
-0.069466
0.060536
-0.014065
0.048333
-0.014065
0.048333
0.007801
0.026370
-0.069466
0.060536
-0.014065
0.048333
-0.014065
0.048333
0.007801
0.026370
-0.014065
0.048333
0.007801
0.026370
0.007801
0.026370
0.011369
0.009820
-0.069466
0.060536
-0.014065
0.048333
-0.014065
0.048333
0.007801
0.026370
-0.014065
0.048333
0.007801
0.026370
0.007801
0.026370
0.011369
0.009820
-0.014065
0.048333
0.007801
0.026370
0.007801
0.026370
0.011369
0.009820
0.007801
0.026370
0.011369
0.009820
0.011369
0.009820
0.008125
0.001158
-0.069466
0.060536
-0.014065
0.048333
-0.014065
0.048333
0.007801
0.026370
-0.014065
0.048333
0.007801
0.026370
0.007801
0.026370
0.011369
0.009820
-0.014065
0.048333
0.007801
0.026370
0.007801
0.026370
0.011369
0.009820
0.007801
0.026370
0.011369
0.009820
0.011369
0.009820
0.008125
0.001158
-0.014065
0.048333
0.007801
0.026370
0.007801
0.026370
0.011369
0.009820
0.007801
0.026370
0.011369
0.009820
0.011369
0.009820
0.008125
0.001158
0.007801
0.026370
0.011369
0.009820
0.011369
0.009820
0.008125
0.001158
0.011369
0.009820
0.008125
0.001158
0.008125
0.001158
0.004077
-0.001866
-0.166870
0.024541
-0.069466
0.060536
-0.069466
0.060536
-0.014065
0.048333
-0.069466
0.060536
-0.014065
0.048333
-0.014065
0.048333
0.007801
0.026370
-0.069466
0.060536
-0.014065
0.048333
-0.014065
0.048333
0.007801
0.026370
-0.014065
0.048333
0.007801
0.026370
0.007801
0.026370
0.011369
0.009820
-0.069466
0.060536
-0.014065
0.048333
-0.014065
0.048333
0.007801
0.026370
-0.014065
0.048333
0.007801
0.026370
0.007801
0.026370
0.011369
0.009820
-0.014065
0.048333
0.007801
0.026370
0.007801
0.026370
0.011369
0.009820
0.007801
0.026370
0.011369
0.009820
0.011369
0.009820
0.008125
0.001158
-0.069466
0.060536
-0.014065
0.048333
-0.014065
0.048333
0.007801
0.026370
-0.014065
0.048333
0.007801
0.026370
0.007801
0.026370
0.011369
0.009820
-0.014065
0.048333
0.007801
0.026370
0.007801
0.026370
0.011369
0.009820
0.007801
0.026370
0.011369
0.009820
0.011369
0.009820
0.008125
0.001158
-0.014065
0.048333
0.007801
0.026370
0.007801
0.026370
0.011369
0.009820
0.007801
0.026370
0.011369
0.009820
0.011369
0.009820
0.008125
0.001158
0.007801
0.026370
0.011369
0.009820
0.011369
0.009820
0.008125
0.001158
0.011369
0.009820
0.008125
0.001158
0.008125
0.001158
0.004077
-0.001866
-0.069466
0.060536
-0.014065
0.048333
-0.014065
0.048333
0.007801
0.026370
-0.014065
0.048333
0.007801
0.026370
0.007801
0.026370
0.011369
0.009820
-0.014065
0.048333
0.007801
0.026370
0.007801
0.026370
0.011369
0.009820
0.007801
0.026370
0.011369
0.009820
0.011369
0.009820
0.008125
0.001158
-0.014065
0.048333
0.007801
0.026370
0.007801
0.026370
0.011369
0.009820
0.007801
0.026370
0.011369
0.009820
0.011369
0.009820
0.008125
0.001158
0.007801
0.026370
0.011369
0.009820
0.011369
0.009820
0.008125
0.001158
0.011369
0.009820
0.008125
0.001158
0.008125
0.001158
0.004077
-0.001866
-0.014065
0.048333
0.007801
0.026370
0.007801
0.026370
0.011369
0.009820
0.007801
0.026370
0.011369
0.009820
0.011369
0.009820
0.008125
0.001158
0.007801
0.026370
0.011369
0.009820
0.011369
0.009820
0.008125
0.001158
0.011369
0.009820
0.008125
0.001158
0.008125
0.001158
0.004077
-0.001866
0.007801
0.026370
0.011369
0.009820
0.011369
0.009820
0.008125
0.001158
0.011369
0.009820
0.008125
0.001158
0.008125
0.001158
0.004077
-0.001866
0.011369
0.009820
0.008125
0.001158
0.008125
0.001158
0.004077
-0.001866
0.008125
0.001158
0.004077
-0.001866
0.004077
-0.001866
0.001323
-0.002061
-0.166870
0.024541
-0.069466
0.060536
-0.069466
0.060536
-0.014065
0.048333
-0.069466
0.060536
-0.014065
0.048333
-0.014065
0.048333
0.007801
0.026370
-0.069466
0.060536
-0.014065
0.048333
-0.014065
0.048333
0.007801
0.026370
-0.014065
0.048333
0.007801
0.026370
0.007801
0.026370
0.011369
0.009820
-0.069466
0.060536
-0.014065
0.048333
-0.014065
0.048333
0.007801
0.026370
-0.014065
0.048333
0.007801
0.026370
0.007801
0.026370
0.011369
0.009820
-0.014065
0.048333
0.007801
0.026370
0.007801
0.026370
0.011369
0.009820
0.007801
0.026370
0.011369
0.009820
0.011369
0.009820
0.008125
0.001158
-0.069466
0.060536
-0.014065
0.048333
-0.014065
0.048333
0.007801
0.026370
-0.014065
0.048333
0.007801
0.026370
0.007801
0.026370
0.011369
0.009820
-0.014065
0.048333
0.007801
0.026370
0.007801
0.026370
0.011369
0.009820
0.007801
0.026370
0.011369
0.009820
0.011369
0.009820
0.008125
0.001158
-0.014065
0.048333
0.007801
0.026370
0.007801
0.026370
0.011369
0.009820
0.007801
0.026370
0.011369
0.009820
0.011369
0.009820
0.008125
0.001158
0.007801
0.026370
0.011369
0.009820
0.011369
0.009820
0.008125
0.001158
0.011369
0.009820
0.008125
0.001158
0.008125
0.001158
0.004077
-0.001866
-0.069466
0.060536
-0.014065
0.048333
-0.014065
0.048333
0.007801
0.026370
-0.014065
0.048333
0.007801
0.026370
0.007801
0.026370
0.011369
0.009820
-0.014065
0.048333
0.007801
0.026370
0.007801
0.026370
0.011369
0.009820
0.007801
0.026370
0.011369
0.009820
0.011369
0.009820
0.008125
0.001158
-0.014065
0.048333
0.007801
0.026370
0.007801
0.026370
0.011369
0.009820
0.007801
0.026370
0.011369
0.009820
0.011369
0.009820
0.008125
0.001158
0.007801
0.026370
0.011369
0.009820
0.011369
0.009820
0.008125
0.001158
0.011369
0.009820
0.008125
0.001158
0.008125
0.001158
0.004077
-0.001866
-0.014065
0.048333
0.007801
0.026370
0.007801
0.026370
0.011369
0.009820
0.007801
0.026370
0.011369
0.009820
0.011369
0.009820
0.008125
0.001158
0.007801
0.026370
0.011369
0.009820
0.011369
0.009820
0.008125
0.001158
0.011369
0.009820
0.008125
0.001158
0.008125
0.001158
0.004077
-0.001866
0.007801
0.026370
0.011369
0.009820
0.011369
0.009820
0.008125
0.001158
0.011369
0.009820
0.008125
0.001158
0.008125
0.001158
0.004077
-0.001866
0.011369
0.009820
0.008125
0.001158
0.008125
0.001158
0.004077
-0.001866
0.008125
0.001158
0.004077
-0.001866
0.004077
-0.001866
0.001323
-0.002061
-0.069466
0.060536
-0.014065
0.048333
-0.014065
0.048333
0.007801
0.026370
-0.014065
0.048333
0.007801
0.026370
0.007801
0.026370
0.011369
0.009820
-0.014065
0.048333
0.007801
0.026370
0.007801
0.026370
0.011369
0.009820
0.007801
0.026370
0.011369
0.009820
0.011369
0.009820
0.008125
0.001158
-0.014065
0.048333
0.007801
0.026370
0.007801
0.026370
0.011369
0.009820
0.007801
0.026370
0.011369
0.009820
0.011369
0.009820
0.008125
0.001158
0.007801
0.026370
0.011369
0.009820
0.011369
0.009820
0.008125
0.001158
0.011369
0.009820
0.008125
0.001158
0.008125
0.001158
0.004077
-0.001866
-0.014065
0.048333
0.007801
0.026370
0.007801
0.026370
0.011369
0.009820
0.007801
0.026370
0.011369
0.009820
0.011369
0.009820
0.008125
0.001158
0.007801
0.026370
0.011369
0.009820
0.011369
0.009820
0.008125
0.001158
0.011369
0.009820
0.008125
0.001158
0.008125
0.001158
0.004077
-0.001866
0.007801
0.026370
0.011369
0.009820
0.011369
0.009820
0.008125
0.001158
0.011369
0.009820
0.008125
0.001158
0.008125
0.001158
0.004077
-0.001866
0.011369
0.009820
0.008125
0.001158
0.008125
0.001158
0.004077
-0.001866
0.008125
0.001158
0.004077
-0.001866
0.004077
-0.001866
0.001323
-0.002061
-0.014065
0.048333
0.007801
0.026370
0.007801
0.026370
0.011369
0.009820
0.007801
0.026370
0.011369
0.009820
0.011369
0.009820
0.008125
0.001158
0.007801
0.026370
0.011369
0.009820
0.011369
0.009820
0.008125
0.001158
0.011369
0.009820
0.008125
0.001158
0.008125
0.001158
0.004077
-0.001866
0.007801
0.026370
0.011369
0.009820
0.011369
0.009820
0.008125
0.001158
0.011369
0.009820
0.008125
0.001158
0.008125
0.001158
0.004077
-0.001866
0.011369
0.009820
0.008125
0.001158
0.008125
0.001158
0.004077
-0.001866
0.008125
0.001158
0.004077
-0.001866
0.004077
-0.001866
0.001323
-0.002061
0.007801
0.026370
0.011369
0.009820
0.011369
0.009820
0.008125
0.001158
0.011369
0.009820
0.008125
0.001158
0.008125
0.001158
0.004077
-0.001866
0.011369
0.009820
0.008125
0.001158
0.008125
0.001158
0.004077
-0.001866
0.008125
0.001158
0.004077
-0.001866
0.004077
-0.001866
0.001323
-0.002061
0.011369
0.009820
0.008125
0.001158
0.008125
0.001158
0.004077
-0.001866
0.008125
0.001158
0.004077
-0.001866
0.004077
-0.001866
0.001323
-0.002061
0.008125
0.001158
0.004077
-0.001866
0.004077
-0.001866
0.001323
-0.002061
0.004077
-0.001866
0.001323
-0.002061
0.001323
-0.002061
0.000000
-0.001338
