0.147653
0.499142
0.215207
0.185872
0.215207
0.185872
0.153794
0.021923
0.215207
0.185872
0.153794
0.021923
0.153794
0.021923
0.077169
-0.035317
0.215207
0.185872
0.153794
0.021923
0.153794
0.021923
0.077169
-0.035317
0.153794
0.021923
0.077169
-0.035317
0.077169
-0.035317
0.025050
-0.039013
0.215207
0.185872
0.153794
0.021923
0.153794
0.021923
0.077169
-0.035317
0.153794
0.021923
0.077169
-0.035317
0.077169
-0.035317
0.025050
-0.039013
0.153794
0.021923
0.077169
-0.035317
0.077169
-0.035317
0.025050
-0.039013
0.077169
-0.035317
0.025050
-0.039013
0.025050
-0.039013
0.000000
-0.025328
