1.000000000000000000e+00
1.000000000000000000e+00
1.000000000000000000e+00
1.000000000000000000e+00
1.000000000000000000e+00
1.000000000000000000e+00
1.000000000000000000e+00
1.000000000000000000e+00
1.000000000000000000e+00
1.000000000000000000e+00
2.000000000000000000e+00
3.000000000000000000e+00
3.000000000000000000e+00
3.000000000000000000e+00
3.000000000000000000e+00
3.000000000000000000e+00
3.000000000000000000e+00
3.000000000000000000e+00
3.000000000000000000e+00
3.000000000000000000e+00
3.000000000000000000e+00
3.000000000000000000e+00
3.000000000000000000e+00
3.000000000000000000e+00
3.000000000000000000e+00
3.000000000000000000e+00
3.000000000000000000e+00
3.000000000000000000e+00
3.000000000000000000e+00
3.000000000000000000e+00
3.000000000000000000e+00
3.000000000000000000e+00
3.000000000000000000e+00
3.000000000000000000e+00
3.000000000000000000e+00
3.000000000000000000e+00
3.000000000000000000e+00
6.000000000000000000e+00
9.000000000000000000e+00
9.000000000000000000e+00
9.000000000000000000e+00
9.000000000000000000e+00
9.000000000000000000e+00
9.000000000000000000e+00
9.000000000000000000e+00
9.000000000000000000e+00
9.000000000000000000e+00
9.000000000000000000e+00
9.000000000000000000e+00
9.000000000000000000e+00
1.500000000000000000e+01
2.300000000000000000e+01
2.500000000000000000e+01
2.500000000000000000e+01
4.100000000000000000e+01
5.700000000000000000e+01
5.700000000000000000e+01
1.050000000000000000e+02
1.530000000000000000e+02
1.530000000000000000e+02
2.970000000000000000e+02
4.410000000000000000e+02
4.410000000000000000e+02
8.730000000000000000e+02
1.305000000000000000e+03
1.305000000000000000e+03
2.601000000000000000e+03
3.897000000000000000e+03
3.897000000000000000e+03
7.785000000000000000e+03
1.167300000000000000e+04
1.167300000000000000e+04
2.333700000000000000e+04
3.500100000000000000e+04
5.687700000000000000e+04
6.563100000000000000e+04
6.563100000000000000e+04
9.187800000000000000e+04
9.845100000000000000e+04
9.846000000000000000e+04
9.846000000000000000e+04
9.846000000000000000e+04
9.846000000000000000e+04
9.846000000000000000e+04
9.846000000000000000e+04
9.846000000000000000e+04
9.846000000000000000e+04
9.846000000000000000e+04
9.846000000000000000e+04
9.846000000000000000e+04
1.203600000000000000e+05
1.774130000000000000e+05
2.010080000000000000e+05
2.587880000000000000e+05
2.873000000000000000e+05
2.900450000000000000e+05
3.478430000000000000e+05
3.773240000000000000e+05
3.809030000000000000e+05
4.544490000000000000e+05
4.904700000000000000e+05
4.944250000000000000e+05
5.840150000000000000e+05
6.275670000000000000e+05
6.327550000000000000e+05
7.352780000000000000e+05
7.847270000000000000e+05
7.917450000000000000e+05
8.946620000000000000e+05
9.328430000000000000e+05
9.376980000000000000e+05
1.007313000000000000e+06
1.026041000000000000e+06
1.028076000000000000e+06
1.034214000000000000e+06
1.038315000000000000e+06
1.040370000000000000e+06
1.040383000000000000e+06
1.044478000000000000e+06
1.044479000000000000e+06
1.044479000000000000e+06
1.044479000000000000e+06
1.044479000000000000e+06
1.044479000000000000e+06
1.044479000000000000e+06
1.044479000000000000e+06
1.044479000000000000e+06
1.044479000000000000e+06
1.044479000000000000e+06
1.044479000000000000e+06
1.046527000000000000e+06
1.047551000000000000e+06
1.047551000000000000e+06
1.047551000000000000e+06
1.048062000000000000e+06
1.048319000000000000e+06
1.048320000000000000e+06
1.048448000000000000e+06
1.048512000000000000e+06
1.048512000000000000e+06
1.048544000000000000e+06
1.048560000000000000e+06
1.048560000000000000e+06
1.048567000000000000e+06
1.048571000000000000e+06
1.048572000000000000e+06
1.048574000000000000e+06
1.048575000000000000e+06
1.048575000000000000e+06
1.048575000000000000e+06
1.048575000000000000e+06
1.048575000000000000e+06
1.048575000000000000e+06
1.048575000000000000e+06
1.048575000000000000e+06
1.048575000000000000e+06
1.048575000000000000e+06
1.048575000000000000e+06
1.048575000000000000e+06
1.048575000000000000e+06
1.048575000000000000e+06
1.048575000000000000e+06
1.048575000000000000e+06
1.048575000000000000e+06
1.048575000000000000e+06
1.048575000000000000e+06
1.048575000000000000e+06
1.048575000000000000e+06
1.048575000000000000e+06
1.048575000000000000e+06
1.048574000000000000e+06
1.048574000000000000e+06
1.048575000000000000e+06
1.048575000000000000e+06
1.048575000000000000e+06
1.048575000000000000e+06
1.048574000000000000e+06
1.048574000000000000e+06
1.048575000000000000e+06
1.048575000000000000e+06
1.048575000000000000e+06
1.048575000000000000e+06
1.048575000000000000e+06
1.048575000000000000e+06
1.048575000000000000e+06
1.048574000000000000e+06
1.048574000000000000e+06
1.048575000000000000e+06
1.048575000000000000e+06
1.048575000000000000e+06
1.048575000000000000e+06
1.048575000000000000e+06
1.048575000000000000e+06
1.048575000000000000e+06
1.048575000000000000e+06
1.048575000000000000e+06
1.048575000000000000e+06
1.048575000000000000e+06
1.048575000000000000e+06
1.048575000000000000e+06
1.048575000000000000e+06
1.048575000000000000e+06
1.048575000000000000e+06
1.048575000000000000e+06
1.048575000000000000e+06
1.048575000000000000e+06
1.048575000000000000e+06
1.048575000000000000e+06
1.048575000000000000e+06
1.048575000000000000e+06
1.048575000000000000e+06
1.048575000000000000e+06
1.048575000000000000e+06
1.048575000000000000e+06
1.048575000000000000e+06
1.048575000000000000e+06
1.048575000000000000e+06
1.048575000000000000e+06
1.048575000000000000e+06
1.048575000000000000e+06
1.048575000000000000e+06
1.048575000000000000e+06
1.048575000000000000e+06
1.048574000000000000e+06
1.048575000000000000e+06
1.048574000000000000e+06
1.048574000000000000e+06
1.048575000000000000e+06
1.048575000000000000e+06
1.048575000000000000e+06
1.048575000000000000e+06
1.048574000000000000e+06
1.048575000000000000e+06
1.048575000000000000e+06
1.048575000000000000e+06
1.048575000000000000e+06
1.048575000000000000e+06
1.048575000000000000e+06
1.048575000000000000e+06
1.048575000000000000e+06
1.048575000000000000e+06
1.048575000000000000e+06
1.048575000000000000e+06
1.048575000000000000e+06
1.048575000000000000e+06
1.048575000000000000e+06
1.048575000000000000e+06
1.048575000000000000e+06
1.048575000000000000e+06
1.048575000000000000e+06
1.048575000000000000e+06
1.048575000000000000e+06
1.048575000000000000e+06
1.048575000000000000e+06
1.048575000000000000e+06
1.048575000000000000e+06
1.048575000000000000e+06
1.048575000000000000e+06
1.048575000000000000e+06
1.048575000000000000e+06
1.048575000000000000e+06
1.048575000000000000e+06
1.048575000000000000e+06
1.048575000000000000e+06
1.048575000000000000e+06
1.048575000000000000e+06
1.048575000000000000e+06
1.048575000000000000e+06
1.048575000000000000e+06
1.048575000000000000e+06
1.048575000000000000e+06
1.048575000000000000e+06
1.048575000000000000e+06
1.048575000000000000e+06
1.048575000000000000e+06
1.048575000000000000e+06
1.048575000000000000e+06
1.048575000000000000e+06
1.048575000000000000e+06
1.048575000000000000e+06
1.048575000000000000e+06
1.048575000000000000e+06
1.048575000000000000e+06
1.048575000000000000e+06
1.048575000000000000e+06
1.048575000000000000e+06
1.048575000000000000e+06
1.048575000000000000e+06
1.048575000000000000e+06
1.048575000000000000e+06
1.048575000000000000e+06
1.048575000000000000e+06
1.048575000000000000e+06
1.048575000000000000e+06
1.048575000000000000e+06
1.048575000000000000e+06
1.048575000000000000e+06
1.048575000000000000e+06
1.048575000000000000e+06
1.048575000000000000e+06
1.048575000000000000e+06
1.048575000000000000e+06
1.048575000000000000e+06
1.048575000000000000e+06
1.048575000000000000e+06
1.048575000000000000e+06
1.048575000000000000e+06
1.048575000000000000e+06
1.048575000000000000e+06
1.048575000000000000e+06
1.048575000000000000e+06
1.048575000000000000e+06
1.048575000000000000e+06
1.048575000000000000e+06
1.048575000000000000e+06
1.048575000000000000e+06
1.048575000000000000e+06
1.048575000000000000e+06
1.048575000000000000e+06
1.048574000000000000e+06
1.048574000000000000e+06
1.048574000000000000e+06
1.048574000000000000e+06
1.048574000000000000e+06
1.048574000000000000e+06
1.048574000000000000e+06
1.048574000000000000e+06
1.048574000000000000e+06
1.048574000000000000e+06
1.048574000000000000e+06
1.048575000000000000e+06
1.048575000000000000e+06
1.048575000000000000e+06
1.048575000000000000e+06
1.048575000000000000e+06
1.048575000000000000e+06
1.048575000000000000e+06
1.048575000000000000e+06
1.048575000000000000e+06
1.048575000000000000e+06
1.048575000000000000e+06
1.048575000000000000e+06
1.048575000000000000e+06
1.048575000000000000e+06
1.048575000000000000e+06
1.048575000000000000e+06
1.048575000000000000e+06
1.048575000000000000e+06
1.048575000000000000e+06
1.048575000000000000e+06
1.048575000000000000e+06
1.048575000000000000e+06
1.048575000000000000e+06
1.048575000000000000e+06
1.048575000000000000e+06
1.048575000000000000e+06
1.048574000000000000e+06
1.048575000000000000e+06
1.048575000000000000e+06
1.048575000000000000e+06
1.048575000000000000e+06
1.048575000000000000e+06
1.048575000000000000e+06
1.048575000000000000e+06
1.048575000000000000e+06
1.048575000000000000e+06
1.048575000000000000e+06
1.048575000000000000e+06
1.048575000000000000e+06
1.048575000000000000e+06
1.048575000000000000e+06
1.048575000000000000e+06
1.048575000000000000e+06
1.048575000000000000e+06
1.048575000000000000e+06
1.048575000000000000e+06
1.048575000000000000e+06
1.048575000000000000e+06
1.048575000000000000e+06
1.048575000000000000e+06
1.048575000000000000e+06
1.048575000000000000e+06
1.048575000000000000e+06
1.048575000000000000e+06
1.048575000000000000e+06
1.048575000000000000e+06
1.048575000000000000e+06
1.048575000000000000e+06
1.048575000000000000e+06
1.048575000000000000e+06
1.048575000000000000e+06
1.048575000000000000e+06
1.048575000000000000e+06
1.048575000000000000e+06
1.048575000000000000e+06
1.048575000000000000e+06
1.048575000000000000e+06
1.048575000000000000e+06
1.048575000000000000e+06
1.048575000000000000e+06
