1.000000000000000000e+00
1.000000000000000000e+00
1.000000000000000000e+00
1.000000000000000000e+00
1.000000000000000000e+00
1.000000000000000000e+00
1.000000000000000000e+00
1.000000000000000000e+00
1.000000000000000000e+00
1.000000000000000000e+00
1.000000000000000000e+00
1.000000000000000000e+00
1.000000000000000000e+00
2.000000000000000000e+00
3.000000000000000000e+00
3.000000000000000000e+00
6.000000000000000000e+00
9.000000000000000000e+00
9.000000000000000000e+00
9.000000000000000000e+00
9.000000000000000000e+00
9.000000000000000000e+00
9.000000000000000000e+00
9.000000000000000000e+00
9.000000000000000000e+00
9.000000000000000000e+00
9.000000000000000000e+00
9.000000000000000000e+00
9.000000000000000000e+00
9.000000000000000000e+00
9.000000000000000000e+00
9.000000000000000000e+00
9.000000000000000000e+00
9.000000000000000000e+00
9.000000000000000000e+00
9.000000000000000000e+00
9.000000000000000000e+00
9.000000000000000000e+00
9.000000000000000000e+00
9.000000000000000000e+00
9.000000000000000000e+00
9.000000000000000000e+00
9.000000000000000000e+00
9.000000000000000000e+00
9.000000000000000000e+00
9.000000000000000000e+00
9.000000000000000000e+00
9.000000000000000000e+00
9.000000000000000000e+00
9.000000000000000000e+00
1.500000000000000000e+01
2.200000000000000000e+01
2.300000000000000000e+01
3.300000000000000000e+01
5.000000000000000000e+01
5.700000000000000000e+01
9.300000000000000000e+01
1.200000000000000000e+02
1.200000000000000000e+02
1.200000000000000000e+02
1.830000000000000000e+02
2.460000000000000000e+02
2.460000000000000000e+02
4.350000000000000000e+02
6.240000000000000000e+02
6.240000000000000000e+02
1.191000000000000000e+03
1.758000000000000000e+03
1.758000000000000000e+03
3.459000000000000000e+03
5.160000000000000000e+03
5.160000000000000000e+03
1.026300000000000000e+04
1.536600000000000000e+04
1.536600000000000000e+04
3.067500000000000000e+04
4.598400000000000000e+04
7.227300000000000000e+04
7.887900000000000000e+04
7.887900000000000000e+04
7.887900000000000000e+04
7.887900000000000000e+04
7.887900000000000000e+04
7.887900000000000000e+04
7.887900000000000000e+04
7.887900000000000000e+04
7.887900000000000000e+04
7.887900000000000000e+04
7.887900000000000000e+04
7.887900000000000000e+04
9.203900000000000000e+04
1.364460000000000000e+05
1.553590000000000000e+05
1.848050000000000000e+05
2.116860000000000000e+05
2.200480000000000000e+05
2.651650000000000000e+05
2.882570000000000000e+05
2.909720000000000000e+05
3.492740000000000000e+05
3.780530000000000000e+05
3.811770000000000000e+05
4.546860000000000000e+05
4.908010000000000000e+05
4.948940000000000000e+05
5.844620000000000000e+05
6.283030000000000000e+05
6.337890000000000000e+05
7.363190000000000000e+05
7.866490000000000000e+05
7.945610000000000000e+05
8.974710000000000000e+05
9.325020000000000000e+05
9.371050000000000000e+05
1.006670000000000000e+06
1.026088000000000000e+06
1.028110000000000000e+06
1.028110000000000000e+06
1.032191000000000000e+06
1.032190000000000000e+06
1.032190000000000000e+06
1.032190000000000000e+06
1.032190000000000000e+06
1.032190000000000000e+06
1.032190000000000000e+06
1.032190000000000000e+06
1.032190000000000000e+06
1.032190000000000000e+06
1.032190000000000000e+06
1.032190000000000000e+06
1.040380000000000000e+06
1.044478000000000000e+06
1.044478000000000000e+06
1.044481000000000000e+06
1.046527000000000000e+06
1.047549000000000000e+06
1.047551000000000000e+06
1.048063000000000000e+06
1.048319000000000000e+06
1.048320000000000000e+06
1.048447000000000000e+06
1.048511000000000000e+06
1.048512000000000000e+06
1.048544000000000000e+06
1.048560000000000000e+06
1.048560000000000000e+06
1.048568000000000000e+06
1.048572000000000000e+06
1.048572000000000000e+06
1.048574000000000000e+06
1.048575000000000000e+06
1.048575000000000000e+06
1.048575000000000000e+06
1.048575000000000000e+06
1.048575000000000000e+06
1.048575000000000000e+06
1.048575000000000000e+06
1.048575000000000000e+06
1.048575000000000000e+06
1.048575000000000000e+06
1.048575000000000000e+06
1.048575000000000000e+06
1.048575000000000000e+06
1.048575000000000000e+06
1.048575000000000000e+06
1.048575000000000000e+06
1.048575000000000000e+06
1.048575000000000000e+06
1.048575000000000000e+06
1.048575000000000000e+06
1.048575000000000000e+06
1.048575000000000000e+06
1.048575000000000000e+06
1.048574000000000000e+06
1.048575000000000000e+06
1.048575000000000000e+06
1.048575000000000000e+06
1.048575000000000000e+06
1.048575000000000000e+06
1.048575000000000000e+06
1.048575000000000000e+06
1.048575000000000000e+06
1.048575000000000000e+06
1.048575000000000000e+06
1.048575000000000000e+06
1.048575000000000000e+06
1.048575000000000000e+06
1.048575000000000000e+06
1.048575000000000000e+06
1.048575000000000000e+06
1.048575000000000000e+06
1.048575000000000000e+06
1.048575000000000000e+06
1.048575000000000000e+06
1.048575000000000000e+06
1.048575000000000000e+06
1.048575000000000000e+06
1.048575000000000000e+06
1.048574000000000000e+06
1.048574000000000000e+06
1.048574000000000000e+06
1.048574000000000000e+06
1.048574000000000000e+06
1.048574000000000000e+06
1.048574000000000000e+06
1.048574000000000000e+06
1.048574000000000000e+06
1.048574000000000000e+06
1.048574000000000000e+06
1.048574000000000000e+06
1.048575000000000000e+06
1.048575000000000000e+06
1.048575000000000000e+06
1.048575000000000000e+06
1.048575000000000000e+06
1.048575000000000000e+06
1.048575000000000000e+06
1.048575000000000000e+06
1.048575000000000000e+06
1.048575000000000000e+06
1.048575000000000000e+06
1.048575000000000000e+06
1.048575000000000000e+06
1.048575000000000000e+06
1.048575000000000000e+06
1.048574000000000000e+06
1.048574000000000000e+06
1.048574000000000000e+06
1.048574000000000000e+06
1.048574000000000000e+06
1.048574000000000000e+06
1.048575000000000000e+06
1.048575000000000000e+06
1.048575000000000000e+06
1.048575000000000000e+06
1.048575000000000000e+06
1.048575000000000000e+06
1.048575000000000000e+06
1.048575000000000000e+06
1.048575000000000000e+06
1.048575000000000000e+06
1.048575000000000000e+06
1.048575000000000000e+06
1.048575000000000000e+06
1.048575000000000000e+06
1.048575000000000000e+06
1.048575000000000000e+06
1.048575000000000000e+06
1.048575000000000000e+06
1.048575000000000000e+06
1.048575000000000000e+06
1.048575000000000000e+06
1.048575000000000000e+06
1.048575000000000000e+06
1.048575000000000000e+06
1.048575000000000000e+06
1.048575000000000000e+06
1.048575000000000000e+06
1.048575000000000000e+06
1.048575000000000000e+06
1.048575000000000000e+06
1.048575000000000000e+06
1.048575000000000000e+06
1.048575000000000000e+06
1.048575000000000000e+06
1.048575000000000000e+06
1.048575000000000000e+06
1.048575000000000000e+06
1.048575000000000000e+06
1.048575000000000000e+06
1.048575000000000000e+06
1.048575000000000000e+06
1.048575000000000000e+06
1.048575000000000000e+06
1.048575000000000000e+06
1.048575000000000000e+06
1.048575000000000000e+06
1.048575000000000000e+06
1.048575000000000000e+06
1.048575000000000000e+06
1.048575000000000000e+06
1.048575000000000000e+06
1.048575000000000000e+06
1.048575000000000000e+06
1.048575000000000000e+06
1.048575000000000000e+06
1.048575000000000000e+06
1.048575000000000000e+06
1.048575000000000000e+06
1.048575000000000000e+06
1.048575000000000000e+06
1.048575000000000000e+06
1.048575000000000000e+06
1.048575000000000000e+06
1.048574000000000000e+06
1.048574000000000000e+06
1.048574000000000000e+06
1.048574000000000000e+06
1.048575000000000000e+06
1.048575000000000000e+06
1.048575000000000000e+06
1.048575000000000000e+06
1.048575000000000000e+06
1.048574000000000000e+06
1.048574000000000000e+06
1.048575000000000000e+06
1.048575000000000000e+06
1.048575000000000000e+06
1.048575000000000000e+06
1.048575000000000000e+06
1.048575000000000000e+06
1.048575000000000000e+06
1.048575000000000000e+06
1.048575000000000000e+06
1.048575000000000000e+06
1.048575000000000000e+06
1.048574000000000000e+06
1.048575000000000000e+06
1.048575000000000000e+06
1.048575000000000000e+06
1.048575000000000000e+06
1.048575000000000000e+06
1.048575000000000000e+06
1.048575000000000000e+06
1.048575000000000000e+06
1.048575000000000000e+06
1.048575000000000000e+06
1.048575000000000000e+06
1.048575000000000000e+06
1.048575000000000000e+06
1.048575000000000000e+06
1.048575000000000000e+06
1.048575000000000000e+06
1.048575000000000000e+06
1.048575000000000000e+06
1.048575000000000000e+06
1.048575000000000000e+06
1.048575000000000000e+06
1.048574000000000000e+06
1.048574000000000000e+06
1.048574000000000000e+06
1.048574000000000000e+06
1.048574000000000000e+06
1.048574000000000000e+06
1.048574000000000000e+06
1.048574000000000000e+06
1.048574000000000000e+06
1.048574000000000000e+06
1.048575000000000000e+06
1.048575000000000000e+06
1.048575000000000000e+06
1.048575000000000000e+06
1.048575000000000000e+06
1.048575000000000000e+06
1.048575000000000000e+06
1.048575000000000000e+06
1.048575000000000000e+06
1.048575000000000000e+06
1.048575000000000000e+06
1.048575000000000000e+06
1.048575000000000000e+06
1.048575000000000000e+06
1.048575000000000000e+06
1.048575000000000000e+06
1.048575000000000000e+06
1.048575000000000000e+06
1.048575000000000000e+06
1.048575000000000000e+06
1.048575000000000000e+06
1.048575000000000000e+06
1.048575000000000000e+06
1.048575000000000000e+06
1.048575000000000000e+06
1.048575000000000000e+06
1.048575000000000000e+06
1.048575000000000000e+06
1.048575000000000000e+06
1.048575000000000000e+06
1.048575000000000000e+06
1.048575000000000000e+06
1.048575000000000000e+06
1.048575000000000000e+06
1.048575000000000000e+06
1.048575000000000000e+06
1.048575000000000000e+06
1.048575000000000000e+06
1.048575000000000000e+06
1.048575000000000000e+06
1.048575000000000000e+06
1.048575000000000000e+06
1.048575000000000000e+06
1.048575000000000000e+06
1.048575000000000000e+06
1.048575000000000000e+06
1.048575000000000000e+06
1.048575000000000000e+06
1.048575000000000000e+06
1.048575000000000000e+06
1.048575000000000000e+06
1.048575000000000000e+06
