1.000000000000000000e+00
1.000000000000000000e+00
1.000000000000000000e+00
1.000000000000000000e+00
1.000000000000000000e+00
1.000000000000000000e+00
1.000000000000000000e+00
1.000000000000000000e+00
1.000000000000000000e+00
1.000000000000000000e+00
1.000000000000000000e+00
1.000000000000000000e+00
1.000000000000000000e+00
1.000000000000000000e+00
1.000000000000000000e+00
1.000000000000000000e+00
1.000000000000000000e+00
1.000000000000000000e+00
1.000000000000000000e+00
1.000000000000000000e+00
1.000000000000000000e+00
1.000000000000000000e+00
1.000000000000000000e+00
1.000000000000000000e+00
1.000000000000000000e+00
1.000000000000000000e+00
1.000000000000000000e+00
1.000000000000000000e+00
1.000000000000000000e+00
1.000000000000000000e+00
1.000000000000000000e+00
1.000000000000000000e+00
1.000000000000000000e+00
1.000000000000000000e+00
2.000000000000000000e+00
3.000000000000000000e+00
3.000000000000000000e+00
6.000000000000000000e+00
9.000000000000000000e+00
9.000000000000000000e+00
9.000000000000000000e+00
9.000000000000000000e+00
9.000000000000000000e+00
9.000000000000000000e+00
9.000000000000000000e+00
9.000000000000000000e+00
9.000000000000000000e+00
9.000000000000000000e+00
9.000000000000000000e+00
9.000000000000000000e+00
9.000000000000000000e+00
1.300000000000000000e+01
1.700000000000000000e+01
1.700000000000000000e+01
1.700000000000000000e+01
1.700000000000000000e+01
1.700000000000000000e+01
1.700000000000000000e+01
1.700000000000000000e+01
1.700000000000000000e+01
1.700000000000000000e+01
1.700000000000000000e+01
1.700000000000000000e+01
1.700000000000000000e+01
1.700000000000000000e+01
1.700000000000000000e+01
1.700000000000000000e+01
1.700000000000000000e+01
1.700000000000000000e+01
1.700000000000000000e+01
1.700000000000000000e+01
2.900000000000000000e+01
4.100000000000000000e+01
4.100000000000000000e+01
5.700000000000000000e+01
8.600000000000000000e+01
9.900000000000000000e+01
1.590000000000000000e+02
1.920000000000000000e+02
1.920000000000000000e+02
1.920000000000000000e+02
1.920000000000000000e+02
1.920000000000000000e+02
1.920000000000000000e+02
1.920000000000000000e+02
1.920000000000000000e+02
1.920000000000000000e+02
1.920000000000000000e+02
1.920000000000000000e+02
1.920000000000000000e+02
2.820000000000000000e+02
4.220000000000000000e+02
4.720000000000000000e+02
4.720000000000000000e+02
6.960000000000000000e+02
9.200000000000000000e+02
9.200000000000000000e+02
1.592000000000000000e+03
2.264000000000000000e+03
2.264000000000000000e+03
4.280000000000000000e+03
6.296000000000000000e+03
6.296000000000000000e+03
1.234400000000000000e+04
1.839200000000000000e+04
1.839200000000000000e+04
3.653600000000000000e+04
5.468000000000000000e+04
8.396800000000000000e+04
1.210050000000000000e+05
1.375590000000000000e+05
1.375730000000000000e+05
1.406200000000000000e+05
1.406760000000000000e+05
1.524060000000000000e+05
1.641050000000000000e+05
1.641210000000000000e+05
1.758940000000000000e+05
1.759230000000000000e+05
1.759180000000000000e+05
1.759180000000000000e+05
1.759180000000000000e+05
1.759180000000000000e+05
1.759180000000000000e+05
1.759180000000000000e+05
1.759180000000000000e+05
1.759180000000000000e+05
1.759180000000000000e+05
1.759180000000000000e+05
1.759180000000000000e+05
2.153010000000000000e+05
3.100050000000000000e+05
3.481670000000000000e+05
4.427570000000000000e+05
4.887730000000000000e+05
4.932570000000000000e+05
5.815440000000000000e+05
6.272990000000000000e+05
6.334500000000000000e+05
7.368770000000000000e+05
7.880910000000000000e+05
7.967740000000000000e+05
8.982010000000000000e+05
9.328660000000000000e+05
9.390770000000000000e+05
1.008837000000000000e+06
1.025959000000000000e+06
1.027944000000000000e+06
1.034170000000000000e+06
1.038287000000000000e+06
1.040337000000000000e+06
1.040373000000000000e+06
1.044465000000000000e+06
1.046513000000000000e+06
1.046517000000000000e+06
1.047545000000000000e+06
1.048057000000000000e+06
1.048056000000000000e+06
1.048315000000000000e+06
1.048315000000000000e+06
1.048315000000000000e+06
1.048315000000000000e+06
1.048315000000000000e+06
1.048315000000000000e+06
1.048315000000000000e+06
1.048315000000000000e+06
1.048315000000000000e+06
1.048315000000000000e+06
1.048315000000000000e+06
1.048315000000000000e+06
1.048448000000000000e+06
1.048512000000000000e+06
1.048512000000000000e+06
1.048512000000000000e+06
1.048544000000000000e+06
1.048560000000000000e+06
1.048560000000000000e+06
1.048568000000000000e+06
1.048572000000000000e+06
1.048572000000000000e+06
1.048573000000000000e+06
1.048575000000000000e+06
1.048575000000000000e+06
1.048575000000000000e+06
1.048575000000000000e+06
1.048575000000000000e+06
1.048575000000000000e+06
1.048575000000000000e+06
1.048575000000000000e+06
1.048574000000000000e+06
1.048575000000000000e+06
1.048575000000000000e+06
1.048575000000000000e+06
1.048575000000000000e+06
1.048575000000000000e+06
1.048575000000000000e+06
1.048575000000000000e+06
1.048575000000000000e+06
1.048575000000000000e+06
1.048575000000000000e+06
1.048575000000000000e+06
1.048575000000000000e+06
1.048575000000000000e+06
1.048575000000000000e+06
1.048575000000000000e+06
1.048575000000000000e+06
1.048575000000000000e+06
1.048575000000000000e+06
1.048575000000000000e+06
1.048575000000000000e+06
1.048575000000000000e+06
1.048575000000000000e+06
1.048575000000000000e+06
1.048575000000000000e+06
1.048575000000000000e+06
1.048575000000000000e+06
1.048575000000000000e+06
1.048575000000000000e+06
1.048575000000000000e+06
1.048575000000000000e+06
1.048574000000000000e+06
1.048574000000000000e+06
1.048575000000000000e+06
1.048575000000000000e+06
1.048575000000000000e+06
1.048575000000000000e+06
1.048575000000000000e+06
1.048575000000000000e+06
1.048575000000000000e+06
1.048575000000000000e+06
1.048575000000000000e+06
1.048575000000000000e+06
1.048575000000000000e+06
1.048575000000000000e+06
1.048575000000000000e+06
1.048575000000000000e+06
1.048575000000000000e+06
1.048575000000000000e+06
1.048575000000000000e+06
1.048575000000000000e+06
1.048575000000000000e+06
1.048575000000000000e+06
1.048575000000000000e+06
1.048575000000000000e+06
1.048575000000000000e+06
1.048575000000000000e+06
1.048575000000000000e+06
1.048575000000000000e+06
1.048575000000000000e+06
1.048575000000000000e+06
1.048575000000000000e+06
1.048575000000000000e+06
1.048575000000000000e+06
1.048575000000000000e+06
1.048575000000000000e+06
1.048575000000000000e+06
1.048575000000000000e+06
1.048575000000000000e+06
1.048575000000000000e+06
1.048575000000000000e+06
1.048575000000000000e+06
1.048575000000000000e+06
1.048575000000000000e+06
1.048575000000000000e+06
1.048575000000000000e+06
1.048575000000000000e+06
1.048575000000000000e+06
1.048575000000000000e+06
1.048575000000000000e+06
1.048574000000000000e+06
1.048575000000000000e+06
1.048575000000000000e+06
1.048575000000000000e+06
1.048575000000000000e+06
1.048575000000000000e+06
1.048575000000000000e+06
1.048575000000000000e+06
1.048575000000000000e+06
1.048575000000000000e+06
1.048575000000000000e+06
1.048575000000000000e+06
1.048575000000000000e+06
1.048575000000000000e+06
1.048575000000000000e+06
1.048575000000000000e+06
1.048575000000000000e+06
1.048575000000000000e+06
1.048575000000000000e+06
1.048575000000000000e+06
1.048575000000000000e+06
1.048575000000000000e+06
1.048575000000000000e+06
1.048575000000000000e+06
1.048575000000000000e+06
1.048575000000000000e+06
1.048575000000000000e+06
1.048575000000000000e+06
1.048574000000000000e+06
1.048574000000000000e+06
1.048574000000000000e+06
1.048574000000000000e+06
1.048574000000000000e+06
1.048574000000000000e+06
1.048575000000000000e+06
1.048575000000000000e+06
1.048575000000000000e+06
1.048575000000000000e+06
1.048575000000000000e+06
1.048575000000000000e+06
1.048575000000000000e+06
1.048575000000000000e+06
1.048575000000000000e+06
1.048575000000000000e+06
1.048575000000000000e+06
1.048575000000000000e+06
1.048575000000000000e+06
1.048575000000000000e+06
1.048575000000000000e+06
1.048575000000000000e+06
1.048575000000000000e+06
1.048575000000000000e+06
1.048575000000000000e+06
1.048575000000000000e+06
1.048575000000000000e+06
1.048575000000000000e+06
1.048575000000000000e+06
1.048575000000000000e+06
1.048575000000000000e+06
1.048575000000000000e+06
1.048575000000000000e+06
1.048575000000000000e+06
1.048575000000000000e+06
1.048575000000000000e+06
1.048575000000000000e+06
1.048575000000000000e+06
1.048575000000000000e+06
1.048575000000000000e+06
1.048575000000000000e+06
1.048575000000000000e+06
1.048575000000000000e+06
1.048575000000000000e+06
1.048574000000000000e+06
1.048574000000000000e+06
1.048575000000000000e+06
1.048575000000000000e+06
1.048575000000000000e+06
1.048575000000000000e+06
1.048575000000000000e+06
1.048575000000000000e+06
1.048575000000000000e+06
1.048575000000000000e+06
1.048575000000000000e+06
1.048575000000000000e+06
1.048575000000000000e+06
1.048575000000000000e+06
1.048575000000000000e+06
1.048575000000000000e+06
1.048575000000000000e+06
1.048575000000000000e+06
1.048574000000000000e+06
1.048574000000000000e+06
1.048574000000000000e+06
1.048574000000000000e+06
1.048574000000000000e+06
1.048574000000000000e+06
1.048574000000000000e+06
1.048574000000000000e+06
1.048574000000000000e+06
1.048574000000000000e+06
1.048574000000000000e+06
1.048575000000000000e+06
1.048575000000000000e+06
1.048575000000000000e+06
1.048575000000000000e+06
1.048574000000000000e+06
1.048574000000000000e+06
1.048574000000000000e+06
1.048575000000000000e+06
1.048575000000000000e+06
1.048575000000000000e+06
1.048575000000000000e+06
1.048575000000000000e+06
1.048575000000000000e+06
1.048575000000000000e+06
1.048575000000000000e+06
1.048575000000000000e+06
1.048575000000000000e+06
1.048575000000000000e+06
1.048575000000000000e+06
1.048575000000000000e+06
1.048575000000000000e+06
1.048575000000000000e+06
1.048575000000000000e+06
1.048575000000000000e+06
1.048575000000000000e+06
1.048575000000000000e+06
1.048575000000000000e+06
1.048575000000000000e+06
1.048575000000000000e+06
1.048575000000000000e+06
