1.000000000000000000e+00
1.000000000000000000e+00
1.000000000000000000e+00
1.000000000000000000e+00
1.000000000000000000e+00
1.000000000000000000e+00
1.000000000000000000e+00
1.000000000000000000e+00
1.000000000000000000e+00
1.000000000000000000e+00
1.000000000000000000e+00
1.000000000000000000e+00
1.000000000000000000e+00
1.000000000000000000e+00
1.000000000000000000e+00
1.000000000000000000e+00
1.000000000000000000e+00
1.000000000000000000e+00
1.000000000000000000e+00
1.000000000000000000e+00
1.000000000000000000e+00
1.000000000000000000e+00
1.000000000000000000e+00
1.000000000000000000e+00
1.000000000000000000e+00
1.000000000000000000e+00
1.000000000000000000e+00
1.000000000000000000e+00
1.000000000000000000e+00
1.000000000000000000e+00
1.000000000000000000e+00
2.000000000000000000e+00
3.000000000000000000e+00
3.000000000000000000e+00
6.000000000000000000e+00
9.000000000000000000e+00
9.000000000000000000e+00
9.000000000000000000e+00
9.000000000000000000e+00
9.000000000000000000e+00
9.000000000000000000e+00
9.000000000000000000e+00
9.000000000000000000e+00
9.000000000000000000e+00
9.000000000000000000e+00
9.000000000000000000e+00
9.000000000000000000e+00
9.000000000000000000e+00
9.000000000000000000e+00
9.000000000000000000e+00
9.000000000000000000e+00
1.300000000000000000e+01
1.700000000000000000e+01
1.700000000000000000e+01
1.700000000000000000e+01
1.700000000000000000e+01
1.700000000000000000e+01
1.700000000000000000e+01
1.700000000000000000e+01
1.700000000000000000e+01
1.700000000000000000e+01
1.700000000000000000e+01
1.700000000000000000e+01
1.700000000000000000e+01
1.700000000000000000e+01
1.700000000000000000e+01
1.700000000000000000e+01
1.700000000000000000e+01
2.900000000000000000e+01
4.100000000000000000e+01
4.100000000000000000e+01
5.700000000000000000e+01
8.600000000000000000e+01
9.900000000000000000e+01
1.590000000000000000e+02
1.920000000000000000e+02
1.920000000000000000e+02
1.920000000000000000e+02
3.270000000000000000e+02
4.620000000000000000e+02
4.620000000000000000e+02
4.620000000000000000e+02
4.620000000000000000e+02
4.620000000000000000e+02
4.620000000000000000e+02
4.620000000000000000e+02
4.620000000000000000e+02
4.620000000000000000e+02
4.620000000000000000e+02
4.620000000000000000e+02
7.320000000000000000e+02
1.098000000000000000e+03
1.194000000000000000e+03
1.194000000000000000e+03
1.870000000000000000e+03
2.546000000000000000e+03
2.546000000000000000e+03
4.574000000000000000e+03
6.602000000000000000e+03
6.602000000000000000e+03
1.268600000000000000e+04
1.876800000000000000e+04
1.876800000000000000e+04
3.701100000000000000e+04
5.524700000000000000e+04
8.463800000000000000e+04
1.240560000000000000e+05
1.418160000000000000e+05
1.418840000000000000e+05
1.530070000000000000e+05
1.531960000000000000e+05
1.709590000000000000e+05
1.750690000000000000e+05
1.751440000000000000e+05
2.008630000000000000e+05
2.167150000000000000e+05
2.167460000000000000e+05
2.353980000000000000e+05
2.364560000000000000e+05
2.365150000000000000e+05
2.365150000000000000e+05
2.365150000000000000e+05
2.365150000000000000e+05
2.365150000000000000e+05
2.365150000000000000e+05
2.365150000000000000e+05
2.365150000000000000e+05
2.365150000000000000e+05
2.365150000000000000e+05
2.365150000000000000e+05
2.903380000000000000e+05
4.079800000000000000e+05
4.540790000000000000e+05
5.707790000000000000e+05
6.273900000000000000e+05
6.340670000000000000e+05
7.351000000000000000e+05
7.895200000000000000e+05
8.001270000000000000e+05
9.039130000000000000e+05
9.351420000000000000e+05
9.408290000000000000e+05
1.008943000000000000e+06
1.025522000000000000e+06
1.027937000000000000e+06
1.034183000000000000e+06
1.038259000000000000e+06
1.040299000000000000e+06
1.040318000000000000e+06
1.044456000000000000e+06
1.046509000000000000e+06
1.046511000000000000e+06
1.047536000000000000e+06
1.048051000000000000e+06
1.048054000000000000e+06
1.048310000000000000e+06
1.048439000000000000e+06
1.048442000000000000e+06
1.048506000000000000e+06
1.048507000000000000e+06
1.048507000000000000e+06
1.048507000000000000e+06
1.048507000000000000e+06
1.048507000000000000e+06
1.048507000000000000e+06
1.048507000000000000e+06
1.048507000000000000e+06
1.048507000000000000e+06
1.048507000000000000e+06
1.048507000000000000e+06
1.048543000000000000e+06
1.048560000000000000e+06
1.048560000000000000e+06
1.048560000000000000e+06
1.048568000000000000e+06
1.048572000000000000e+06
1.048572000000000000e+06
1.048574000000000000e+06
1.048575000000000000e+06
1.048575000000000000e+06
1.048575000000000000e+06
1.048575000000000000e+06
1.048575000000000000e+06
1.048574000000000000e+06
1.048575000000000000e+06
1.048575000000000000e+06
1.048575000000000000e+06
1.048575000000000000e+06
1.048575000000000000e+06
1.048575000000000000e+06
1.048575000000000000e+06
1.048575000000000000e+06
1.048575000000000000e+06
1.048575000000000000e+06
1.048575000000000000e+06
1.048575000000000000e+06
1.048575000000000000e+06
1.048575000000000000e+06
1.048574000000000000e+06
1.048575000000000000e+06
1.048575000000000000e+06
1.048575000000000000e+06
1.048575000000000000e+06
1.048575000000000000e+06
1.048575000000000000e+06
1.048575000000000000e+06
1.048575000000000000e+06
1.048575000000000000e+06
1.048575000000000000e+06
1.048575000000000000e+06
1.048575000000000000e+06
1.048575000000000000e+06
1.048575000000000000e+06
1.048575000000000000e+06
1.048575000000000000e+06
1.048575000000000000e+06
1.048575000000000000e+06
1.048575000000000000e+06
1.048574000000000000e+06
1.048575000000000000e+06
1.048575000000000000e+06
1.048575000000000000e+06
1.048575000000000000e+06
1.048575000000000000e+06
1.048575000000000000e+06
1.048575000000000000e+06
1.048575000000000000e+06
1.048575000000000000e+06
1.048575000000000000e+06
1.048575000000000000e+06
1.048575000000000000e+06
1.048575000000000000e+06
1.048575000000000000e+06
1.048575000000000000e+06
1.048575000000000000e+06
1.048575000000000000e+06
1.048575000000000000e+06
1.048575000000000000e+06
1.048575000000000000e+06
1.048575000000000000e+06
1.048575000000000000e+06
1.048575000000000000e+06
1.048575000000000000e+06
1.048575000000000000e+06
1.048575000000000000e+06
1.048575000000000000e+06
1.048575000000000000e+06
1.048575000000000000e+06
1.048575000000000000e+06
1.048575000000000000e+06
1.048575000000000000e+06
1.048575000000000000e+06
1.048575000000000000e+06
1.048575000000000000e+06
1.048575000000000000e+06
1.048575000000000000e+06
1.048575000000000000e+06
1.048575000000000000e+06
1.048575000000000000e+06
1.048575000000000000e+06
1.048575000000000000e+06
1.048575000000000000e+06
1.048575000000000000e+06
1.048575000000000000e+06
1.048575000000000000e+06
1.048575000000000000e+06
1.048575000000000000e+06
1.048575000000000000e+06
1.048575000000000000e+06
1.048575000000000000e+06
1.048575000000000000e+06
1.048575000000000000e+06
1.048575000000000000e+06
1.048575000000000000e+06
1.048575000000000000e+06
1.048575000000000000e+06
1.048575000000000000e+06
1.048575000000000000e+06
1.048575000000000000e+06
1.048575000000000000e+06
1.048575000000000000e+06
1.048575000000000000e+06
1.048575000000000000e+06
1.048575000000000000e+06
1.048575000000000000e+06
1.048575000000000000e+06
1.048575000000000000e+06
1.048575000000000000e+06
1.048575000000000000e+06
1.048575000000000000e+06
1.048575000000000000e+06
1.048575000000000000e+06
1.048575000000000000e+06
1.048575000000000000e+06
1.048575000000000000e+06
1.048575000000000000e+06
1.048575000000000000e+06
1.048575000000000000e+06
1.048575000000000000e+06
1.048575000000000000e+06
1.048575000000000000e+06
1.048575000000000000e+06
1.048575000000000000e+06
1.048575000000000000e+06
1.048574000000000000e+06
1.048574000000000000e+06
1.048575000000000000e+06
1.048575000000000000e+06
1.048574000000000000e+06
1.048575000000000000e+06
1.048575000000000000e+06
1.048575000000000000e+06
1.048575000000000000e+06
1.048575000000000000e+06
1.048575000000000000e+06
1.048574000000000000e+06
1.048575000000000000e+06
1.048575000000000000e+06
1.048575000000000000e+06
1.048575000000000000e+06
1.048575000000000000e+06
1.048575000000000000e+06
1.048575000000000000e+06
1.048575000000000000e+06
1.048575000000000000e+06
1.048575000000000000e+06
1.048575000000000000e+06
1.048575000000000000e+06
1.048575000000000000e+06
1.048575000000000000e+06
1.048575000000000000e+06
1.048575000000000000e+06
1.048575000000000000e+06
1.048575000000000000e+06
1.048575000000000000e+06
1.048575000000000000e+06
1.048575000000000000e+06
1.048575000000000000e+06
1.048575000000000000e+06
1.048575000000000000e+06
1.048575000000000000e+06
1.048575000000000000e+06
1.048575000000000000e+06
1.048575000000000000e+06
1.048575000000000000e+06
1.048575000000000000e+06
1.048575000000000000e+06
1.048575000000000000e+06
1.048575000000000000e+06
1.048575000000000000e+06
1.048575000000000000e+06
1.048575000000000000e+06
1.048575000000000000e+06
1.048575000000000000e+06
1.048575000000000000e+06
1.048575000000000000e+06
1.048575000000000000e+06
1.048575000000000000e+06
1.048575000000000000e+06
1.048575000000000000e+06
1.048575000000000000e+06
1.048575000000000000e+06
1.048575000000000000e+06
1.048575000000000000e+06
1.048575000000000000e+06
1.048575000000000000e+06
1.048575000000000000e+06
1.048575000000000000e+06
1.048575000000000000e+06
1.048575000000000000e+06
1.048575000000000000e+06
1.048575000000000000e+06
1.048575000000000000e+06
1.048575000000000000e+06
1.048575000000000000e+06
1.048575000000000000e+06
1.048575000000000000e+06
1.048574000000000000e+06
1.048574000000000000e+06
1.048575000000000000e+06
1.048575000000000000e+06
1.048575000000000000e+06
1.048575000000000000e+06
1.048575000000000000e+06
1.048575000000000000e+06
1.048575000000000000e+06
1.048575000000000000e+06
1.048574000000000000e+06
1.048575000000000000e+06
1.048575000000000000e+06
1.048575000000000000e+06
1.048575000000000000e+06
1.048575000000000000e+06
1.048575000000000000e+06
1.048575000000000000e+06
1.048574000000000000e+06
1.048575000000000000e+06
1.048575000000000000e+06
1.048575000000000000e+06
1.048575000000000000e+06
