1.000000000000000000e+00
1.000000000000000000e+00
1.000000000000000000e+00
1.000000000000000000e+00
1.000000000000000000e+00
1.000000000000000000e+00
1.000000000000000000e+00
1.000000000000000000e+00
1.000000000000000000e+00
1.000000000000000000e+00
1.000000000000000000e+00
1.000000000000000000e+00
1.000000000000000000e+00
1.000000000000000000e+00
1.000000000000000000e+00
1.000000000000000000e+00
1.000000000000000000e+00
1.000000000000000000e+00
1.000000000000000000e+00
1.000000000000000000e+00
1.000000000000000000e+00
1.000000000000000000e+00
1.000000000000000000e+00
1.000000000000000000e+00
1.000000000000000000e+00
1.000000000000000000e+00
1.000000000000000000e+00
1.000000000000000000e+00
2.000000000000000000e+00
3.000000000000000000e+00
3.000000000000000000e+00
6.000000000000000000e+00
9.000000000000000000e+00
9.000000000000000000e+00
9.000000000000000000e+00
9.000000000000000000e+00
9.000000000000000000e+00
9.000000000000000000e+00
9.000000000000000000e+00
9.000000000000000000e+00
9.000000000000000000e+00
9.000000000000000000e+00
9.000000000000000000e+00
9.000000000000000000e+00
9.000000000000000000e+00
9.000000000000000000e+00
9.000000000000000000e+00
9.000000000000000000e+00
9.000000000000000000e+00
9.000000000000000000e+00
9.000000000000000000e+00
1.300000000000000000e+01
1.700000000000000000e+01
1.700000000000000000e+01
1.700000000000000000e+01
1.700000000000000000e+01
1.700000000000000000e+01
1.700000000000000000e+01
1.700000000000000000e+01
1.700000000000000000e+01
1.700000000000000000e+01
1.700000000000000000e+01
1.700000000000000000e+01
1.700000000000000000e+01
1.700000000000000000e+01
2.900000000000000000e+01
4.100000000000000000e+01
4.100000000000000000e+01
5.700000000000000000e+01
8.600000000000000000e+01
9.900000000000000000e+01
1.590000000000000000e+02
1.920000000000000000e+02
1.920000000000000000e+02
1.920000000000000000e+02
3.270000000000000000e+02
4.620000000000000000e+02
4.620000000000000000e+02
8.670000000000000000e+02
1.272000000000000000e+03
1.272000000000000000e+03
1.272000000000000000e+03
1.272000000000000000e+03
1.272000000000000000e+03
1.272000000000000000e+03
1.272000000000000000e+03
1.272000000000000000e+03
1.272000000000000000e+03
1.272000000000000000e+03
1.272000000000000000e+03
2.082000000000000000e+03
3.122000000000000000e+03
3.352000000000000000e+03
3.352000000000000000e+03
5.376000000000000000e+03
7.400000000000000000e+03
7.400000000000000000e+03
1.347200000000000000e+04
1.954400000000000000e+04
1.954400000000000000e+04
3.776000000000000000e+04
5.597600000000000000e+04
8.584400000000000000e+04
1.334240000000000000e+05
1.550240000000000000e+05
1.550360000000000000e+05
1.634440000000000000e+05
1.640810000000000000e+05
1.862900000000000000e+05
2.012110000000000000e+05
2.012320000000000000e+05
2.318050000000000000e+05
2.379150000000000000e+05
2.380060000000000000e+05
2.721960000000000000e+05
2.951310000000000000e+05
2.965160000000000000e+05
3.217030000000000000e+05
3.231670000000000000e+05
3.233500000000000000e+05
3.233500000000000000e+05
3.233500000000000000e+05
3.233500000000000000e+05
3.233500000000000000e+05
3.233500000000000000e+05
3.233500000000000000e+05
3.233500000000000000e+05
3.233500000000000000e+05
3.233500000000000000e+05
3.233500000000000000e+05
4.005330000000000000e+05
5.384430000000000000e+05
5.886750000000000000e+05
7.253410000000000000e+05
7.935150000000000000e+05
8.060490000000000000e+05
9.071350000000000000e+05
9.364030000000000000e+05
9.436790000000000000e+05
1.010883000000000000e+06
1.026064000000000000e+06
1.028056000000000000e+06
1.034200000000000000e+06
1.038305000000000000e+06
1.040365000000000000e+06
1.040311000000000000e+06
1.044412000000000000e+06
1.046521000000000000e+06
1.046520000000000000e+06
1.047544000000000000e+06
1.048055000000000000e+06
1.048057000000000000e+06
1.048315000000000000e+06
1.048442000000000000e+06
1.048442000000000000e+06
1.048505000000000000e+06
1.048539000000000000e+06
1.048540000000000000e+06
1.048556000000000000e+06
1.048556000000000000e+06
1.048556000000000000e+06
1.048556000000000000e+06
1.048556000000000000e+06
1.048556000000000000e+06
1.048556000000000000e+06
1.048556000000000000e+06
1.048556000000000000e+06
1.048556000000000000e+06
1.048556000000000000e+06
1.048556000000000000e+06
1.048566000000000000e+06
1.048571000000000000e+06
1.048572000000000000e+06
1.048572000000000000e+06
1.048574000000000000e+06
1.048575000000000000e+06
1.048575000000000000e+06
1.048575000000000000e+06
1.048575000000000000e+06
1.048575000000000000e+06
1.048575000000000000e+06
1.048575000000000000e+06
1.048574000000000000e+06
1.048575000000000000e+06
1.048575000000000000e+06
1.048575000000000000e+06
1.048575000000000000e+06
1.048575000000000000e+06
1.048575000000000000e+06
1.048575000000000000e+06
1.048575000000000000e+06
1.048575000000000000e+06
1.048575000000000000e+06
1.048575000000000000e+06
1.048575000000000000e+06
1.048574000000000000e+06
1.048574000000000000e+06
1.048574000000000000e+06
1.048574000000000000e+06
1.048574000000000000e+06
1.048574000000000000e+06
1.048574000000000000e+06
1.048574000000000000e+06
1.048574000000000000e+06
1.048574000000000000e+06
1.048574000000000000e+06
1.048574000000000000e+06
1.048574000000000000e+06
1.048574000000000000e+06
1.048574000000000000e+06
1.048574000000000000e+06
1.048574000000000000e+06
1.048574000000000000e+06
1.048575000000000000e+06
1.048575000000000000e+06
1.048575000000000000e+06
1.048575000000000000e+06
1.048575000000000000e+06
1.048575000000000000e+06
1.048575000000000000e+06
1.048575000000000000e+06
1.048575000000000000e+06
1.048575000000000000e+06
1.048575000000000000e+06
1.048575000000000000e+06
1.048575000000000000e+06
1.048575000000000000e+06
1.048574000000000000e+06
1.048574000000000000e+06
1.048575000000000000e+06
1.048575000000000000e+06
1.048575000000000000e+06
1.048575000000000000e+06
1.048575000000000000e+06
1.048575000000000000e+06
1.048575000000000000e+06
1.048575000000000000e+06
1.048575000000000000e+06
1.048575000000000000e+06
1.048575000000000000e+06
1.048575000000000000e+06
1.048575000000000000e+06
1.048575000000000000e+06
1.048575000000000000e+06
1.048575000000000000e+06
1.048575000000000000e+06
1.048575000000000000e+06
1.048575000000000000e+06
1.048575000000000000e+06
1.048575000000000000e+06
1.048575000000000000e+06
1.048575000000000000e+06
1.048575000000000000e+06
1.048575000000000000e+06
1.048575000000000000e+06
1.048575000000000000e+06
1.048575000000000000e+06
1.048575000000000000e+06
1.048575000000000000e+06
1.048575000000000000e+06
1.048575000000000000e+06
1.048575000000000000e+06
1.048575000000000000e+06
1.048575000000000000e+06
1.048575000000000000e+06
1.048575000000000000e+06
1.048575000000000000e+06
1.048575000000000000e+06
1.048575000000000000e+06
1.048575000000000000e+06
1.048575000000000000e+06
1.048575000000000000e+06
1.048575000000000000e+06
1.048575000000000000e+06
1.048575000000000000e+06
1.048575000000000000e+06
1.048575000000000000e+06
1.048575000000000000e+06
1.048575000000000000e+06
1.048575000000000000e+06
1.048575000000000000e+06
1.048575000000000000e+06
1.048575000000000000e+06
1.048575000000000000e+06
1.048575000000000000e+06
1.048575000000000000e+06
1.048575000000000000e+06
1.048575000000000000e+06
1.048575000000000000e+06
1.048575000000000000e+06
1.048575000000000000e+06
1.048575000000000000e+06
1.048575000000000000e+06
1.048575000000000000e+06
1.048575000000000000e+06
1.048575000000000000e+06
1.048575000000000000e+06
1.048575000000000000e+06
1.048575000000000000e+06
1.048575000000000000e+06
1.048575000000000000e+06
1.048575000000000000e+06
1.048575000000000000e+06
1.048575000000000000e+06
1.048575000000000000e+06
1.048575000000000000e+06
1.048575000000000000e+06
1.048575000000000000e+06
1.048575000000000000e+06
1.048575000000000000e+06
1.048575000000000000e+06
1.048575000000000000e+06
1.048575000000000000e+06
1.048575000000000000e+06
1.048575000000000000e+06
1.048575000000000000e+06
1.048575000000000000e+06
1.048575000000000000e+06
1.048575000000000000e+06
1.048575000000000000e+06
1.048575000000000000e+06
1.048575000000000000e+06
1.048575000000000000e+06
1.048575000000000000e+06
1.048575000000000000e+06
1.048575000000000000e+06
1.048575000000000000e+06
1.048575000000000000e+06
1.048575000000000000e+06
1.048575000000000000e+06
1.048575000000000000e+06
1.048575000000000000e+06
1.048575000000000000e+06
1.048575000000000000e+06
1.048575000000000000e+06
1.048575000000000000e+06
1.048575000000000000e+06
1.048575000000000000e+06
1.048575000000000000e+06
1.048575000000000000e+06
1.048575000000000000e+06
1.048575000000000000e+06
1.048575000000000000e+06
1.048575000000000000e+06
1.048575000000000000e+06
1.048575000000000000e+06
1.048575000000000000e+06
1.048575000000000000e+06
1.048574000000000000e+06
1.048575000000000000e+06
1.048575000000000000e+06
1.048575000000000000e+06
1.048575000000000000e+06
1.048575000000000000e+06
1.048575000000000000e+06
1.048575000000000000e+06
1.048575000000000000e+06
1.048575000000000000e+06
1.048575000000000000e+06
1.048575000000000000e+06
1.048575000000000000e+06
1.048575000000000000e+06
1.048575000000000000e+06
1.048575000000000000e+06
1.048575000000000000e+06
1.048575000000000000e+06
1.048575000000000000e+06
1.048575000000000000e+06
1.048575000000000000e+06
1.048575000000000000e+06
1.048574000000000000e+06
1.048574000000000000e+06
1.048575000000000000e+06
1.048575000000000000e+06
1.048575000000000000e+06
1.048575000000000000e+06
1.048575000000000000e+06
1.048575000000000000e+06
1.048575000000000000e+06
1.048575000000000000e+06
1.048575000000000000e+06
1.048575000000000000e+06
1.048575000000000000e+06
1.048575000000000000e+06
1.048575000000000000e+06
1.048575000000000000e+06
1.048575000000000000e+06
1.048575000000000000e+06
1.048575000000000000e+06
1.048575000000000000e+06
1.048575000000000000e+06
1.048574000000000000e+06
1.048575000000000000e+06
1.048574000000000000e+06
1.048575000000000000e+06
1.048575000000000000e+06
1.048575000000000000e+06
1.048575000000000000e+06
1.048575000000000000e+06
1.048575000000000000e+06
