0.000671
0.237610
0.070496
0.108948
0.070374
0.108948
0.064514
0.029297
0.070251
0.109070
0.064514
0.029358
0.064270
0.029297
0.038269
-0.005615
0.070312
0.109253
0.064575
0.029419
0.064392
0.029419
0.038269
-0.005554
0.064331
0.029480
0.038269
-0.005493
0.038269
-0.005493
0.015991
-0.013855
0.070435
0.109253
0.064636
0.029419
0.064453
0.029419
0.038330
-0.005615
0.064270
0.029358
0.038208
-0.005493
0.038147
-0.005554
0.015930
-0.013916
0.064392
0.029602
0.038330
-0.005493
0.038269
-0.005493
0.015991
-0.013855
0.038208
-0.005493
0.015991
-0.013855
0.015808
-0.013794
0.003235
-0.011108
0.070557
0.109009
0.064636
0.029175
0.064453
0.029236
0.038269
-0.005676
0.064331
0.029358
0.038269
-0.005554
0.038147
-0.005554
0.015930
-0.013916
0.064392
0.029541
0.038269
-0.005493
0.038269
-0.005493
0.015991
-0.013855
0.038086
-0.005432
0.015930
-0.013794
0.015808
-0.013794
0.003174
-0.011047
0.064392
0.029541
0.038269
-0.005493
0.038269
-0.005493
0.015991
-0.013855
0.038208
-0.005493
0.015991
-0.013855
0.015747
-0.013855
0.003174
-0.011047
0.038147
-0.005371
0.015991
-0.013794
0.015808
-0.013794
0.003235
-0.011108
0.015747
-0.013733
0.003174
-0.011047
0.002991
-0.010986
-0.001831
-0.005981
0.070496
0.108948
0.064636
0.029175
0.064453
0.029114
0.038330
-0.005737
0.064331
0.029358
0.038269
-0.005554
0.038147
-0.005554
0.015930
-0.013916
0.064392
0.029541
0.038269
-0.005493
0.038269
-0.005493
0.015991
-0.013855
0.038086
-0.005432
0.015930
-0.013794
0.015808
-0.013794
0.003174
-0.011047
0.064392
0.029541
0.038269
-0.005493
0.038269
-0.005493
0.015991
-0.013855
0.038208
-0.005493
0.015991
-0.013855
0.015747
-0.013855
0.003174
-0.011047
0.038147
-0.005371
0.015991
-0.013794
0.015808
-0.013794
0.003235
-0.011108
0.015747
-0.013733
0.003174
-0.011047
0.002991
-0.010986
-0.001831
-0.005981
0.064453
0.029419
0.038330
-0.005615
0.038208
-0.005554
0.015930
-0.013916
0.038208
-0.005493
0.015991
-0.013855
0.015747
-0.013855
0.003174
-0.011047
0.038269
-0.005432
0.016052
-0.013855
0.015808
-0.013794
0.003235
-0.011108
0.015747
-0.013733
0.003174
-0.011047
0.002991
-0.010986
-0.001831
-0.005981
0.038269
-0.005310
0.016052
-0.013855
0.015930
-0.013794
0.003235
-0.011169
0.015747
-0.013733
0.003174
-0.011047
0.002991
-0.010986
-0.001831
-0.005981
0.015808
-0.013733
0.003235
-0.010986
0.003113
-0.011047
-0.001831
-0.006042
0.003052
-0.010925
-0.001831
-0.005981
-0.002014
-0.005981
-0.002747
-0.002197
0.070496
0.108948
0.064636
0.029175
0.064453
0.029114
0.038330
-0.005737
0.064331
0.029358
0.038269
-0.005554
0.038147
-0.005554
0.015930
-0.013916
0.064392
0.029541
0.038269
-0.005493
0.038269
-0.005493
0.015991
-0.013855
0.038086
-0.005432
0.015930
-0.013794
0.015808
-0.013794
0.003174
-0.011047
0.064392
0.029541
0.038269
-0.005493
0.038269
-0.005493
0.015991
-0.013855
0.038208
-0.005493
0.015991
-0.013855
0.015747
-0.013855
0.003174
-0.011047
0.038147
-0.005371
0.015991
-0.013794
0.015808
-0.013794
0.003235
-0.011108
0.015747
-0.013733
0.003174
-0.011047
0.002991
-0.010986
-0.001831
-0.005981
0.064453
0.029419
0.038330
-0.005615
0.038208
-0.005554
0.015930
-0.013916
0.038208
-0.005493
0.015991
-0.013855
0.015747
-0.013855
0.003174
-0.011047
0.038269
-0.005432
0.016052
-0.013855
0.015808
-0.013794
0.003235
-0.011108
0.015747
-0.013733
0.003174
-0.011047
0.002991
-0.010986
-0.001831
-0.005981
0.038269
-0.005310
0.016052
-0.013855
0.015930
-0.013794
0.003235
-0.011169
0.015747
-0.013733
0.003174
-0.011047
0.002991
-0.010986
-0.001831
-0.005981
0.015808
-0.013733
0.003235
-0.010986
0.003113
-0.011047
-0.001831
-0.006042
0.003052
-0.010925
-0.001831
-0.005981
-0.002014
-0.005981
-0.002747
-0.002197
0.064819
0.029358
0.038391
-0.005737
0.038269
-0.005615
0.015930
-0.013977
0.038147
-0.005554
0.015930
-0.013916
0.015686
-0.013916
0.003113
-0.011108
0.038147
-0.005554
0.015930
-0.013916
0.015808
-0.013794
0.003235
-0.011108
0.015808
-0.013794
0.003174
-0.011047
0.002991
-0.011047
-0.001831
-0.006042
0.038269
-0.005493
0.015991
-0.013916
0.015869
-0.013916
0.003235
-0.011169
0.015808
-0.013794
0.003174
-0.011047
0.002991
-0.011047
-0.001831
-0.006042
0.015808
-0.013733
0.003296
-0.011047
0.003113
-0.011047
-0.001831
-0.006042
0.003052
-0.010925
-0.001831
-0.005981
-0.002014
-0.005981
-0.002747
-0.002197
0.038269
-0.005493
0.015991
-0.013916
0.015869
-0.013916
0.003235
-0.011169
0.015808
-0.013794
0.003174
-0.011047
0.002991
-0.011047
-0.001831
-0.006042
0.015747
-0.013733
0.003174
-0.011047
0.002991
-0.010986
-0.001831
-0.005981
0.002991
-0.010986
-0.001831
-0.005981
-0.002014
-0.005981
-0.002747
-0.002197
0.015808
-0.013733
0.003296
-0.011047
0.003113
-0.011047
-0.001831
-0.006042
0.002991
-0.010986
-0.001831
-0.005981
-0.001953
-0.005981
-0.002686
-0.002258
0.003113
-0.010803
-0.001770
-0.005981
-0.002014
-0.005981
-0.002747
-0.002197
-0.002075
-0.005920
-0.002686
-0.002197
-0.002808
-0.002197
-0.001892
-0.000244
0.070312
0.109070
0.064575
0.029297
0.064331
0.029297
0.038269
-0.005615
0.064270
0.029297
0.038269
-0.005615
0.038147
-0.005554
0.015930
-0.013916
0.064331
0.029480
0.038208
-0.005493
0.038208
-0.005493
0.015991
-0.013855
0.038086
-0.005432
0.015930
-0.013794
0.015808
-0.013794
0.003174
-0.011047
0.064392
0.029541
0.038391
-0.005554
0.038269
-0.005493
0.015991
-0.013855
0.038208
-0.005493
0.015991
-0.013855
0.015808
-0.013794
0.003235
-0.011108
0.038147
-0.005371
0.015991
-0.013794
0.015808
-0.013794
0.003235
-0.011108
0.015747
-0.013733
0.003174
-0.011047
0.002991
-0.010986
-0.001831
-0.005981
0.064392
0.029419
0.038269
-0.005554
0.038208
-0.005554
0.015930
-0.013916
0.038086
-0.005493
0.015869
-0.013855
0.015747
-0.013855
0.003174
-0.011047
0.038147
-0.005371
0.015991
-0.013794
0.015808
-0.013794
0.003235
-0.011108
0.015747
-0.013733
0.003174
-0.011047
0.002991
-0.010986
-0.001831
-0.005981
0.038269
-0.005310
0.016052
-0.013855
0.015930
-0.013794
0.003235
-0.011169
0.015747
-0.013733
0.003174
-0.011047
0.002991
-0.010986
-0.001831
-0.005981
0.015808
-0.013733
0.003235
-0.010986
0.003113
-0.011047
-0.001831
-0.006042
0.003052
-0.010925
-0.001831
-0.005981
-0.002014
-0.005981
-0.002747
-0.002197
0.064575
0.029358
0.038391
-0.005676
0.038208
-0.005554
0.015930
-0.013977
0.038147
-0.005554
0.015930
-0.013916
0.015808
-0.013794
0.003235
-0.011108
0.038208
-0.005493
0.015991
-0.013855
0.015808
-0.013794
0.003235
-0.011108
0.015747
-0.013733
0.003174
-0.011047
0.002991
-0.010986
-0.001831
-0.005981
0.038269
-0.005493
0.015991
-0.013855
0.015808
-0.013794
0.003235
-0.011108
0.015747
-0.013733
0.003174
-0.011047
0.002991
-0.010986
-0.001831
-0.005981
0.015808
-0.013733
0.003296
-0.011047
0.003113
-0.011047
-0.001831
-0.006042
0.003052
-0.010925
-0.001831
-0.005981
-0.002014
-0.005981
-0.002747
-0.002197
0.038330
-0.005493
0.016052
-0.013916
0.015930
-0.013916
0.003235
-0.011169
0.015808
-0.013794
0.003174
-0.011047
0.002991
-0.011047
-0.001831
-0.006042
0.015808
-0.013794
0.003235
-0.011108
0.003052
-0.011108
-0.001831
-0.006104
0.002991
-0.010986
-0.001831
-0.005981
-0.001953
-0.005981
-0.002686
-0.002258
0.015808
-0.013672
0.003296
-0.011047
0.003113
-0.011047
-0.001831
-0.006042
0.003113
-0.010986
-0.001831
-0.006042
-0.001953
-0.005981
-0.002686
-0.002258
0.003113
-0.010803
-0.001709
-0.005981
-0.001953
-0.005981
-0.002686
-0.002258
-0.002075
-0.005920
-0.002686
-0.002197
-0.002808
-0.002197
-0.001892
-0.000244
0.064453
0.029297
0.038269
-0.005615
0.038208
-0.005554
0.015930
-0.013916
0.038086
-0.005493
0.015869
-0.013855
0.015686
-0.013916
0.003113
-0.011108
0.038208
-0.005493
0.015991
-0.013855
0.015808
-0.013794
0.003235
-0.011108
0.015747
-0.013733
0.003174
-0.011047
0.002991
-0.010986
-0.001831
-0.005981
0.038269
-0.005493
0.015991
-0.013855
0.015808
-0.013794
0.003235
-0.011108
0.015747
-0.013733
0.003174
-0.011047
0.002991
-0.010986
-0.001831
-0.005981
0.015808
-0.013733
0.003296
-0.011047
0.003113
-0.011047
-0.001831
-0.006042
0.003052
-0.010925
-0.001831
-0.005981
-0.002014
-0.005981
-0.002747
-0.002197
0.038330
-0.005493
0.016052
-0.013916
0.015930
-0.013916
0.003235
-0.011169
0.015808
-0.013794
0.003174
-0.011047
0.002991
-0.011047
-0.001831
-0.006042
0.015808
-0.013794
0.003235
-0.011108
0.003052
-0.011108
-0.001831
-0.006104
0.002991
-0.010986
-0.001831
-0.005981
-0.001953
-0.005981
-0.002686
-0.002258
0.015808
-0.013672
0.003296
-0.011047
0.003113
-0.011047
-0.001831
-0.006042
0.003113
-0.010986
-0.001831
-0.006042
-0.001953
-0.005981
-0.002686
-0.002258
0.003113
-0.010803
-0.001709
-0.005981
-0.001953
-0.005981
-0.002686
-0.002258
-0.002075
-0.005920
-0.002686
-0.002197
-0.002808
-0.002197
-0.001892
-0.000244
0.038269
-0.005493
0.015991
-0.013916
0.015869
-0.013916
0.003235
-0.011169
0.015808
-0.013794
0.003174
-0.011047
0.002991
-0.011047
-0.001831
-0.006042
0.015747
-0.013733
0.003174
-0.011047
0.002991
-0.010986
-0.001831
-0.005981
0.002991
-0.010986
-0.001831
-0.005981
-0.002014
-0.005981
-0.002747
-0.002197
0.015808
-0.013733
0.003296
-0.011047
0.003113
-0.011047
-0.001831
-0.006042
0.002991
-0.010986
-0.001831
-0.005981
-0.001953
-0.005981
-0.002686
-0.002258
0.003113
-0.010803
-0.001770
-0.005981
-0.002014
-0.005981
-0.002747
-0.002197
-0.002075
-0.005920
-0.002686
-0.002197
-0.002808
-0.002197
-0.001892
-0.000244
0.015869
-0.013733
0.003296
-0.011047
0.003174
-0.011108
-0.001831
-0.006104
0.003174
-0.011108
-0.001831
-0.006104
-0.001953
-0.006042
-0.002686
-0.002258
0.003113
-0.010803
-0.001770
-0.005981
-0.002014
-0.005981
-0.002747
-0.002197
-0.002075
-0.005920
-0.002686
-0.002197
-0.002808
-0.002197
-0.001892
-0.000244
0.003235
-0.010864
-0.001709
-0.006042
-0.001892
-0.006042
-0.002625
-0.002258
-0.001953
-0.005859
-0.002625
-0.002136
-0.002808
-0.002197
-0.001892
-0.000244
-0.001892
-0.005859
-0.002625
-0.002136
-0.002747
-0.002136
-0.001892
-0.000244
-0.002808
-0.002014
-0.001892
-0.000183
-0.002136
-0.000183
-0.001038
0.000427
0.070435
0.109131
0.064575
0.029358
0.064453
0.029297
0.038269
-0.005615
0.064331
0.029358
0.038269
-0.005554
0.038147
-0.005554
0.015930
-0.013916
0.064392
0.029602
0.038330
-0.005493
0.038269
-0.005493
0.015991
-0.013855
0.038208
-0.005493
0.015991
-0.013855
0.015808
-0.013794
0.003235
-0.011108
0.064392
0.029541
0.038391
-0.005554
0.038269
-0.005493
0.015991
-0.013855
0.038208
-0.005493
0.015991
-0.013855
0.015808
-0.013794
0.003235
-0.011108
0.038147
-0.005371
0.015991
-0.013794
0.015808
-0.013794
0.003235
-0.011108
0.015747
-0.013733
0.003174
-0.011047
0.002991
-0.010986
-0.001831
-0.005981
0.064392
0.029541
0.038391
-0.005554
0.038269
-0.005493
0.015991
-0.013855
0.038208
-0.005493
0.015991
-0.013855
0.015808
-0.013794
0.003235
-0.011108
0.038147
-0.005371
0.015991
-0.013794
0.015808
-0.013794
0.003235
-0.011108
0.015747
-0.013733
0.003174
-0.011047
0.002991
-0.010986
-0.001831
-0.005981
0.038330
-0.005249
0.016052
-0.013855
0.015930
-0.013794
0.003235
-0.011169
0.015747
-0.013733
0.003174
-0.011047
0.002991
-0.010986
-0.001831
-0.005981
0.015869
-0.013611
0.003357
-0.011047
0.003113
-0.010925
-0.001770
-0.006042
0.003052
-0.010864
-0.001770
-0.005981
-0.002014
-0.005981
-0.002747
-0.002197
0.064392
0.029419
0.038269
-0.005554
0.038208
-0.005554
0.015930
-0.013916
0.038086
-0.005493
0.015869
-0.013855
0.015747
-0.013855
0.003174
-0.011047
0.038147
-0.005371
0.015991
-0.013794
0.015808
-0.013794
0.003174
-0.011047
0.015747
-0.013733
0.003174
-0.011047
0.002991
-0.010986
-0.001831
-0.005981
0.038269
-0.005310
0.016052
-0.013855
0.015930
-0.013794
0.003235
-0.011169
0.015747
-0.013733
0.003174
-0.011047
0.002991
-0.010986
-0.001831
-0.005981
0.015808
-0.013733
0.003235
-0.010986
0.003113
-0.011047
-0.001831
-0.006042
0.003052
-0.010925
-0.001831
-0.005981
-0.002014
-0.005981
-0.002747
-0.002197
0.038269
-0.005432
0.016052
-0.013916
0.015869
-0.013855
0.003235
-0.011169
0.015808
-0.013794
0.003174
-0.011047
0.002991
-0.011047
-0.001831
-0.006042
0.015808
-0.013794
0.003235
-0.011108
0.003052
-0.011108
-0.001831
-0.006104
0.002991
-0.010986
-0.001831
-0.005981
-0.001953
-0.005981
-0.002686
-0.002258
0.015808
-0.013733
0.003296
-0.011047
0.003113
-0.011047
-0.001831
-0.006042
0.002991
-0.010986
-0.001831
-0.005981
-0.001953
-0.005981
-0.002686
-0.002258
0.003113
-0.010803
-0.001770
-0.005981
-0.002014
-0.005981
-0.002747
-0.002197
-0.002075
-0.005920
-0.002686
-0.002197
-0.002808
-0.002197
-0.001892
-0.000244
0.064392
0.029419
0.038269
-0.005554
0.038208
-0.005554
0.015930
-0.013916
0.038086
-0.005493
0.015869
-0.013855
0.015747
-0.013855
0.003174
-0.011047
0.038147
-0.005371
0.015991
-0.013794
0.015808
-0.013794
0.003174
-0.011047
0.015747
-0.013733
0.003174
-0.011047
0.002991
-0.010986
-0.001831
-0.005981
0.038269
-0.005493
0.015991
-0.013855
0.015808
-0.013794
0.003235
-0.011108
0.015747
-0.013733
0.003174
-0.011047
0.002991
-0.010986
-0.001831
-0.005981
0.015808
-0.013733
0.003296
-0.011047
0.003113
-0.011047
-0.001831
-0.006042
0.003052
-0.010925
-0.001831
-0.005981
-0.002014
-0.005981
-0.002747
-0.002197
0.038391
-0.005371
0.016052
-0.013916
0.015869
-0.013855
0.003235
-0.011169
0.015808
-0.013794
0.003174
-0.011047
0.002991
-0.011047
-0.001831
-0.006042
0.015869
-0.013611
0.003357
-0.011047
0.003113
-0.010925
-0.001770
-0.006042
0.003052
-0.010864
-0.001770
-0.005981
-0.002014
-0.005981
-0.002747
-0.002197
0.015808
-0.013672
0.003296
-0.011047
0.003113
-0.011047
-0.001831
-0.006042
0.003113
-0.010986
-0.001831
-0.006042
-0.001953
-0.005981
-0.002686
-0.002258
0.003113
-0.010803
-0.001709
-0.005981
-0.001953
-0.005981
-0.002686
-0.002258
-0.002075
-0.005920
-0.002686
-0.002197
-0.002808
-0.002197
-0.001892
-0.000244
0.038330
-0.005493
0.016052
-0.013916
0.015930
-0.013916
0.003235
-0.011169
0.015808
-0.013794
0.003174
-0.011047
0.002991
-0.011047
-0.001831
-0.006042
0.015808
-0.013794
0.003235
-0.011108
0.003052
-0.011108
-0.001831
-0.006104
0.002991
-0.010986
-0.001831
-0.005981
-0.001953
-0.005981
-0.002686
-0.002258
0.015808
-0.013733
0.003296
-0.011047
0.003113
-0.011047
-0.001831
-0.006042
0.002991
-0.010986
-0.001831
-0.005981
-0.001953
-0.005981
-0.002686
-0.002258
0.003113
-0.010803
-0.001770
-0.005981
-0.002014
-0.005981
-0.002747
-0.002197
-0.002075
-0.005920
-0.002686
-0.002197
-0.002808
-0.002197
-0.001892
-0.000244
0.015991
-0.013794
0.003296
-0.011108
0.003113
-0.011108
-0.001831
-0.006104
0.003174
-0.011108
-0.001831
-0.006104
-0.001953
-0.006042
-0.002686
-0.002258
0.003113
-0.010803
-0.001770
-0.005981
-0.002014
-0.005981
-0.002747
-0.002197
-0.002075
-0.005920
-0.002686
-0.002197
-0.002808
-0.002197
-0.001892
-0.000244
0.003235
-0.010864
-0.001709
-0.006042
-0.001892
-0.006042
-0.002686
-0.002258
-0.001953
-0.005981
-0.002625
-0.002258
-0.002808
-0.002258
-0.001953
-0.000305
-0.001892
-0.005859
-0.002625
-0.002136
-0.002747
-0.002136
-0.001892
-0.000244
-0.002808
-0.002014
-0.001892
-0.000183
-0.002136
-0.000183
-0.001038
0.000427
0.064392
0.029419
0.038269
-0.005554
0.038208
-0.005554
0.015930
-0.013916
0.038086
-0.005493
0.015869
-0.013855
0.015747
-0.013855
0.003174
-0.011047
0.038147
-0.005371
0.015991
-0.013794
0.015808
-0.013794
0.003174
-0.011047
0.015747
-0.013733
0.003174
-0.011047
0.002991
-0.010986
-0.001831
-0.005981
0.038269
-0.005493
0.015991
-0.013855
0.015808
-0.013794
0.003235
-0.011108
0.015747
-0.013733
0.003174
-0.011047
0.002991
-0.010986
-0.001831
-0.005981
0.015808
-0.013733
0.003296
-0.011047
0.003113
-0.011047
-0.001831
-0.006042
0.003052
-0.010925
-0.001831
-0.005981
-0.002014
-0.005981
-0.002747
-0.002197
0.038391
-0.005371
0.016052
-0.013916
0.015869
-0.013855
0.003235
-0.011169
0.015808
-0.013794
0.003174
-0.011047
0.002991
-0.011047
-0.001831
-0.006042
0.015869
-0.013611
0.003357
-0.011047
0.003113
-0.010925
-0.001770
-0.006042
0.003052
-0.010864
-0.001770
-0.005981
-0.002014
-0.005981
-0.002747
-0.002197
0.015808
-0.013672
0.003296
-0.011047
0.003113
-0.011047
-0.001831
-0.006042
0.003113
-0.010986
-0.001831
-0.006042
-0.001953
-0.005981
-0.002686
-0.002258
0.003113
-0.010803
-0.001709
-0.005981
-0.001953
-0.005981
-0.002686
-0.002258
-0.002075
-0.005920
-0.002686
-0.002197
-0.002808
-0.002197
-0.001892
-0.000244
0.038269
-0.005493
0.015991
-0.013855
0.015808
-0.013794
0.003235
-0.011108
0.015747
-0.013733
0.003174
-0.011047
0.002991
-0.010986
-0.001831
-0.005981
0.015808
-0.013733
0.003296
-0.011047
0.003113
-0.011047
-0.001831
-0.006042
0.003052
-0.010925
-0.001831
-0.005981
-0.002014
-0.005981
-0.002747
-0.002197
0.015808
-0.013672
0.003296
-0.011047
0.003113
-0.011047
-0.001831
-0.006042
0.003113
-0.010986
-0.001831
-0.006042
-0.001953
-0.005981
-0.002686
-0.002258
0.003113
-0.010803
-0.001709
-0.005981
-0.001953
-0.005981
-0.002686
-0.002258
-0.002075
-0.005920
-0.002686
-0.002197
-0.002808
-0.002197
-0.001892
-0.000244
0.015991
-0.013794
0.003296
-0.011108
0.003113
-0.011108
-0.001831
-0.006104
0.003174
-0.011108
-0.001831
-0.006104
-0.001953
-0.006042
-0.002686
-0.002258
0.003113
-0.010803
-0.001770
-0.005981
-0.002014
-0.005981
-0.002747
-0.002197
-0.002075
-0.005920
-0.002686
-0.002197
-0.002808
-0.002197
-0.001892
-0.000244
0.003235
-0.010864
-0.001709
-0.006042
-0.001892
-0.006042
-0.002686
-0.002258
-0.001953
-0.005981
-0.002625
-0.002258
-0.002808
-0.002258
-0.001953
-0.000305
-0.001892
-0.005859
-0.002625
-0.002136
-0.002747
-0.002136
-0.001892
-0.000244
-0.002808
-0.002014
-0.001892
-0.000183
-0.002136
-0.000183
-0.001038
0.000427
0.038147
-0.005554
0.015930
-0.013916
0.015686
-0.013916
0.003113
-0.011108
0.015686
-0.013733
0.003174
-0.010986
0.002991
-0.011047
-0.001831
-0.006042
0.015747
-0.013733
0.003174
-0.011047
0.002991
-0.010986
-0.001831
-0.005981
0.002991
-0.010986
-0.001831
-0.005981
-0.002014
-0.005981
-0.002747
-0.002197
0.015869
-0.013611
0.003357
-0.011047
0.003113
-0.010925
-0.001770
-0.006042
0.003052
-0.010864
-0.001770
-0.005981
-0.002014
-0.005981
-0.002747
-0.002197
0.003113
-0.010803
-0.001709
-0.005981
-0.001953
-0.005920
-0.002686
-0.002197
-0.002075
-0.005859
-0.002686
-0.002136
-0.002808
-0.002014
-0.001892
-0.000183
0.015869
-0.013733
0.003296
-0.011047
0.003174
-0.011108
-0.001831
-0.006104
0.003174
-0.011108
-0.001831
-0.006104
-0.001953
-0.006042
-0.002686
-0.002258
0.003113
-0.010803
-0.001770
-0.005981
-0.002014
-0.005981
-0.002747
-0.002197
-0.002075
-0.005920
-0.002686
-0.002197
-0.002808
-0.002197
-0.001892
-0.000244
0.003235
-0.010864
-0.001709
-0.006042
-0.001892
-0.006042
-0.002625
-0.002258
-0.001953
-0.005859
-0.002625
-0.002136
-0.002808
-0.002197
-0.001892
-0.000244
-0.001892
-0.005859
-0.002625
-0.002136
-0.002747
-0.002136
-0.001892
-0.000244
-0.002808
-0.002014
-0.001892
-0.000183
-0.002136
-0.000183
-0.001038
0.000427
0.015808
-0.013794
0.003235
-0.011108
0.003052
-0.011169
-0.001831
-0.006104
0.002930
-0.011108
-0.001831
-0.006042
-0.001953
-0.005981
-0.002686
-0.002258
0.002991
-0.010803
-0.001831
-0.005920
-0.001953
-0.005981
-0.002686
-0.002258
-0.002075
-0.005859
-0.002686
-0.002136
-0.002808
-0.002014
-0.001892
-0.000183
0.003113
-0.010803
-0.001770
-0.005981
-0.002014
-0.005981
-0.002747
-0.002197
-0.002075
-0.005920
-0.002686
-0.002197
-0.002808
-0.002197
-0.001892
-0.000244
-0.001892
-0.005859
-0.002625
-0.002136
-0.002747
-0.002136
-0.001892
-0.000244
-0.002808
-0.002014
-0.001892
-0.000183
-0.002136
-0.000183
-0.001038
0.000427
0.003235
-0.010864
-0.001770
-0.006042
-0.001892
-0.006042
-0.002686
-0.002258
-0.002075
-0.005920
-0.002686
-0.002197
-0.002869
-0.002197
-0.002014
-0.000244
-0.001892
-0.005859
-0.002625
-0.002136
-0.002747
-0.002136
-0.001892
-0.000244
-0.002808
-0.002014
-0.001892
-0.000183
-0.002136
-0.000183
-0.001038
0.000427
-0.001831
-0.005859
-0.002563
-0.002197
-0.002808
-0.002197
-0.001892
-0.000244
-0.002747
-0.002075
-0.001831
-0.000244
-0.002075
-0.000244
-0.001038
0.000427
-0.002747
-0.001953
-0.001831
-0.000122
-0.001953
-0.000183
-0.000916
0.000427
-0.002014
-0.000122
-0.000977
0.000488
-0.000977
0.000549
-0.000244
0.000488
0.070374
0.109131
0.064575
0.029358
0.064331
0.029358
0.038269
-0.005554
0.064270
0.029358
0.038208
-0.005493
0.038147
-0.005554
0.015930
-0.013916
0.064392
0.029602
0.038330
-0.005493
0.038269
-0.005493
0.015991
-0.013855
0.038208
-0.005493
0.015991
-0.013855
0.015808
-0.013794
0.003235
-0.011108
0.064392
0.029541
0.038391
-0.005554
0.038269
-0.005493
0.015991
-0.013855
0.038208
-0.005493
0.015991
-0.013855
0.015808
-0.013794
0.003235
-0.011108
0.038147
-0.005371
0.015991
-0.013794
0.015808
-0.013794
0.003235
-0.011108
0.015747
-0.013733
0.003174
-0.011047
0.002991
-0.010986
-0.001831
-0.005981
0.064392
0.029541
0.038391
-0.005554
0.038269
-0.005493
0.015991
-0.013855
0.038208
-0.005493
0.015991
-0.013855
0.015808
-0.013794
0.003235
-0.011108
0.038147
-0.005371
0.015991
-0.013794
0.015808
-0.013794
0.003235
-0.011108
0.015747
-0.013733
0.003174
-0.011047
0.002991
-0.010986
-0.001831
-0.005981
0.038330
-0.005249
0.016052
-0.013855
0.015930
-0.013794
0.003235
-0.011169
0.015747
-0.013733
0.003174
-0.011047
0.002991
-0.010986
-0.001831
-0.005981
0.015869
-0.013611
0.003357
-0.011047
0.003113
-0.010925
-0.001770
-0.006042
0.003052
-0.010864
-0.001770
-0.005981
-0.002014
-0.005981
-0.002747
-0.002197
0.064453
0.029419
0.038330
-0.005615
0.038208
-0.005554
0.015930
-0.013916
0.038208
-0.005493
0.015991
-0.013855
0.015747
-0.013855
0.003174
-0.011047
0.038208
-0.005493
0.015991
-0.013855
0.015808
-0.013794
0.003235
-0.011108
0.015747
-0.013733
0.003174
-0.011047
0.002991
-0.010986
-0.001831
-0.005981
0.038269
-0.005493
0.015991
-0.013855
0.015808
-0.013794
0.003235
-0.011108
0.015747
-0.013733
0.003174
-0.011047
0.002991
-0.010986
-0.001831
-0.005981
0.015808
-0.013733
0.003296
-0.011047
0.003113
-0.011047
-0.001831
-0.006042
0.003052
-0.010925
-0.001831
-0.005981
-0.002014
-0.005981
-0.002747
-0.002197
0.038269
-0.005432
0.016052
-0.013916
0.015869
-0.013855
0.003235
-0.011169
0.015808
-0.013794
0.003174
-0.011047
0.002991
-0.011047
-0.001831
-0.006042
0.015808
-0.013794
0.003235
-0.011108
0.003052
-0.011108
-0.001831
-0.006104
0.002991
-0.010986
-0.001831
-0.005981
-0.001953
-0.005981
-0.002686
-0.002258
0.015808
-0.013733
0.003296
-0.011047
0.003113
-0.011047
-0.001831
-0.006042
0.002991
-0.010986
-0.001831
-0.005981
-0.001953
-0.005981
-0.002686
-0.002258
0.003113
-0.010803
-0.001770
-0.005981
-0.002014
-0.005981
-0.002747
-0.002197
-0.002075
-0.005920
-0.002686
-0.002197
-0.002808
-0.002197
-0.001892
-0.000244
0.064392
0.029419
0.038269
-0.005554
0.038208
-0.005554
0.015930
-0.013916
0.038086
-0.005493
0.015869
-0.013855
0.015747
-0.013855
0.003174
-0.011047
0.038147
-0.005371
0.015991
-0.013794
0.015808
-0.013794
0.003235
-0.011108
0.015747
-0.013733
0.003174
-0.011047
0.002991
-0.010986
-0.001831
-0.005981
0.038269
-0.005371
0.016052
-0.013855
0.015869
-0.013733
0.003235
-0.011108
0.015747
-0.013733
0.003174
-0.011047
0.002991
-0.010986
-0.001831
-0.005981
0.015808
-0.013733
0.003235
-0.010986
0.003113
-0.011047
-0.001831
-0.006042
0.003052
-0.010925
-0.001831
-0.005981
-0.002014
-0.005981
-0.002747
-0.002197
0.038391
-0.005371
0.016052
-0.013916
0.015869
-0.013855
0.003235
-0.011169
0.015808
-0.013794
0.003174
-0.011047
0.002991
-0.011047
-0.001831
-0.006042
0.015869
-0.013611
0.003357
-0.011047
0.003113
-0.010925
-0.001770
-0.006042
0.003052
-0.010864
-0.001770
-0.005981
-0.002014
-0.005981
-0.002747
-0.002197
0.015808
-0.013672
0.003296
-0.011047
0.003113
-0.011047
-0.001831
-0.006042
0.003113
-0.010986
-0.001831
-0.006042
-0.001953
-0.005981
-0.002686
-0.002258
0.003113
-0.010803
-0.001709
-0.005981
-0.001953
-0.005981
-0.002686
-0.002258
-0.002075
-0.005920
-0.002686
-0.002197
-0.002808
-0.002197
-0.001892
-0.000244
0.038330
-0.005493
0.016052
-0.013916
0.015930
-0.013916
0.003235
-0.011169
0.015808
-0.013794
0.003174
-0.011047
0.002991
-0.011047
-0.001831
-0.006042
0.015808
-0.013794
0.003235
-0.011108
0.003052
-0.011108
-0.001831
-0.006104
0.002991
-0.010986
-0.001831
-0.005981
-0.001953
-0.005981
-0.002686
-0.002258
0.015808
-0.013733
0.003296
-0.011047
0.003113
-0.011047
-0.001831
-0.006042
0.002991
-0.010986
-0.001831
-0.005981
-0.001953
-0.005981
-0.002686
-0.002258
0.003113
-0.010803
-0.001770
-0.005981
-0.002014
-0.005981
-0.002747
-0.002197
-0.002075
-0.005920
-0.002686
-0.002197
-0.002808
-0.002197
-0.001892
-0.000244
0.015991
-0.013794
0.003296
-0.011108
0.003113
-0.011108
-0.001831
-0.006104
0.003174
-0.011108
-0.001831
-0.006104
-0.001953
-0.006042
-0.002686
-0.002258
0.003113
-0.010803
-0.001770
-0.005981
-0.002014
-0.005981
-0.002747
-0.002197
-0.002075
-0.005920
-0.002686
-0.002197
-0.002808
-0.002197
-0.001892
-0.000244
0.003235
-0.010864
-0.001709
-0.006042
-0.001892
-0.006042
-0.002686
-0.002258
-0.001953
-0.005981
-0.002625
-0.002258
-0.002808
-0.002258
-0.001953
-0.000305
-0.001892
-0.005859
-0.002625
-0.002136
-0.002747
-0.002136
-0.001892
-0.000244
-0.002808
-0.002014
-0.001892
-0.000183
-0.002136
-0.000183
-0.001038
0.000427
0.064392
0.029419
0.038269
-0.005554
0.038208
-0.005554
0.015930
-0.013916
0.038086
-0.005493
0.015869
-0.013855
0.015747
-0.013855
0.003174
-0.011047
0.038147
-0.005371
0.015991
-0.013794
0.015808
-0.013794
0.003174
-0.011047
0.015747
-0.013733
0.003174
-0.011047
0.002991
-0.010986
-0.001831
-0.005981
0.038269
-0.005493
0.015991
-0.013855
0.015808
-0.013794
0.003235
-0.011108
0.015747
-0.013733
0.003174
-0.011047
0.002991
-0.010986
-0.001831
-0.005981
0.015808
-0.013733
0.003296
-0.011047
0.003113
-0.011047
-0.001831
-0.006042
0.003052
-0.010925
-0.001831
-0.005981
-0.002014
-0.005981
-0.002747
-0.002197
0.038391
-0.005371
0.016052
-0.013916
0.015869
-0.013855
0.003235
-0.011169
0.015808
-0.013794
0.003174
-0.011047
0.002991
-0.011047
-0.001831
-0.006042
0.015869
-0.013611
0.003357
-0.011047
0.003113
-0.010925
-0.001770
-0.006042
0.003052
-0.010864
-0.001770
-0.005981
-0.002014
-0.005981
-0.002747
-0.002197
0.015808
-0.013672
0.003296
-0.011047
0.003113
-0.011047
-0.001831
-0.006042
0.003113
-0.010986
-0.001831
-0.006042
-0.001953
-0.005981
-0.002686
-0.002258
0.003113
-0.010803
-0.001709
-0.005981
-0.001953
-0.005981
-0.002686
-0.002258
-0.002075
-0.005920
-0.002686
-0.002197
-0.002808
-0.002197
-0.001892
-0.000244
0.038269
-0.005493
0.015991
-0.013855
0.015808
-0.013794
0.003235
-0.011108
0.015747
-0.013733
0.003174
-0.011047
0.002991
-0.010986
-0.001831
-0.005981
0.015808
-0.013733
0.003296
-0.011047
0.003113
-0.011047
-0.001831
-0.006042
0.003052
-0.010925
-0.001831
-0.005981
-0.002014
-0.005981
-0.002747
-0.002197
0.015808
-0.013672
0.003296
-0.011047
0.003113
-0.011047
-0.001831
-0.006042
0.003113
-0.010986
-0.001831
-0.006042
-0.001953
-0.005981
-0.002686
-0.002258
0.003113
-0.010803
-0.001709
-0.005981
-0.001953
-0.005981
-0.002686
-0.002258
-0.002075
-0.005920
-0.002686
-0.002197
-0.002808
-0.002197
-0.001892
-0.000244
0.015991
-0.013794
0.003296
-0.011108
0.003113
-0.011108
-0.001831
-0.006104
0.003174
-0.011108
-0.001831
-0.006104
-0.001953
-0.006042
-0.002686
-0.002258
0.003113
-0.010803
-0.001770
-0.005981
-0.002014
-0.005981
-0.002747
-0.002197
-0.002075
-0.005920
-0.002686
-0.002197
-0.002808
-0.002197
-0.001892
-0.000244
0.003235
-0.010864
-0.001709
-0.006042
-0.001892
-0.006042
-0.002686
-0.002258
-0.001953
-0.005981
-0.002625
-0.002258
-0.002808
-0.002258
-0.001953
-0.000305
-0.001892
-0.005859
-0.002625
-0.002136
-0.002747
-0.002136
-0.001892
-0.000244
-0.002808
-0.002014
-0.001892
-0.000183
-0.002136
-0.000183
-0.001038
0.000427
0.038147
-0.005554
0.015930
-0.013916
0.015686
-0.013916
0.003113
-0.011108
0.015686
-0.013733
0.003174
-0.010986
0.002991
-0.011047
-0.001831
-0.006042
0.015747
-0.013733
0.003174
-0.011047
0.002991
-0.010986
-0.001831
-0.005981
0.002991
-0.010986
-0.001831
-0.005981
-0.002014
-0.005981
-0.002747
-0.002197
0.015869
-0.013611
0.003357
-0.011047
0.003113
-0.010925
-0.001770
-0.006042
0.003052
-0.010864
-0.001770
-0.005981
-0.002014
-0.005981
-0.002747
-0.002197
0.003113
-0.010803
-0.001709
-0.005981
-0.001953
-0.005920
-0.002686
-0.002197
-0.002075
-0.005859
-0.002686
-0.002136
-0.002808
-0.002014
-0.001892
-0.000183
0.015869
-0.013733
0.003296
-0.011047
0.003174
-0.011108
-0.001831
-0.006104
0.003174
-0.011108
-0.001831
-0.006104
-0.001953
-0.006042
-0.002686
-0.002258
0.003113
-0.010803
-0.001770
-0.005981
-0.002014
-0.005981
-0.002747
-0.002197
-0.002075
-0.005920
-0.002686
-0.002197
-0.002808
-0.002197
-0.001892
-0.000244
0.003235
-0.010864
-0.001709
-0.006042
-0.001892
-0.006042
-0.002625
-0.002258
-0.001953
-0.005859
-0.002625
-0.002136
-0.002808
-0.002197
-0.001892
-0.000244
-0.001892
-0.005859
-0.002625
-0.002136
-0.002747
-0.002136
-0.001892
-0.000244
-0.002808
-0.002014
-0.001892
-0.000183
-0.002136
-0.000183
-0.001038
0.000427
0.015808
-0.013794
0.003235
-0.011108
0.003052
-0.011169
-0.001831
-0.006104
0.002930
-0.011108
-0.001831
-0.006042
-0.001953
-0.005981
-0.002686
-0.002258
0.002991
-0.010803
-0.001831
-0.005920
-0.001953
-0.005981
-0.002686
-0.002258
-0.002075
-0.005859
-0.002686
-0.002136
-0.002808
-0.002014
-0.001892
-0.000183
0.003113
-0.010803
-0.001770
-0.005981
-0.002014
-0.005981
-0.002747
-0.002197
-0.002075
-0.005920
-0.002686
-0.002197
-0.002808
-0.002197
-0.001892
-0.000244
-0.001892
-0.005859
-0.002625
-0.002136
-0.002747
-0.002136
-0.001892
-0.000244
-0.002808
-0.002014
-0.001892
-0.000183
-0.002136
-0.000183
-0.001038
0.000427
0.003235
-0.010864
-0.001770
-0.006042
-0.001892
-0.006042
-0.002686
-0.002258
-0.002075
-0.005920
-0.002686
-0.002197
-0.002869
-0.002197
-0.002014
-0.000244
-0.001892
-0.005859
-0.002625
-0.002136
-0.002747
-0.002136
-0.001892
-0.000244
-0.002808
-0.002014
-0.001892
-0.000183
-0.002136
-0.000183
-0.001038
0.000427
-0.001831
-0.005859
-0.002563
-0.002197
-0.002808
-0.002197
-0.001892
-0.000244
-0.002747
-0.002075
-0.001831
-0.000244
-0.002075
-0.000244
-0.001038
0.000427
-0.002747
-0.001953
-0.001831
-0.000122
-0.001953
-0.000183
-0.000916
0.000427
-0.002014
-0.000122
-0.000977
0.000488
-0.000977
0.000549
-0.000244
0.000488
0.064392
0.029541
0.038269
-0.005493
0.038269
-0.005493
0.015991
-0.013855
0.038086
-0.005432
0.015930
-0.013794
0.015808
-0.013794
0.003174
-0.011047
0.037964
-0.005310
0.015991
-0.013733
0.015808
-0.013733
0.003174
-0.011047
0.015747
-0.013733
0.003174
-0.011047
0.002991
-0.010986
-0.001831
-0.005981
0.038269
-0.005371
0.016052
-0.013855
0.015869
-0.013733
0.003235
-0.011108
0.015747
-0.013733
0.003174
-0.011047
0.002991
-0.010986
-0.001831
-0.005981
0.015808
-0.013733
0.003235
-0.010986
0.003113
-0.011047
-0.001831
-0.006042
0.003052
-0.010925
-0.001831
-0.005981
-0.002014
-0.005981
-0.002747
-0.002197
0.038391
-0.005371
0.016052
-0.013916
0.015869
-0.013855
0.003235
-0.011169
0.015808
-0.013794
0.003174
-0.011047
0.002991
-0.011047
-0.001831
-0.006042
0.015869
-0.013611
0.003357
-0.011047
0.003113
-0.010925
-0.001770
-0.006042
0.003052
-0.010864
-0.001770
-0.005981
-0.002014
-0.005981
-0.002747
-0.002197
0.015808
-0.013672
0.003296
-0.011047
0.003113
-0.011047
-0.001831
-0.006042
0.003113
-0.010986
-0.001831
-0.006042
-0.001953
-0.005981
-0.002686
-0.002258
0.003113
-0.010803
-0.001709
-0.005981
-0.001953
-0.005981
-0.002686
-0.002258
-0.002075
-0.005920
-0.002686
-0.002197
-0.002808
-0.002197
-0.001892
-0.000244
0.038269
-0.005493
0.015991
-0.013855
0.015808
-0.013794
0.003235
-0.011108
0.015747
-0.013733
0.003174
-0.011047
0.002991
-0.010986
-0.001831
-0.005981
0.015808
-0.013733
0.003296
-0.011047
0.003113
-0.011047
-0.001831
-0.006042
0.003052
-0.010925
-0.001831
-0.005981
-0.002014
-0.005981
-0.002747
-0.002197
0.015808
-0.013672
0.003296
-0.011047
0.003113
-0.011047
-0.001831
-0.006042
0.003113
-0.010986
-0.001831
-0.006042
-0.001953
-0.005981
-0.002686
-0.002258
0.003113
-0.010803
-0.001709
-0.005981
-0.001953
-0.005981
-0.002686
-0.002258
-0.002075
-0.005920
-0.002686
-0.002197
-0.002808
-0.002197
-0.001892
-0.000244
0.015991
-0.013794
0.003296
-0.011108
0.003113
-0.011108
-0.001831
-0.006104
0.003174
-0.011108
-0.001831
-0.006104
-0.001953
-0.006042
-0.002686
-0.002258
0.003113
-0.010803
-0.001770
-0.005981
-0.002014
-0.005981
-0.002747
-0.002197
-0.002075
-0.005920
-0.002686
-0.002197
-0.002808
-0.002197
-0.001892
-0.000244
0.003235
-0.010864
-0.001709
-0.006042
-0.001892
-0.006042
-0.002686
-0.002258
-0.001953
-0.005981
-0.002625
-0.002258
-0.002808
-0.002258
-0.001953
-0.000305
-0.001892
-0.005859
-0.002625
-0.002136
-0.002747
-0.002136
-0.001892
-0.000244
-0.002808
-0.002014
-0.001892
-0.000183
-0.002136
-0.000183
-0.001038
0.000427
0.038147
-0.005554
0.015930
-0.013916
0.015686
-0.013916
0.003113
-0.011108
0.015686
-0.013733
0.003174
-0.010986
0.002991
-0.011047
-0.001831
-0.006042
0.015747
-0.013733
0.003174
-0.011047
0.002991
-0.010986
-0.001831
-0.005981
0.002991
-0.010986
-0.001831
-0.005981
-0.002014
-0.005981
-0.002747
-0.002197
0.015869
-0.013611
0.003357
-0.011047
0.003113
-0.010925
-0.001770
-0.006042
0.003052
-0.010864
-0.001770
-0.005981
-0.002014
-0.005981
-0.002747
-0.002197
0.003113
-0.010803
-0.001709
-0.005981
-0.001953
-0.005920
-0.002686
-0.002197
-0.002075
-0.005859
-0.002686
-0.002136
-0.002808
-0.002014
-0.001892
-0.000183
0.015869
-0.013733
0.003296
-0.011047
0.003174
-0.011108
-0.001831
-0.006104
0.003174
-0.011108
-0.001831
-0.006104
-0.001953
-0.006042
-0.002686
-0.002258
0.003113
-0.010803
-0.001770
-0.005981
-0.002014
-0.005981
-0.002747
-0.002197
-0.002075
-0.005920
-0.002686
-0.002197
-0.002808
-0.002197
-0.001892
-0.000244
0.003235
-0.010864
-0.001709
-0.006042
-0.001892
-0.006042
-0.002625
-0.002258
-0.001953
-0.005859
-0.002625
-0.002136
-0.002808
-0.002197
-0.001892
-0.000244
-0.001892
-0.005859
-0.002625
-0.002136
-0.002747
-0.002136
-0.001892
-0.000244
-0.002808
-0.002014
-0.001892
-0.000183
-0.002136
-0.000183
-0.001038
0.000427
0.015808
-0.013794
0.003235
-0.011108
0.003052
-0.011169
-0.001831
-0.006104
0.002930
-0.011108
-0.001831
-0.006042
-0.001953
-0.005981
-0.002686
-0.002258
0.002991
-0.010803
-0.001831
-0.005920
-0.001953
-0.005981
-0.002686
-0.002258
-0.002075
-0.005859
-0.002686
-0.002136
-0.002808
-0.002014
-0.001892
-0.000183
0.003113
-0.010803
-0.001770
-0.005981
-0.002014
-0.005981
-0.002747
-0.002197
-0.002075
-0.005920
-0.002686
-0.002197
-0.002808
-0.002197
-0.001892
-0.000244
-0.001892
-0.005859
-0.002625
-0.002136
-0.002747
-0.002136
-0.001892
-0.000244
-0.002808
-0.002014
-0.001892
-0.000183
-0.002136
-0.000183
-0.001038
0.000427
0.003235
-0.010864
-0.001770
-0.006042
-0.001892
-0.006042
-0.002686
-0.002258
-0.002075
-0.005920
-0.002686
-0.002197
-0.002869
-0.002197
-0.002014
-0.000244
-0.001892
-0.005859
-0.002625
-0.002136
-0.002747
-0.002136
-0.001892
-0.000244
-0.002808
-0.002014
-0.001892
-0.000183
-0.002136
-0.000183
-0.001038
0.000427
-0.001831
-0.005859
-0.002563
-0.002197
-0.002808
-0.002197
-0.001892
-0.000244
-0.002747
-0.002075
-0.001831
-0.000244
-0.002075
-0.000244
-0.001038
0.000427
-0.002747
-0.001953
-0.001831
-0.000122
-0.001953
-0.000183
-0.000916
0.000427
-0.002014
-0.000122
-0.000977
0.000488
-0.000977
0.000549
-0.000244
0.000488
0.038147
-0.005554
0.015930
-0.013916
0.015686
-0.013916
0.003113
-0.011108
0.015686
-0.013733
0.003174
-0.010986
0.002991
-0.011047
-0.001831
-0.006042
0.015747
-0.013733
0.003174
-0.011047
0.002991
-0.010986
-0.001831
-0.005981
0.002991
-0.010986
-0.001831
-0.005981
-0.002014
-0.005981
-0.002747
-0.002197
0.015869
-0.013611
0.003357
-0.011047
0.003113
-0.010925
-0.001770
-0.006042
0.003052
-0.010864
-0.001770
-0.005981
-0.002014
-0.005981
-0.002747
-0.002197
0.003113
-0.010803
-0.001709
-0.005981
-0.001953
-0.005920
-0.002686
-0.002197
-0.002075
-0.005859
-0.002686
-0.002136
-0.002808
-0.002014
-0.001892
-0.000183
0.015808
-0.013733
0.003296
-0.011047
0.003113
-0.011047
-0.001831
-0.006042
0.002991
-0.010986
-0.001831
-0.005981
-0.001953
-0.005981
-0.002686
-0.002258
0.003113
-0.010803
-0.001770
-0.005981
-0.002014
-0.005981
-0.002747
-0.002197
-0.002075
-0.005920
-0.002686
-0.002197
-0.002808
-0.002197
-0.001892
-0.000244
0.003235
-0.010864
-0.001709
-0.006042
-0.001892
-0.006042
-0.002686
-0.002258
-0.001953
-0.005859
-0.002625
-0.002136
-0.002808
-0.002197
-0.001892
-0.000244
-0.001892
-0.005859
-0.002625
-0.002136
-0.002747
-0.002136
-0.001892
-0.000244
-0.002808
-0.002014
-0.001892
-0.000183
-0.002136
-0.000183
-0.001038
0.000427
0.015747
-0.013855
0.003174
-0.011047
0.002930
-0.011169
-0.001892
-0.006042
0.002930
-0.011108
-0.001831
-0.006042
-0.001953
-0.005981
-0.002686
-0.002258
0.003113
-0.010803
-0.001770
-0.005981
-0.002014
-0.005981
-0.002747
-0.002197
-0.002075
-0.005920
-0.002686
-0.002197
-0.002808
-0.002197
-0.001892
-0.000244
0.003174
-0.010864
-0.001709
-0.006042
-0.001892
-0.006042
-0.002625
-0.002258
-0.002075
-0.005920
-0.002686
-0.002197
-0.002808
-0.002197
-0.001892
-0.000244
-0.001892
-0.005859
-0.002625
-0.002136
-0.002747
-0.002136
-0.001892
-0.000244
-0.002808
-0.002014
-0.001892
-0.000183
-0.002136
-0.000183
-0.001038
0.000427
0.003235
-0.010864
-0.001770
-0.006042
-0.001892
-0.006042
-0.002686
-0.002258
-0.002075
-0.005920
-0.002686
-0.002197
-0.002869
-0.002197
-0.002014
-0.000244
-0.001892
-0.005859
-0.002625
-0.002136
-0.002747
-0.002136
-0.001892
-0.000244
-0.002808
-0.002014
-0.001892
-0.000183
-0.002136
-0.000183
-0.001038
0.000427
-0.001831
-0.005859
-0.002563
-0.002197
-0.002808
-0.002197
-0.001892
-0.000244
-0.002747
-0.002075
-0.001831
-0.000244
-0.002075
-0.000244
-0.001038
0.000427
-0.002747
-0.001953
-0.001831
-0.000122
-0.001953
-0.000183
-0.000916
0.000427
-0.002014
-0.000122
-0.000977
0.000488
-0.000977
0.000549
-0.000244
0.000488
0.015747
-0.013855
0.003235
-0.011108
0.002930
-0.011169
-0.001892
-0.006042
0.002930
-0.010986
-0.001892
-0.005981
-0.002014
-0.005981
-0.002747
-0.002197
0.002991
-0.010803
-0.001831
-0.005920
-0.001953
-0.005981
-0.002686
-0.002258
-0.002136
-0.005798
-0.002747
-0.002136
-0.002808
-0.002014
-0.001892
-0.000183
0.003113
-0.010803
-0.001770
-0.005981
-0.002014
-0.005981
-0.002747
-0.002197
-0.002075
-0.005920
-0.002686
-0.002197
-0.002808
-0.002197
-0.001892
-0.000244
-0.001892
-0.005859
-0.002625
-0.002136
-0.002747
-0.002136
-0.001892
-0.000244
-0.002808
-0.002014
-0.001892
-0.000183
-0.002136
-0.000183
-0.001038
0.000427
0.003235
-0.010864
-0.001709
-0.006042
-0.001892
-0.006042
-0.002686
-0.002258
-0.001953
-0.005920
-0.002686
-0.002197
-0.002808
-0.002197
-0.001892
-0.000244
-0.001892
-0.005859
-0.002625
-0.002136
-0.002747
-0.002136
-0.001892
-0.000244
-0.002808
-0.002014
-0.001892
-0.000183
-0.002136
-0.000183
-0.001038
0.000427
-0.001831
-0.005859
-0.002563
-0.002197
-0.002808
-0.002197
-0.001892
-0.000244
-0.002747
-0.002075
-0.001831
-0.000244
-0.002075
-0.000244
-0.001038
0.000427
-0.002747
-0.001953
-0.001831
-0.000122
-0.001953
-0.000183
-0.000916
0.000427
-0.002014
-0.000122
-0.000977
0.000488
-0.000977
0.000549
-0.000244
0.000488
0.003235
-0.010864
-0.001770
-0.006042
-0.001892
-0.006042
-0.002686
-0.002258
-0.002075
-0.005920
-0.002686
-0.002197
-0.002869
-0.002197
-0.002014
-0.000244
-0.001892
-0.005859
-0.002625
-0.002136
-0.002747
-0.002136
-0.001892
-0.000244
-0.002808
-0.002014
-0.001892
-0.000183
-0.002136
-0.000183
-0.001038
0.000427
-0.001831
-0.005859
-0.002563
-0.002197
-0.002808
-0.002197
-0.001892
-0.000244
-0.002747
-0.002075
-0.001831
-0.000244
-0.002075
-0.000244
-0.001038
0.000427
-0.002747
-0.001953
-0.001831
-0.000122
-0.001953
-0.000183
-0.000916
0.000427
-0.002014
-0.000122
-0.000977
0.000488
-0.000977
0.000549
-0.000244
0.000488
-0.001709
-0.005859
-0.002502
-0.002258
-0.002625
-0.002258
-0.001892
-0.000305
-0.002808
-0.002197
-0.001892
-0.000244
-0.002014
-0.000305
-0.000977
0.000366
-0.002686
-0.002075
-0.001831
-0.000244
-0.001953
-0.000305
-0.000977
0.000366
-0.002136
-0.000122
-0.000977
0.000549
-0.001038
0.000610
-0.000305
0.000549
-0.002747
-0.001953
-0.001831
-0.000122
-0.001953
-0.000183
-0.000916
0.000427
-0.002014
-0.000122
-0.000977
0.000488
-0.000977
0.000549
-0.000244
0.000488
-0.002075
0.000000
-0.000916
0.000549
-0.000977
0.000549
-0.000244
0.000488
-0.001160
0.000671
-0.000305
0.000610
-0.000427
0.000549
-0.000061
0.000305
