-0.227295
0.147156
-0.061035
0.134705
-0.061218
0.134644
0.011597
0.079895
-0.061340
0.134827
0.011597
0.080017
0.011475
0.080017
0.028870
0.033386
-0.061340
0.134949
0.011658
0.080078
0.011536
0.079895
0.028931
0.033264
0.011353
0.080078
0.028870
0.033386
0.028809
0.033386
0.023071
0.006836
-0.060974
0.134949
0.011780
0.079956
0.011658
0.079956
0.028931
0.033264
0.011414
0.080017
0.028870
0.033386
0.028748
0.033264
0.023010
0.006775
0.011475
0.080078
0.028931
0.033386
0.028870
0.033325
0.023071
0.006714
0.028748
0.033447
0.023071
0.006836
0.022949
0.006775
0.012573
-0.003723
-0.060974
0.134888
0.011841
0.079895
0.011658
0.079956
0.028931
0.033264
0.011414
0.080017
0.028870
0.033386
0.028748
0.033264
0.023010
0.006775
0.011475
0.080078
0.028931
0.033386
0.028870
0.033325
0.023071
0.006714
0.028748
0.033447
0.023071
0.006836
0.022949
0.006775
0.012573
-0.003723
0.011658
0.080078
0.028992
0.033325
0.028870
0.033325
0.023071
0.006714
0.028809
0.033508
0.023071
0.006836
0.022949
0.006775
0.012573
-0.003723
0.028748
0.033569
0.023132
0.006897
0.022949
0.006775
0.012573
-0.003723
0.022949
0.006897
0.012634
-0.003662
0.012512
-0.003662
0.004639
-0.005493
-0.060974
0.134888
0.011841
0.079895
0.011658
0.079956
0.028931
0.033264
0.011414
0.080017
0.028870
0.033386
0.028748
0.033264
0.023010
0.006775
0.011475
0.080078
0.028931
0.033386
0.028870
0.033325
0.023071
0.006714
0.028748
0.033447
0.023071
0.006836
0.022949
0.006775
0.012573
-0.003723
0.011658
0.080078
0.028992
0.033325
0.028870
0.033325
0.023071
0.006714
0.028809
0.033508
0.023071
0.006836
0.022949
0.006775
0.012573
-0.003723
0.028748
0.033569
0.023132
0.006897
0.022949
0.006775
0.012573
-0.003723
0.022949
0.006897
0.012634
-0.003662
0.012512
-0.003662
0.004639
-0.005493
0.011841
0.080261
0.029114
0.033325
0.028931
0.033264
0.023071
0.006653
0.028931
0.033325
0.023132
0.006775
0.023010
0.006775
0.012573
-0.003784
0.028931
0.033508
0.023193
0.006775
0.023010
0.006775
0.012573
-0.003784
0.023010
0.006897
0.012634
-0.003662
0.012512
-0.003662
0.004639
-0.005493
0.028992
0.033447
0.023193
0.006775
0.023010
0.006775
0.012573
-0.003784
0.022949
0.006775
0.012573
-0.003723
0.012451
-0.003784
0.004639
-0.005493
0.023010
0.006897
0.012634
-0.003662
0.012512
-0.003723
0.004700
-0.005493
0.012451
-0.003601
0.004639
-0.005493
0.004517
-0.005432
0.000488
-0.003906
-0.061157
0.134766
0.011658
0.079895
0.011597
0.079895
0.028931
0.033264
0.011475
0.079956
0.028870
0.033325
0.028748
0.033264
0.023010
0.006775
0.011414
0.080139
0.028931
0.033386
0.028809
0.033386
0.023071
0.006836
0.028748
0.033447
0.023071
0.006836
0.022949
0.006775
0.012573
-0.003723
0.011597
0.080017
0.028992
0.033325
0.028809
0.033264
0.023071
0.006714
0.028748
0.033447
0.023071
0.006836
0.022949
0.006775
0.012573
-0.003723
0.028748
0.033569
0.023132
0.006897
0.022949
0.006775
0.012573
-0.003723
0.022949
0.006897
0.012634
-0.003662
0.012512
-0.003662
0.004639
-0.005493
0.011719
0.080139
0.029053
0.033325
0.028931
0.033325
0.023132
0.006775
0.028809
0.033386
0.023071
0.006836
0.022949
0.006775
0.012573
-0.003723
0.028870
0.033386
0.023132
0.006775
0.022949
0.006775
0.012573
-0.003723
0.023010
0.006897
0.012634
-0.003662
0.012512
-0.003662
0.004639
-0.005493
0.028992
0.033569
0.023254
0.006775
0.023010
0.006775
0.012573
-0.003784
0.023071
0.006836
0.012634
-0.003723
0.012512
-0.003723
0.004700
-0.005493
0.023010
0.006958
0.012634
-0.003662
0.012573
-0.003662
0.004700
-0.005493
0.012390
-0.003540
0.004639
-0.005432
0.004517
-0.005432
0.000488
-0.003906
0.011719
0.080017
0.028992
0.033264
0.028870
0.033203
0.023071
0.006653
0.028809
0.033386
0.023071
0.006836
0.022949
0.006775
0.012573
-0.003723
0.028870
0.033386
0.023132
0.006775
0.022949
0.006775
0.012573
-0.003723
0.023010
0.006897
0.012634
-0.003662
0.012512
-0.003662
0.004639
-0.005493
0.028992
0.033569
0.023254
0.006775
0.023010
0.006775
0.012573
-0.003784
0.023071
0.006836
0.012634
-0.003723
0.012512
-0.003723
0.004700
-0.005493
0.023010
0.006958
0.012634
-0.003662
0.012573
-0.003662
0.004700
-0.005493
0.012390
-0.003540
0.004639
-0.005432
0.004517
-0.005432
0.000488
-0.003906
0.028992
0.033447
0.023193
0.006775
0.023010
0.006775
0.012573
-0.003784
0.022949
0.006775
0.012573
-0.003723
0.012451
-0.003784
0.004639
-0.005493
0.023010
0.006897
0.012634
-0.003662
0.012512
-0.003723
0.004700
-0.005493
0.012451
-0.003601
0.004639
-0.005493
0.004517
-0.005432
0.000488
-0.003906
0.023071
0.006958
0.012695
-0.003662
0.012695
-0.003662
0.004700
-0.005554
0.012451
-0.003601
0.004639
-0.005493
0.004517
-0.005432
0.000488
-0.003906
0.012451
-0.003418
0.004700
-0.005371
0.004517
-0.005310
0.000488
-0.003906
0.004456
-0.005310
0.000427
-0.003845
0.000366
-0.003845
-0.000977
-0.001953
-0.061157
0.134888
0.011719
0.080017
0.011658
0.079956
0.028931
0.033264
0.011353
0.080078
0.028870
0.033386
0.028809
0.033386
0.023071
0.006836
0.011414
0.080139
0.028931
0.033386
0.028809
0.033386
0.023071
0.006836
0.028748
0.033447
0.023071
0.006836
0.022949
0.006775
0.012573
-0.003723
0.011414
0.080139
0.028931
0.033386
0.028809
0.033386
0.023071
0.006836
0.028748
0.033447
0.023071
0.006836
0.022949
0.006775
0.012573
-0.003723
0.028687
0.033630
0.023132
0.006897
0.022949
0.006775
0.012573
-0.003723
0.022888
0.007019
0.012573
-0.003601
0.012512
-0.003601
0.004639
-0.005493
0.011597
0.080017
0.028992
0.033325
0.028809
0.033264
0.023071
0.006714
0.028748
0.033386
0.023010
0.006775
0.022949
0.006775
0.012573
-0.003723
0.028748
0.033569
0.023132
0.006897
0.022949
0.006775
0.012573
-0.003723
0.022949
0.006897
0.012634
-0.003662
0.012512
-0.003662
0.004639
-0.005493
0.028931
0.033569
0.023193
0.006836
0.023010
0.006775
0.012573
-0.003784
0.023071
0.006836
0.012634
-0.003723
0.012512
-0.003723
0.004700
-0.005493
0.023010
0.006897
0.012634
-0.003662
0.012512
-0.003723
0.004700
-0.005493
0.012451
-0.003601
0.004639
-0.005493
0.004517
-0.005432
0.000488
-0.003906
0.011597
0.080017
0.028992
0.033325
0.028809
0.033264
0.023071
0.006714
0.028748
0.033386
0.023010
0.006775
0.022949
0.006775
0.012573
-0.003723
0.028870
0.033447
0.023071
0.006836
0.022949
0.006775
0.012573
-0.003723
0.023010
0.006897
0.012634
-0.003662
0.012512
-0.003662
0.004639
-0.005493
0.028870
0.033630
0.023193
0.006836
0.023010
0.006775
0.012573
-0.003784
0.022888
0.007019
0.012573
-0.003601
0.012512
-0.003601
0.004639
-0.005493
0.023010
0.006958
0.012634
-0.003662
0.012573
-0.003662
0.004700
-0.005493
0.012390
-0.003540
0.004639
-0.005432
0.004517
-0.005432
0.000488
-0.003906
0.028992
0.033569
0.023254
0.006775
0.023010
0.006775
0.012573
-0.003784
0.023071
0.006836
0.012634
-0.003723
0.012512
-0.003723
0.004700
-0.005493
0.023010
0.006897
0.012634
-0.003662
0.012512
-0.003723
0.004700
-0.005493
0.012451
-0.003601
0.004639
-0.005493
0.004517
-0.005432
0.000488
-0.003906
0.023132
0.007019
0.012695
-0.003723
0.012695
-0.003662
0.004700
-0.005554
0.012451
-0.003601
0.004639
-0.005493
0.004517
-0.005432
0.000488
-0.003906
0.012451
-0.003418
0.004761
-0.005371
0.004639
-0.005371
0.000549
-0.003906
0.004456
-0.005310
0.000427
-0.003845
0.000366
-0.003845
-0.000977
-0.001953
0.011597
0.080017
0.028992
0.033325
0.028809
0.033264
0.023071
0.006714
0.028748
0.033386
0.023010
0.006775
0.022949
0.006775
0.012573
-0.003723
0.028870
0.033447
0.023071
0.006836
0.022949
0.006775
0.012573
-0.003723
0.023010
0.006897
0.012634
-0.003662
0.012512
-0.003662
0.004639
-0.005493
0.028870
0.033630
0.023193
0.006836
0.023010
0.006775
0.012573
-0.003784
0.022888
0.007019
0.012573
-0.003601
0.012512
-0.003601
0.004639
-0.005493
0.023010
0.006958
0.012634
-0.003662
0.012573
-0.003662
0.004700
-0.005493
0.012390
-0.003540
0.004639
-0.005432
0.004517
-0.005432
0.000488
-0.003906
0.028870
0.033386
0.023132
0.006775
0.022949
0.006775
0.012573
-0.003723
0.023010
0.006897
0.012634
-0.003662
0.012512
-0.003662
0.004639
-0.005493
0.023010
0.006958
0.012634
-0.003662
0.012573
-0.003662
0.004700
-0.005493
0.012390
-0.003540
0.004639
-0.005432
0.004517
-0.005432
0.000488
-0.003906
0.023132
0.007019
0.012695
-0.003723
0.012695
-0.003662
0.004700
-0.005554
0.012451
-0.003601
0.004639
-0.005493
0.004517
-0.005432
0.000488
-0.003906
0.012451
-0.003418
0.004761
-0.005371
0.004639
-0.005371
0.000549
-0.003906
0.004456
-0.005310
0.000427
-0.003845
0.000366
-0.003845
-0.000977
-0.001953
0.028931
0.033264
0.023071
0.006653
0.022949
0.006714
0.012512
-0.003784
0.022949
0.006775
0.012573
-0.003723
0.012451
-0.003784
0.004639
-0.005493
0.022888
0.007019
0.012573
-0.003601
0.012512
-0.003601
0.004639
-0.005493
0.012329
-0.003540
0.004578
-0.005371
0.004395
-0.005432
0.000366
-0.003845
0.023071
0.006958
0.012695
-0.003662
0.012695
-0.003662
0.004700
-0.005554
0.012451
-0.003601
0.004639
-0.005493
0.004517
-0.005432
0.000488
-0.003906
0.012451
-0.003418
0.004700
-0.005371
0.004517
-0.005310
0.000488
-0.003906
0.004456
-0.005310
0.000427
-0.003845
0.000366
-0.003845
-0.000977
-0.001953
0.023132
0.006775
0.012695
-0.003784
0.012573
-0.003845
0.004700
-0.005493
0.012329
-0.003723
0.004639
-0.005432
0.004395
-0.005432
0.000366
-0.003845
0.012451
-0.003601
0.004639
-0.005493
0.004517
-0.005432
0.000488
-0.003906
0.004456
-0.005310
0.000427
-0.003845
0.000366
-0.003845
-0.000977
-0.001953
0.012573
-0.003540
0.004700
-0.005432
0.004578
-0.005493
0.000427
-0.003967
0.004456
-0.005310
0.000427
-0.003845
0.000366
-0.003845
-0.000977
-0.001953
0.004578
-0.005249
0.000549
-0.003845
0.000366
-0.003784
-0.000916
-0.001953
0.000305
-0.003723
-0.000916
-0.001892
-0.001038
-0.001892
-0.001038
-0.000610
-0.061218
0.134827
0.011658
0.079956
0.011536
0.079895
0.028931
0.033264
0.011353
0.080078
0.028870
0.033386
0.028809
0.033386
0.023071
0.006836
0.011414
0.080139
0.028931
0.033386
0.028809
0.033386
0.023071
0.006836
0.028748
0.033447
0.023071
0.006836
0.022949
0.006775
0.012573
-0.003723
0.011414
0.080139
0.028931
0.033386
0.028809
0.033386
0.023071
0.006836
0.028748
0.033447
0.023071
0.006836
0.022949
0.006775
0.012573
-0.003723
0.028687
0.033630
0.023132
0.006897
0.022949
0.006775
0.012573
-0.003723
0.022888
0.007019
0.012573
-0.003601
0.012512
-0.003601
0.004639
-0.005493
0.011658
0.080078
0.028992
0.033325
0.028870
0.033325
0.023071
0.006714
0.028809
0.033386
0.023071
0.006836
0.022949
0.006775
0.012573
-0.003723
0.028870
0.033447
0.023071
0.006836
0.022949
0.006775
0.012573
-0.003723
0.023010
0.006897
0.012634
-0.003662
0.012512
-0.003662
0.004639
-0.005493
0.028931
0.033569
0.023193
0.006836
0.023010
0.006775
0.012573
-0.003784
0.023071
0.006836
0.012634
-0.003723
0.012512
-0.003723
0.004700
-0.005493
0.023010
0.006897
0.012634
-0.003662
0.012512
-0.003723
0.004700
-0.005493
0.012451
-0.003601
0.004639
-0.005493
0.004517
-0.005432
0.000488
-0.003906
0.011597
0.080017
0.028992
0.033325
0.028809
0.033264
0.023071
0.006714
0.028748
0.033447
0.023071
0.006836
0.022949
0.006775
0.012573
-0.003723
0.028748
0.033508
0.023071
0.006897
0.022949
0.006775
0.012573
-0.003723
0.022949
0.006897
0.012634
-0.003662
0.012512
-0.003662
0.004639
-0.005493
0.028870
0.033630
0.023193
0.006836
0.023010
0.006775
0.012573
-0.003784
0.022888
0.007019
0.012573
-0.003601
0.012512
-0.003601
0.004639
-0.005493
0.023010
0.006958
0.012634
-0.003662
0.012573
-0.003662
0.004700
-0.005493
0.012390
-0.003540
0.004639
-0.005432
0.004517
-0.005432
0.000488
-0.003906
0.028992
0.033569
0.023254
0.006775
0.023010
0.006775
0.012573
-0.003784
0.023071
0.006836
0.012634
-0.003723
0.012512
-0.003723
0.004700
-0.005493
0.023010
0.006897
0.012634
-0.003662
0.012512
-0.003723
0.004700
-0.005493
0.012451
-0.003601
0.004639
-0.005493
0.004517
-0.005432
0.000488
-0.003906
0.023132
0.007019
0.012695
-0.003723
0.012695
-0.003662
0.004700
-0.005554
0.012451
-0.003601
0.004639
-0.005493
0.004517
-0.005432
0.000488
-0.003906
0.012451
-0.003418
0.004761
-0.005371
0.004639
-0.005371
0.000549
-0.003906
0.004456
-0.005310
0.000427
-0.003845
0.000366
-0.003845
-0.000977
-0.001953
0.011597
0.080017
0.028992
0.033325
0.028809
0.033264
0.023071
0.006714
0.028748
0.033386
0.023010
0.006775
0.022949
0.006775
0.012573
-0.003723
0.028870
0.033447
0.023071
0.006836
0.022949
0.006775
0.012573
-0.003723
0.023010
0.006897
0.012634
-0.003662
0.012512
-0.003662
0.004639
-0.005493
0.028870
0.033630
0.023193
0.006836
0.023010
0.006775
0.012573
-0.003784
0.022888
0.007019
0.012573
-0.003601
0.012512
-0.003601
0.004639
-0.005493
0.023010
0.006958
0.012634
-0.003662
0.012573
-0.003662
0.004700
-0.005493
0.012390
-0.003540
0.004639
-0.005432
0.004517
-0.005432
0.000488
-0.003906
0.028870
0.033386
0.023132
0.006775
0.022949
0.006775
0.012573
-0.003723
0.023010
0.006897
0.012634
-0.003662
0.012512
-0.003662
0.004639
-0.005493
0.023010
0.006958
0.012634
-0.003662
0.012573
-0.003662
0.004700
-0.005493
0.012390
-0.003540
0.004639
-0.005432
0.004517
-0.005432
0.000488
-0.003906
0.023132
0.007019
0.012695
-0.003723
0.012695
-0.003662
0.004700
-0.005554
0.012451
-0.003601
0.004639
-0.005493
0.004517
-0.005432
0.000488
-0.003906
0.012451
-0.003418
0.004761
-0.005371
0.004639
-0.005371
0.000549
-0.003906
0.004456
-0.005310
0.000427
-0.003845
0.000366
-0.003845
-0.000977
-0.001953
0.028931
0.033264
0.023071
0.006653
0.022949
0.006714
0.012512
-0.003784
0.022949
0.006775
0.012573
-0.003723
0.012451
-0.003784
0.004639
-0.005493
0.022888
0.007019
0.012573
-0.003601
0.012512
-0.003601
0.004639
-0.005493
0.012329
-0.003540
0.004578
-0.005371
0.004395
-0.005432
0.000366
-0.003845
0.023071
0.006958
0.012695
-0.003662
0.012695
-0.003662
0.004700
-0.005554
0.012451
-0.003601
0.004639
-0.005493
0.004517
-0.005432
0.000488
-0.003906
0.012451
-0.003418
0.004700
-0.005371
0.004517
-0.005310
0.000488
-0.003906
0.004456
-0.005310
0.000427
-0.003845
0.000366
-0.003845
-0.000977
-0.001953
0.023132
0.006775
0.012695
-0.003784
0.012573
-0.003845
0.004700
-0.005493
0.012329
-0.003723
0.004639
-0.005432
0.004395
-0.005432
0.000366
-0.003845
0.012451
-0.003601
0.004639
-0.005493
0.004517
-0.005432
0.000488
-0.003906
0.004456
-0.005310
0.000427
-0.003845
0.000366
-0.003845
-0.000977
-0.001953
0.012573
-0.003540
0.004700
-0.005432
0.004578
-0.005493
0.000427
-0.003967
0.004456
-0.005310
0.000427
-0.003845
0.000366
-0.003845
-0.000977
-0.001953
0.004578
-0.005249
0.000549
-0.003845
0.000366
-0.003784
-0.000916
-0.001953
0.000305
-0.003723
-0.000916
-0.001892
-0.001038
-0.001892
-0.001038
-0.000610
0.011414
0.080017
0.028870
0.033386
0.028748
0.033264
0.023010
0.006775
0.028625
0.033325
0.023010
0.006836
0.022949
0.006775
0.012573
-0.003723
0.028748
0.033508
0.023071
0.006897
0.022949
0.006775
0.012573
-0.003723
0.022949
0.006897
0.012634
-0.003662
0.012512
-0.003662
0.004639
-0.005493
0.028870
0.033630
0.023193
0.006836
0.023010
0.006775
0.012573
-0.003784
0.022888
0.007019
0.012573
-0.003601
0.012512
-0.003601
0.004639
-0.005493
0.023010
0.006958
0.012634
-0.003662
0.012573
-0.003662
0.004700
-0.005493
0.012390
-0.003540
0.004639
-0.005432
0.004517
-0.005432
0.000488
-0.003906
0.028870
0.033386
0.023132
0.006775
0.022949
0.006775
0.012573
-0.003723
0.023010
0.006897
0.012634
-0.003662
0.012512
-0.003662
0.004639
-0.005493
0.023010
0.006958
0.012634
-0.003662
0.012573
-0.003662
0.004700
-0.005493
0.012390
-0.003540
0.004639
-0.005432
0.004517
-0.005432
0.000488
-0.003906
0.023132
0.007019
0.012695
-0.003723
0.012695
-0.003662
0.004700
-0.005554
0.012451
-0.003601
0.004639
-0.005493
0.004517
-0.005432
0.000488
-0.003906
0.012451
-0.003418
0.004761
-0.005371
0.004639
-0.005371
0.000549
-0.003906
0.004456
-0.005310
0.000427
-0.003845
0.000366
-0.003845
-0.000977
-0.001953
0.028931
0.033264
0.023071
0.006653
0.022949
0.006714
0.012512
-0.003784
0.022949
0.006775
0.012573
-0.003723
0.012451
-0.003784
0.004639
-0.005493
0.022888
0.007019
0.012573
-0.003601
0.012512
-0.003601
0.004639
-0.005493
0.012329
-0.003540
0.004578
-0.005371
0.004395
-0.005432
0.000366
-0.003845
0.023071
0.006958
0.012695
-0.003662
0.012695
-0.003662
0.004700
-0.005554
0.012451
-0.003601
0.004639
-0.005493
0.004517
-0.005432
0.000488
-0.003906
0.012451
-0.003418
0.004700
-0.005371
0.004517
-0.005310
0.000488
-0.003906
0.004456
-0.005310
0.000427
-0.003845
0.000366
-0.003845
-0.000977
-0.001953
0.023132
0.006775
0.012695
-0.003784
0.012573
-0.003845
0.004700
-0.005493
0.012329
-0.003723
0.004639
-0.005432
0.004395
-0.005432
0.000366
-0.003845
0.012451
-0.003601
0.004639
-0.005493
0.004517
-0.005432
0.000488
-0.003906
0.004456
-0.005310
0.000427
-0.003845
0.000366
-0.003845
-0.000977
-0.001953
0.012573
-0.003540
0.004700
-0.005432
0.004578
-0.005493
0.000427
-0.003967
0.004456
-0.005310
0.000427
-0.003845
0.000366
-0.003845
-0.000977
-0.001953
0.004578
-0.005249
0.000549
-0.003845
0.000366
-0.003784
-0.000916
-0.001953
0.000305
-0.003723
-0.000916
-0.001892
-0.001038
-0.001892
-0.001038
-0.000610
0.028931
0.033264
0.023071
0.006653
0.022949
0.006714
0.012512
-0.003784
0.022949
0.006775
0.012573
-0.003723
0.012451
-0.003784
0.004639
-0.005493
0.022888
0.007019
0.012573
-0.003601
0.012512
-0.003601
0.004639
-0.005493
0.012329
-0.003540
0.004578
-0.005371
0.004395
-0.005432
0.000366
-0.003845
0.023010
0.006897
0.012634
-0.003662
0.012512
-0.003723
0.004700
-0.005493
0.012451
-0.003601
0.004639
-0.005493
0.004517
-0.005432
0.000488
-0.003906
0.012451
-0.003418
0.004761
-0.005371
0.004517
-0.005310
0.000488
-0.003906
0.004456
-0.005310
0.000427
-0.003845
0.000366
-0.003845
-0.000977
-0.001953
0.023071
0.006714
0.012634
-0.003845
0.012573
-0.003845
0.004700
-0.005493
0.012451
-0.003601
0.004639
-0.005493
0.004517
-0.005432
0.000488
-0.003906
0.012451
-0.003479
0.004700
-0.005371
0.004517
-0.005432
0.000488
-0.003906
0.004456
-0.005310
0.000427
-0.003845
0.000366
-0.003845
-0.000977
-0.001953
0.012573
-0.003540
0.004700
-0.005432
0.004578
-0.005493
0.000427
-0.003967
0.004456
-0.005310
0.000427
-0.003845
0.000366
-0.003845
-0.000977
-0.001953
0.004578
-0.005249
0.000549
-0.003845
0.000366
-0.003784
-0.000916
-0.001953
0.000305
-0.003723
-0.000916
-0.001892
-0.001038
-0.001892
-0.001038
-0.000610
0.023132
0.006714
0.012634
-0.003845
0.012451
-0.003845
0.004639
-0.005493
0.012329
-0.003723
0.004639
-0.005432
0.004333
-0.005493
0.000366
-0.003845
0.012451
-0.003601
0.004639
-0.005493
0.004517
-0.005432
0.000488
-0.003906
0.004456
-0.005310
0.000427
-0.003845
0.000366
-0.003845
-0.000977
-0.001953
0.012512
-0.003418
0.004700
-0.005432
0.004578
-0.005371
0.000488
-0.003906
0.004456
-0.005310
0.000427
-0.003845
0.000366
-0.003845
-0.000977
-0.001953
0.004578
-0.005249
0.000549
-0.003845
0.000366
-0.003784
-0.000916
-0.001953
0.000305
-0.003723
-0.000916
-0.001892
-0.001038
-0.001892
-0.001038
-0.000610
0.012573
-0.003540
0.004700
-0.005432
0.004578
-0.005493
0.000427
-0.003967
0.004456
-0.005310
0.000427
-0.003845
0.000366
-0.003845
-0.000977
-0.001953
0.004578
-0.005249
0.000549
-0.003845
0.000366
-0.003784
-0.000916
-0.001953
0.000305
-0.003723
-0.000916
-0.001892
-0.001038
-0.001892
-0.001038
-0.000610
0.004700
-0.005127
0.000671
-0.003784
0.000549
-0.003845
-0.000854
-0.002014
0.000488
-0.003723
-0.000854
-0.001892
-0.001099
-0.001953
-0.001099
-0.000610
0.000305
-0.003723
-0.000916
-0.001892
-0.001038
-0.001892
-0.001038
-0.000610
-0.001160
-0.001831
-0.001038
-0.000610
-0.001221
-0.000549
-0.000732
0.000061
