-0.280945
-0.127197
-0.166748
0.024353
-0.166931
0.024353
-0.069519
0.060425
-0.166992
0.024414
-0.069458
0.060425
-0.069641
0.060425
-0.014160
0.048279
-0.166809
0.024658
-0.069397
0.060486
-0.069580
0.060425
-0.014099
0.048218
-0.069641
0.060547
-0.014099
0.048279
-0.014221
0.048279
0.007751
0.026306
-0.166748
0.024719
-0.069397
0.060486
-0.069580
0.060425
-0.014099
0.048218
-0.069641
0.060547
-0.014099
0.048279
-0.014221
0.048279
0.007751
0.026306
-0.069580
0.060608
-0.014099
0.048279
-0.014221
0.048340
0.007751
0.026306
-0.014343
0.048401
0.007690
0.026367
0.007568
0.026367
0.011292
0.009827
-0.166748
0.024719
-0.069397
0.060486
-0.069580
0.060425
-0.014099
0.048218
-0.069641
0.060547
-0.014099
0.048279
-0.014221
0.048279
0.007751
0.026306
-0.069580
0.060608
-0.014099
0.048279
-0.014221
0.048340
0.007751
0.026306
-0.014343
0.048401
0.007690
0.026367
0.007568
0.026367
0.011292
0.009827
-0.069519
0.060791
-0.013977
0.048340
-0.014099
0.048401
0.007812
0.026367
-0.014160
0.048462
0.007812
0.026367
0.007629
0.026367
0.011292
0.009827
-0.014160
0.048523
0.007812
0.026367
0.007690
0.026367
0.011353
0.009766
0.007629
0.026489
0.011353
0.009827
0.011230
0.009827
0.008118
0.001160
-0.166809
0.024475
-0.069397
0.060425
-0.069519
0.060364
-0.014099
0.048218
-0.069702
0.060486
-0.014160
0.048279
-0.014221
0.048279
0.007751
0.026306
-0.069519
0.060547
-0.014038
0.048218
-0.014221
0.048279
0.007751
0.026306
-0.014343
0.048401
0.007690
0.026367
0.007568
0.026367
0.011292
0.009827
-0.069519
0.060669
-0.014038
0.048340
-0.014160
0.048279
0.007751
0.026306
-0.014099
0.048340
0.007751
0.026306
0.007629
0.026367
0.011292
0.009827
-0.014221
0.048584
0.007812
0.026428
0.007690
0.026489
0.011353
0.009827
0.007568
0.026489
0.011353
0.009888
0.011169
0.009827
0.008118
0.001160
-0.069397
0.060608
-0.013977
0.048279
-0.014160
0.048279
0.007751
0.026306
-0.014099
0.048340
0.007751
0.026306
0.007629
0.026367
0.011292
0.009827
-0.014221
0.048584
0.007812
0.026428
0.007690
0.026489
0.011353
0.009827
0.007568
0.026489
0.011353
0.009888
0.011169
0.009827
0.008118
0.001160
-0.014160
0.048523
0.007812
0.026367
0.007690
0.026367
0.011353
0.009766
0.007629
0.026489
0.011353
0.009827
0.011230
0.009827
0.008118
0.001160
0.007629
0.026550
0.011414
0.009949
0.011230
0.009827
0.008118
0.001160
0.011108
0.009949
0.008057
0.001221
0.007935
0.001160
0.003967
-0.001892
-0.166870
0.024536
-0.069397
0.060486
-0.069641
0.060425
-0.014160
0.048279
-0.069702
0.060486
-0.014160
0.048279
-0.014221
0.048279
0.007751
0.026306
-0.069702
0.060486
-0.014160
0.048279
-0.014221
0.048279
0.007751
0.026306
-0.014465
0.048401
0.007690
0.026428
0.007507
0.026367
0.011292
0.009888
-0.069519
0.060547
-0.014038
0.048218
-0.014160
0.048218
0.007751
0.026306
-0.014343
0.048401
0.007690
0.026367
0.007568
0.026367
0.011292
0.009827
-0.014282
0.048584
0.007812
0.026428
0.007690
0.026489
0.011353
0.009827
0.007629
0.026489
0.011353
0.009827
0.011230
0.009827
0.008118
0.001160
-0.069519
0.060547
-0.014038
0.048218
-0.014160
0.048218
0.007751
0.026306
-0.014221
0.048401
0.007751
0.026306
0.007629
0.026367
0.011292
0.009827
-0.014343
0.048523
0.007751
0.026428
0.007507
0.026428
0.011292
0.009888
0.007568
0.026489
0.011353
0.009888
0.011169
0.009827
0.008118
0.001160
-0.014221
0.048584
0.007812
0.026428
0.007690
0.026489
0.011353
0.009827
0.007629
0.026489
0.011353
0.009827
0.011230
0.009827
0.008118
0.001160
0.007629
0.026611
0.011414
0.009949
0.011230
0.009827
0.008118
0.001160
0.011047
0.010071
0.008118
0.001282
0.007935
0.001160
0.003967
-0.001892
-0.069519
0.060547
-0.014038
0.048218
-0.014160
0.048218
0.007751
0.026306
-0.014221
0.048401
0.007751
0.026306
0.007629
0.026367
0.011292
0.009827
-0.014343
0.048523
0.007751
0.026428
0.007507
0.026428
0.011292
0.009888
0.007568
0.026489
0.011353
0.009888
0.011169
0.009827
0.008118
0.001160
-0.014099
0.048340
0.007751
0.026306
0.007629
0.026367
0.011292
0.009827
0.007568
0.026489
0.011353
0.009888
0.011169
0.009827
0.008118
0.001160
0.007629
0.026611
0.011414
0.009949
0.011230
0.009827
0.008118
0.001160
0.011047
0.010071
0.008118
0.001282
0.007935
0.001160
0.003967
-0.001892
-0.013977
0.048340
0.007812
0.026245
0.007690
0.026367
0.011353
0.009766
0.007507
0.026428
0.011292
0.009888
0.011108
0.009766
0.008057
0.001099
0.007629
0.026550
0.011414
0.009949
0.011230
0.009827
0.008118
0.001160
0.011108
0.009949
0.008057
0.001221
0.007935
0.001160
0.003967
-0.001892
0.007812
0.026550
0.011475
0.009827
0.011230
0.009705
0.008057
0.001099
0.011230
0.009827
0.008118
0.001160
0.007935
0.001160
0.003967
-0.001892
0.011230
0.010010
0.008179
0.001160
0.007935
0.001160
0.003967
-0.001892
0.007996
0.001282
0.004028
-0.001831
0.003906
-0.001831
0.001221
-0.002075
-0.166870
0.024475
-0.069458
0.060425
-0.069641
0.060425
-0.014160
0.048279
-0.069702
0.060486
-0.014160
0.048279
-0.014221
0.048279
0.007751
0.026306
-0.069702
0.060486
-0.014160
0.048279
-0.014221
0.048279
0.007751
0.026306
-0.014465
0.048401
0.007690
0.026428
0.007507
0.026367
0.011292
0.009888
-0.069580
0.060608
-0.014099
0.048279
-0.014160
0.048279
0.007751
0.026306
-0.014221
0.048401
0.007751
0.026306
0.007629
0.026367
0.011292
0.009827
-0.014282
0.048584
0.007812
0.026428
0.007690
0.026489
0.011353
0.009827
0.007629
0.026489
0.011353
0.009827
0.011230
0.009827
0.008118
0.001160
-0.069519
0.060547
-0.014038
0.048218
-0.014221
0.048279
0.007751
0.026306
-0.014282
0.048279
0.007751
0.026306
0.007568
0.026367
0.011292
0.009827
-0.014343
0.048523
0.007751
0.026428
0.007507
0.026428
0.011292
0.009888
0.007568
0.026489
0.011353
0.009888
0.011169
0.009827
0.008118
0.001160
-0.014221
0.048584
0.007812
0.026428
0.007690
0.026489
0.011353
0.009827
0.007629
0.026489
0.011353
0.009827
0.011230
0.009827
0.008118
0.001160
0.007629
0.026611
0.011414
0.009949
0.011230
0.009827
0.008118
0.001160
0.011047
0.010071
0.008118
0.001282
0.007935
0.001160
0.003967
-0.001892
-0.069519
0.060547
-0.014038
0.048218
-0.014160
0.048218
0.007751
0.026306
-0.014221
0.048401
0.007751
0.026306
0.007629
0.026367
0.011292
0.009827
-0.014343
0.048523
0.007751
0.026428
0.007507
0.026428
0.011292
0.009888
0.007568
0.026489
0.011353
0.009888
0.011169
0.009827
0.008118
0.001160
-0.014099
0.048340
0.007751
0.026306
0.007629
0.026367
0.011292
0.009827
0.007568
0.026489
0.011353
0.009888
0.011169
0.009827
0.008118
0.001160
0.007629
0.026611
0.011414
0.009949
0.011230
0.009827
0.008118
0.001160
0.011047
0.010071
0.008118
0.001282
0.007935
0.001160
0.003967
-0.001892
-0.013977
0.048340
0.007812
0.026245
0.007690
0.026367
0.011353
0.009766
0.007507
0.026428
0.011292
0.009888
0.011108
0.009766
0.008057
0.001099
0.007629
0.026550
0.011414
0.009949
0.011230
0.009827
0.008118
0.001160
0.011108
0.009949
0.008057
0.001221
0.007935
0.001160
0.003967
-0.001892
0.007812
0.026550
0.011475
0.009827
0.011230
0.009705
0.008057
0.001099
0.011230
0.009827
0.008118
0.001160
0.007935
0.001160
0.003967
-0.001892
0.011230
0.010010
0.008179
0.001160
0.007935
0.001160
0.003967
-0.001892
0.007996
0.001282
0.004028
-0.001831
0.003906
-0.001831
0.001221
-0.002075
-0.069580
0.060425
-0.014099
0.048218
-0.014221
0.048157
0.007751
0.026306
-0.014282
0.048279
0.007751
0.026306
0.007568
0.026367
0.011292
0.009827
-0.014343
0.048523
0.007751
0.026428
0.007507
0.026428
0.011292
0.009888
0.007568
0.026489
0.011353
0.009888
0.011169
0.009827
0.008118
0.001160
-0.014099
0.048340
0.007751
0.026306
0.007629
0.026367
0.011292
0.009827
0.007568
0.026489
0.011353
0.009888
0.011169
0.009827
0.008118
0.001160
0.007629
0.026611
0.011414
0.009949
0.011230
0.009827
0.008118
0.001160
0.011047
0.010071
0.008118
0.001282
0.007935
0.001160
0.003967
-0.001892
-0.013977
0.048340
0.007812
0.026245
0.007690
0.026367
0.011353
0.009766
0.007507
0.026428
0.011292
0.009888
0.011108
0.009766
0.008057
0.001099
0.007629
0.026550
0.011414
0.009949
0.011230
0.009827
0.008118
0.001160
0.011108
0.009949
0.008057
0.001221
0.007935
0.001160
0.003967
-0.001892
0.007812
0.026550
0.011475
0.009827
0.011230
0.009705
0.008057
0.001099
0.011230
0.009827
0.008118
0.001160
0.007935
0.001160
0.003967
-0.001892
0.011230
0.010010
0.008179
0.001160
0.007935
0.001160
0.003967
-0.001892
0.007996
0.001282
0.004028
-0.001831
0.003906
-0.001831
0.001221
-0.002075
-0.013977
0.048340
0.007812
0.026245
0.007690
0.026367
0.011353
0.009766
0.007507
0.026428
0.011292
0.009888
0.011108
0.009766
0.008057
0.001099
0.007629
0.026489
0.011353
0.009827
0.011230
0.009827
0.008118
0.001160
0.011047
0.009949
0.008057
0.001221
0.007935
0.001160
0.003967
-0.001892
0.007812
0.026489
0.011475
0.009827
0.011230
0.009827
0.008118
0.001160
0.011169
0.009888
0.008118
0.001160
0.007935
0.001160
0.003967
-0.001892
0.011230
0.010010
0.008179
0.001160
0.007935
0.001160
0.003967
-0.001892
0.007996
0.001282
0.004028
-0.001831
0.003906
-0.001831
0.001221
-0.002075
0.007874
0.026489
0.011475
0.009766
0.011230
0.009705
0.008057
0.001038
0.011230
0.009827
0.008118
0.001160
0.007935
0.001160
0.003967
-0.001892
0.011169
0.010010
0.008118
0.001221
0.007935
0.001160
0.003967
-0.001892
0.007996
0.001282
0.004028
-0.001831
0.003906
-0.001831
0.001221
-0.002075
0.011230
0.010010
0.008179
0.001160
0.007935
0.001160
0.003967
-0.001892
0.007996
0.001282
0.004028
-0.001831
0.003906
-0.001831
0.001221
-0.002075
0.007996
0.001526
0.004150
-0.001770
0.004028
-0.001709
0.001282
-0.002075
0.003906
-0.001831
0.001221
-0.002075
0.001099
-0.002136
-0.000122
-0.001343
