0.147400
0.499084
0.215088
0.185852
0.215088
0.185852
0.153687
0.021851
0.214844
0.185913
0.153625
0.021912
0.153503
0.022034
0.077148
-0.035278
0.214783
0.186096
0.153687
0.022034
0.153564
0.022156
0.077209
-0.035217
0.153564
0.022156
0.077148
-0.035156
0.076965
-0.035156
0.025024
-0.039001
0.214905
0.186157
0.153748
0.021973
0.153625
0.022156
0.077209
-0.035217
0.153564
0.022156
0.077148
-0.035156
0.076965
-0.035156
0.025024
-0.039001
0.153564
0.022217
0.077148
-0.035156
0.076965
-0.035156
0.025024
-0.039001
0.076904
-0.035156
0.024963
-0.038940
0.024841
-0.039001
-0.000061
-0.025269
