-0.050964
-0.347656
-0.126038
-0.144897
-0.126160
-0.144897
-0.100708
-0.029419
-0.126282
-0.144653
-0.100708
-0.029297
-0.100830
-0.029297
-0.054993
0.016235
-0.126282
-0.144592
-0.100708
-0.029297
-0.100830
-0.029297
-0.054993
0.016235
-0.100830
-0.029236
-0.054993
0.016296
-0.055115
0.016235
-0.020508
0.023621
-0.126282
-0.144592
-0.100708
-0.029297
-0.100830
-0.029297
-0.054993
0.016235
-0.100830
-0.029236
-0.054993
0.016296
-0.055115
0.016235
-0.020508
0.023621
-0.100952
-0.029053
-0.054993
0.016418
-0.055054
0.016357
-0.020447
0.023682
-0.055115
0.016418
-0.020447
0.023743
-0.020569
0.023804
-0.002441
0.016968
-0.126038
-0.144714
-0.100586
-0.029358
-0.100830
-0.029358
-0.054993
0.016235
-0.100769
-0.029236
-0.054993
0.016235
-0.055115
0.016235
-0.020508
0.023621
-0.100830
-0.029175
-0.054932
0.016296
-0.054993
0.016357
-0.020447
0.023682
-0.055176
0.016418
-0.020508
0.023743
-0.020630
0.023743
-0.002441
0.016907
-0.100769
-0.029114
-0.054932
0.016296
-0.054993
0.016357
-0.020447
0.023682
-0.055176
0.016418
-0.020508
0.023743
-0.020630
0.023743
-0.002441
0.016907
-0.055115
0.016418
-0.020447
0.023743
-0.020569
0.023804
-0.002441
0.016968
-0.020630
0.023804
-0.002441
0.016968
-0.002625
0.016968
0.003845
0.008484
-0.126099
-0.144775
-0.100647
-0.029419
-0.100830
-0.029358
-0.054993
0.016235
-0.100830
-0.029358
-0.054993
0.016235
-0.055176
0.016113
-0.020569
0.023621
-0.100769
-0.029236
-0.054932
0.016235
-0.055115
0.016235
-0.020508
0.023621
-0.055237
0.016418
-0.020508
0.023804
-0.020569
0.023804
-0.002441
0.016968
-0.100769
-0.029236
-0.054932
0.016235
-0.055054
0.016296
-0.020447
0.023682
-0.055176
0.016296
-0.020569
0.023682
-0.020630
0.023743
-0.002441
0.016907
-0.055237
0.016479
-0.020508
0.023804
-0.020569
0.023804
-0.002441
0.016968
-0.020691
0.023804
-0.002502
0.016968
-0.002747
0.016907
0.003845
0.008484
-0.100769
-0.029236
-0.054932
0.016235
-0.055054
0.016296
-0.020447
0.023682
-0.055176
0.016296
-0.020569
0.023682
-0.020630
0.023743
-0.002441
0.016907
-0.054993
0.016357
-0.020447
0.023682
-0.020630
0.023743
-0.002441
0.016907
-0.020691
0.023804
-0.002502
0.016968
-0.002747
0.016907
0.003845
0.008484
-0.054871
0.016479
-0.020386
0.023743
-0.020569
0.023682
-0.002441
0.016846
-0.020630
0.023804
-0.002441
0.016968
-0.002625
0.016968
0.003845
0.008484
-0.020508
0.023926
-0.002380
0.016968
-0.002502
0.016968
0.003845
0.008423
-0.002625
0.017090
0.003845
0.008484
0.003784
0.008545
0.004211
0.002747
-0.126160
-0.144836
-0.100708
-0.029419
-0.100830
-0.029358
-0.054993
0.016235
-0.100830
-0.029358
-0.054993
0.016235
-0.055176
0.016113
-0.020569
0.023621
-0.100830
-0.029236
-0.054932
0.016296
-0.055054
0.016296
-0.020447
0.023682
-0.055237
0.016418
-0.020508
0.023804
-0.020569
0.023804
-0.002441
0.016968
-0.100769
-0.029236
-0.054993
0.016235
-0.055054
0.016174
-0.020508
0.023621
-0.055176
0.016296
-0.020569
0.023682
-0.020630
0.023743
-0.002441
0.016907
-0.055237
0.016479
-0.020508
0.023804
-0.020569
0.023804
-0.002441
0.016968
-0.020691
0.023804
-0.002502
0.016968
-0.002747
0.016907
0.003845
0.008484
-0.100769
-0.029236
-0.054932
0.016235
-0.055054
0.016296
-0.020447
0.023682
-0.055176
0.016296
-0.020569
0.023682
-0.020630
0.023743
-0.002441
0.016907
-0.054993
0.016357
-0.020447
0.023682
-0.020630
0.023743
-0.002441
0.016907
-0.020691
0.023804
-0.002502
0.016968
-0.002747
0.016907
0.003845
0.008484
-0.054871
0.016479
-0.020386
0.023743
-0.020569
0.023682
-0.002441
0.016846
-0.020630
0.023804
-0.002441
0.016968
-0.002625
0.016968
0.003845
0.008484
-0.020508
0.023926
-0.002380
0.016968
-0.002502
0.016968
0.003845
0.008423
-0.002625
0.017090
0.003845
0.008484
0.003784
0.008545
0.004211
0.002747
-0.100708
-0.029297
-0.054932
0.016174
-0.055054
0.016174
-0.020508
0.023621
-0.055176
0.016296
-0.020569
0.023682
-0.020630
0.023743
-0.002441
0.016907
-0.054993
0.016357
-0.020447
0.023682
-0.020630
0.023743
-0.002441
0.016907
-0.020691
0.023804
-0.002502
0.016968
-0.002747
0.016907
0.003845
0.008484
-0.054871
0.016479
-0.020386
0.023743
-0.020569
0.023682
-0.002441
0.016846
-0.020630
0.023804
-0.002441
0.016968
-0.002625
0.016968
0.003845
0.008484
-0.020508
0.023926
-0.002380
0.016968
-0.002502
0.016968
0.003845
0.008423
-0.002625
0.017090
0.003845
0.008484
0.003784
0.008545
0.004211
0.002747
-0.054871
0.016479
-0.020386
0.023743
-0.020569
0.023682
-0.002441
0.016846
-0.020569
0.023804
-0.002441
0.016968
-0.002625
0.016907
0.003845
0.008484
-0.020508
0.023865
-0.002441
0.016968
-0.002563
0.016968
0.003845
0.008484
-0.002625
0.017090
0.003845
0.008484
0.003784
0.008545
0.004211
0.002747
-0.020447
0.023987
-0.002319
0.016968
-0.002441
0.016968
0.003845
0.008423
-0.002625
0.017029
0.003845
0.008484
0.003784
0.008545
0.004211
0.002747
-0.002625
0.017090
0.003845
0.008484
0.003784
0.008545
0.004211
0.002747
0.003601
0.008728
0.004272
0.002869
0.004211
0.002747
0.002808
-0.000061
