0.438232
0.127869
0.239136
-0.070679
0.239075
-0.070679
0.089050
-0.103088
0.239075
-0.070679
0.089050
-0.103088
0.088867
-0.103088
0.010376
-0.073669
0.239075
-0.070435
0.089111
-0.103027
0.088928
-0.102966
0.010437
-0.073669
0.088928
-0.102905
0.010498
-0.073608
0.010376
-0.073669
-0.016968
-0.036987
0.239136
-0.070374
0.089172
-0.102966
0.089050
-0.103027
0.010437
-0.073730
0.089050
-0.102905
0.010559
-0.073669
0.010498
-0.073730
-0.016907
-0.037048
0.089050
-0.102905
0.010559
-0.073669
0.010498
-0.073547
-0.016907
-0.036987
0.010315
-0.073486
-0.016907
-0.036926
-0.017090
-0.036926
-0.018738
-0.012024
0.239197
-0.070435
0.089172
-0.102966
0.088989
-0.103088
0.010437
-0.073730
0.089111
-0.102905
0.010559
-0.073669
0.010498
-0.073730
-0.016907
-0.037048
0.089050
-0.102905
0.010559
-0.073669
0.010498
-0.073547
-0.016907
-0.036987
0.010315
-0.073486
-0.016907
-0.036926
-0.017090
-0.036926
-0.018738
-0.012024
0.089050
-0.102844
0.010559
-0.073669
0.010498
-0.073547
-0.016907
-0.036987
0.010315
-0.073486
-0.016907
-0.036926
-0.017090
-0.036926
-0.018738
-0.012024
0.010315
-0.073486
-0.016968
-0.036865
-0.017090
-0.036865
-0.018738
-0.012024
-0.017212
-0.036804
-0.018738
-0.011963
-0.018799
-0.011902
-0.012207
0.000000
