0.302063
-0.262878
0.061279
-0.210083
0.061035
-0.210083
-0.033936
-0.114624
0.061035
-0.210022
-0.033936
-0.114624
-0.033997
-0.114624
-0.049438
-0.042725
0.061035
-0.210022
-0.033936
-0.114624
-0.033997
-0.114624
-0.049438
-0.042725
-0.034180
-0.114502
-0.049500
-0.042603
-0.049622
-0.042603
-0.035400
-0.005005
0.061218
-0.209900
-0.033813
-0.114624
-0.033936
-0.114563
-0.049438
-0.042725
-0.034058
-0.114502
-0.049438
-0.042603
-0.049561
-0.042664
-0.035339
-0.005066
-0.033997
-0.114441
-0.049438
-0.042603
-0.049561
-0.042664
-0.035339
-0.005066
-0.049622
-0.042603
-0.035400
-0.005005
-0.035461
-0.005005
-0.017761
0.008118
0.061279
-0.209961
-0.033813
-0.114624
-0.033813
-0.114624
-0.049377
-0.042786
-0.033997
-0.114563
-0.049438
-0.042725
-0.049622
-0.042664
-0.035400
-0.005005
-0.033936
-0.114502
-0.049438
-0.042664
-0.049500
-0.042725
-0.035339
-0.005066
-0.049683
-0.042725
-0.035400
-0.005005
-0.035522
-0.005066
-0.017822
0.008057
-0.033936
-0.114502
-0.049438
-0.042664
-0.049500
-0.042725
-0.035339
-0.005066
-0.049438
-0.042603
-0.035339
-0.005066
-0.035522
-0.005066
-0.017822
0.008057
-0.049500
-0.042419
-0.035339
-0.004944
-0.035461
-0.005005
-0.017761
0.008118
-0.035522
-0.004822
-0.017700
0.008179
-0.017883
0.008179
-0.005737
0.008972
0.061279
-0.210022
-0.033813
-0.114624
-0.033813
-0.114624
-0.049377
-0.042786
-0.034058
-0.114563
-0.049438
-0.042664
-0.049622
-0.042664
-0.035400
-0.005005
-0.033875
-0.114563
-0.049377
-0.042725
-0.049500
-0.042725
-0.035339
-0.005066
-0.049683
-0.042725
-0.035400
-0.005005
-0.035522
-0.005066
-0.017822
0.008057
-0.033936
-0.114502
-0.049438
-0.042664
-0.049500
-0.042725
-0.035339
-0.005066
-0.049438
-0.042603
-0.035339
-0.005066
-0.035522
-0.005066
-0.017822
0.008057
-0.049500
-0.042419
-0.035339
-0.004944
-0.035461
-0.005005
-0.017761
0.008118
-0.035522
-0.004822
-0.017700
0.008179
-0.017883
0.008179
-0.005737
0.008972
-0.033813
-0.114502
-0.049377
-0.042725
-0.049500
-0.042725
-0.035339
-0.005066
-0.049438
-0.042603
-0.035339
-0.005066
-0.035522
-0.005066
-0.017822
0.008057
-0.049500
-0.042419
-0.035339
-0.004944
-0.035461
-0.005005
-0.017761
0.008118
-0.035522
-0.004822
-0.017700
0.008179
-0.017883
0.008179
-0.005737
0.008972
-0.049500
-0.042419
-0.035339
-0.004944
-0.035400
-0.005005
-0.017700
0.008057
-0.035461
-0.004883
-0.017700
0.008118
-0.017883
0.008179
-0.005737
0.008972
-0.035522
-0.004700
-0.017639
0.008240
-0.017822
0.008179
-0.005737
0.008972
-0.017883
0.008179
-0.005737
0.008972
-0.005920
0.009033
0.000000
0.005859
