0.031345
0.031154
0.031345
0.031154
0.000136
0.044194
0.000136
0.044194
-0.016787
0.040882
-0.016787
0.040882
-0.040778
0.017037
-0.040778
0.017037
-0.024441
0.036822
-0.024441
0.036822
-0.043319
0.008755
-0.043319
0.008755
-0.043372
-0.008489
-0.043372
-0.008489
-0.024666
-0.036672
-0.024666
-0.036672
-0.027933
0.034250
-0.027933
0.034250
-0.043969
0.004467
-0.043969
0.004467
-0.042331
-0.012700
-0.042331
-0.012700
-0.020952
-0.038913
-0.020952
-0.038913
-0.039041
-0.020713
-0.039041
-0.020713
-0.012960
-0.042252
-0.012960
-0.042252
0.004196
-0.043996
0.004196
-0.043996
0.034077
-0.028143
0.034077
-0.028143
-0.029578
0.032838
-0.029578
0.032838
-0.044135
0.002305
-0.044135
0.002305
-0.041658
-0.014760
-0.041658
-0.014760
-0.019019
-0.039894
-0.019019
-0.039894
-0.037978
-0.022603
-0.037978
-0.022603
-0.010871
-0.042838
-0.010871
-0.042838
0.006349
-0.043737
0.006349
-0.043737
0.035417
-0.026437
0.035417
-0.026437
-0.035580
-0.026216
-0.035580
-0.026216
-0.006621
-0.043696
-0.006621
-0.043696
0.010604
-0.042904
0.010604
-0.042904
0.037837
-0.022839
0.037837
-0.022839
0.018771
-0.040009
0.018771
-0.040009
0.041564
-0.015018
0.041564
-0.015018
0.044147
0.002031
0.044147
0.002031
0.029781
0.032653
0.029781
0.032653
-0.030375
0.032103
-0.030375
0.032103
-0.044178
0.001221
-0.044178
0.001221
-0.041283
-0.015778
-0.041283
-0.015778
-0.018035
-0.040348
-0.018035
-0.040348
-0.037412
-0.023528
-0.037412
-0.023528
-0.009818
-0.043091
-0.009818
-0.043091
0.007419
-0.043568
0.007419
-0.043568
0.036054
-0.025561
0.036054
-0.025561
-0.034925
-0.027080
-0.034925
-0.027080
-0.005547
-0.043844
-0.005547
-0.043844
0.011654
-0.042630
0.011654
-0.042630
0.038385
-0.021904
0.038385
-0.021904
0.019746
-0.039537
0.019746
-0.039537
0.041920
-0.013994
0.041920
-0.013994
0.044084
0.003113
0.044084
0.003113
0.028971
0.033373
0.028971
0.033373
-0.033554
-0.028761
-0.033554
-0.028761
-0.003389
-0.044064
-0.003389
-0.044064
0.013731
-0.042006
0.013731
-0.042006
0.039412
-0.019994
0.039412
-0.019994
0.021662
-0.038519
0.021662
-0.038519
0.042554
-0.011920
0.042554
-0.011920
0.043877
0.005272
0.043877
0.005272
0.027298
0.034754
0.027298
0.034754
0.025333
-0.036210
0.025333
-0.036210
0.043518
-0.007691
0.043518
-0.007691
0.043148
0.009548
0.043148
0.009548
0.023759
0.037262
0.023759
0.037262
0.040456
0.017783
0.040456
0.017783
0.016032
0.041181
0.016032
0.041181
-0.000947
0.044182
-0.000947
0.044182
-0.031911
0.030571
-0.031911
0.030571
-0.030766
0.031727
-0.030766
0.031727
-0.044189
0.000679
-0.044189
0.000679
-0.041086
-0.016283
-0.041086
-0.016283
-0.017538
-0.040566
-0.017538
-0.040566
-0.037120
-0.023984
-0.037120
-0.023984
-0.009288
-0.043208
-0.009288
-0.043208
0.007953
-0.043473
0.007953
-0.043473
0.036364
-0.025116
0.036364
-0.025116
-0.034590
-0.027506
-0.034590
-0.027506
-0.005009
-0.043909
-0.005009
-0.043909
0.012176
-0.042483
0.012176
-0.042483
0.038650
-0.021431
0.038650
-0.021431
0.020229
-0.039291
0.020229
-0.039291
0.042088
-0.013479
0.042088
-0.013479
0.044042
0.003654
0.044042
0.003654
0.028559
0.033725
0.028559
0.033725
-0.033198
-0.029171
-0.033198
-0.029171
-0.002848
-0.044101
-0.002848
-0.044101
0.014245
-0.041834
0.014245
-0.041834
0.039654
-0.019508
0.039654
-0.019508
0.022132
-0.038251
0.022132
-0.038251
0.042697
-0.011397
0.042697
-0.011397
0.043809
0.005810
0.043809
0.005810
0.026869
0.035086
0.026869
0.035086
0.025775
-0.035896
0.025775
-0.035896
0.043608
-0.007157
0.043608
-0.007157
0.043027
0.010076
0.043027
0.010076
0.023300
0.037550
0.023300
0.037550
0.040234
0.018278
0.040234
0.018278
0.015526
0.041374
0.015526
0.041374
-0.001490
0.044166
-0.001490
0.044166
-0.032284
0.030177
-0.032284
0.030177
-0.032472
-0.029976
-0.032472
-0.029976
-0.001764
-0.044157
-0.001764
-0.044157
0.015268
-0.041471
0.015268
-0.041471
0.040121
-0.018528
0.040121
-0.018528
0.023065
-0.037695
0.023065
-0.037695
0.042964
-0.010345
0.042964
-0.010345
0.043652
0.006885
0.043652
0.006885
0.025999
0.035734
0.025999
0.035734
0.026649
-0.035252
0.026649
-0.035252
0.043770
-0.006084
0.043770
-0.006084
0.042766
0.011130
0.042766
0.011130
0.022371
0.038110
0.022371
0.038110
0.039772
0.019260
0.039772
0.019260
0.014505
0.041742
0.014505
0.041742
-0.002573
0.044116
-0.002573
0.044116
-0.033014
0.029374
-0.033014
0.029374
0.028347
-0.033901
0.028347
-0.033901
0.044017
-0.003928
0.044017
-0.003928
0.042168
0.013216
0.042168
0.013216
0.020473
0.039162
0.020473
0.039162
0.038780
0.021189
0.038780
0.021189
0.012439
0.042404
0.012439
0.042404
-0.004735
0.043937
-0.004735
0.043937
-0.034417
0.027719
-0.034417
0.027719
0.036516
0.024889
0.036516
0.024889
0.008221
0.043420
0.008221
0.043420
-0.009020
0.043261
-0.009020
0.043261
-0.036968
0.024212
-0.036968
0.024212
-0.017287
0.040671
-0.017287
0.040671
-0.040982
0.016535
-0.040982
0.016535
-0.044191
-0.000407
-0.044191
-0.000407
-0.030959
-0.031536
-0.030959
-0.031536
-0.030960
0.031537
-0.030960
0.031537
-0.044192
0.000408
-0.044192
0.000408
-0.040985
-0.016535
-0.040985
-0.016535
-0.017288
-0.040672
-0.017288
-0.040672
-0.036972
-0.024212
-0.036972
-0.024212
-0.009022
-0.043263
-0.009022
-0.043263
0.008220
-0.043422
0.008220
-0.043422
0.036517
-0.024892
0.036517
-0.024892
-0.034421
-0.027718
-0.034421
-0.027718
-0.004739
-0.043939
-0.004739
-0.043939
0.012436
-0.042408
0.012436
-0.042408
0.038780
-0.021193
0.038780
-0.021193
0.020470
-0.039166
0.020470
-0.039166
0.042169
-0.013220
0.042169
-0.013220
0.044018
0.003924
0.044018
0.003924
0.028351
0.033900
0.028351
0.033900
-0.033018
-0.029373
-0.033018
-0.029373
-0.002577
-0.044117
-0.002577
-0.044117
0.014502
-0.041745
0.014502
-0.041745
0.039773
-0.019264
0.039773
-0.019264
0.022367
-0.038113
0.022367
-0.038113
0.042766
-0.011134
0.042766
-0.011134
0.043772
0.006079
0.043772
0.006079
0.026653
0.035249
0.026653
0.035249
0.025995
-0.035736
0.025995
-0.035736
0.043651
-0.006888
0.043651
-0.006888
0.042964
0.010341
0.042964
0.010341
0.023068
0.037692
0.023068
0.037692
0.040120
0.018525
0.040120
0.018525
0.015271
0.041468
0.015271
0.041468
-0.001761
0.044156
-0.001761
0.044156
-0.032468
0.029977
-0.032468
0.029977
-0.032286
-0.030175
-0.032286
-0.030175
-0.001493
-0.044167
-0.001493
-0.044167
0.015522
-0.041376
0.015522
-0.041376
0.040233
-0.018281
0.040233
-0.018281
0.023295
-0.037552
0.023295
-0.037552
0.043026
-0.010081
0.043026
-0.010081
0.043608
0.007152
0.043608
0.007152
0.025779
0.035893
0.025779
0.035893
0.026864
-0.035087
0.026864
-0.035087
0.043806
-0.005815
0.043806
-0.005815
0.042697
0.011393
0.042697
0.011393
0.022136
0.038247
0.022136
0.038247
0.039653
0.019504
0.039653
0.019504
0.014248
0.041830
0.014248
0.041830
-0.002845
0.044099
-0.002845
0.044099
-0.033194
0.029171
-0.033194
0.029171
0.028554
-0.033726
0.028554
-0.033726
0.044039
-0.003657
0.044039
-0.003657
0.042086
0.013474
0.042086
0.013474
0.020231
0.039287
0.020231
0.039287
0.038649
0.021427
0.038649
0.021427
0.012178
0.042480
0.012178
0.042480
-0.005006
0.043907
-0.005006
0.043907
-0.034586
0.027507
-0.034586
0.027507
0.036362
0.025113
0.036362
0.025113
0.007955
0.043469
0.007955
0.043469
-0.009286
0.043205
-0.009286
0.043205
-0.037116
0.023984
-0.037116
0.023984
-0.017537
0.040563
-0.017537
0.040563
-0.041083
0.016282
-0.041083
0.016282
-0.044187
-0.000679
-0.044187
-0.000679
-0.030764
-0.031725
-0.030764
-0.031725
-0.031914
-0.030569
-0.031914
-0.030569
-0.000950
-0.044182
-0.000950
-0.044182
0.016030
-0.041183
0.016030
-0.041183
0.040456
-0.017786
0.040456
-0.017786
0.023755
-0.037263
0.023755
-0.037263
0.043147
-0.009552
0.043147
-0.009552
0.043517
0.007688
0.043517
0.007688
0.025336
0.036207
0.025336
0.036207
0.027294
-0.034754
0.027294
-0.034754
0.043875
-0.005275
0.043875
-0.005275
0.042554
0.011916
0.042554
0.011916
0.021664
0.038516
0.021664
0.038516
0.039411
0.019990
0.039411
0.019990
0.013733
0.042002
0.013733
0.042002
-0.003386
0.044061
-0.003386
0.044061
-0.033550
0.028761
-0.033550
0.028761
0.028967
-0.033372
0.028967
-0.033372
0.044080
-0.003115
0.044080
-0.003115
0.041918
0.013990
0.041918
0.013990
0.019748
0.039533
0.019748
0.039533
0.038382
0.021900
0.038382
0.021900
0.011654
0.042626
0.011654
0.042626
-0.005545
0.043841
-0.005545
0.043841
-0.034921
0.027079
-0.034921
0.027079
0.036051
0.025558
0.036051
0.025558
0.007421
0.043564
0.007421
0.043564
-0.009816
0.043087
-0.009816
0.043087
-0.037408
0.023527
-0.037408
0.023527
-0.018034
0.040345
-0.018034
0.040345
-0.041280
0.015776
-0.041280
0.015776
-0.044175
-0.001221
-0.044175
-0.001221
-0.030372
-0.032100
-0.030372
-0.032100
0.029778
-0.032652
0.029778
-0.032652
0.044145
-0.002033
0.044145
-0.002033
0.041562
0.015016
0.041562
0.015016
0.018771
0.040006
0.018771
0.040006
0.037834
0.022836
0.037834
0.022836
0.010605
0.042900
0.010605
0.042900
-0.006620
0.043693
-0.006620
0.043693
-0.035576
0.026215
-0.035576
0.026215
0.035413
0.026435
0.035413
0.026435
0.006349
0.043733
0.006349
0.043733
-0.010871
0.042834
-0.010871
0.042834
-0.037975
0.022601
-0.037975
0.022601
-0.019019
0.039891
-0.019019
0.039891
-0.041655
0.014759
-0.041655
0.014759
-0.044132
-0.002306
-0.044132
-0.002306
-0.029576
-0.032837
-0.029576
-0.032837
0.034074
0.028141
0.034074
0.028141
0.004195
0.043993
0.004195
0.043993
-0.012960
0.042250
-0.012960
0.042250
-0.039039
0.020711
-0.039039
0.020711
-0.020954
0.038910
-0.020954
0.038910
-0.042330
0.012697
-0.042330
0.012697
-0.043967
-0.004468
-0.043967
-0.004468
-0.027930
-0.034249
-0.027930
-0.034249
-0.024667
0.036670
-0.024667
0.036670
-0.043371
0.008487
-0.043371
0.008487
-0.043318
-0.008756
-0.043318
-0.008756
-0.024439
-0.036822
-0.024439
-0.036822
-0.040778
-0.017038
-0.040778
-0.017038
-0.016786
-0.040882
-0.016786
-0.040882
0.000136
-0.044194
0.000136
-0.044194
0.031346
-0.031154
0.031346
-0.031154
