-0.130983
-0.118714
-0.130983
-0.118714
-0.008675
-0.176563
-0.008675
-0.176563
0.059552
-0.166442
0.059552
-0.166442
0.159802
-0.075583
0.159802
-0.075583
0.090878
-0.151626
0.090878
-0.151626
0.171477
-0.042955
0.171477
-0.042955
0.174861
0.025937
0.174861
0.025937
0.105306
0.141985
0.105306
0.141985
0.105303
-0.141987
0.105303
-0.141987
0.174860
-0.025939
0.174860
-0.025939
0.171476
0.042952
0.171476
0.042952
0.090881
0.151623
0.090881
0.151623
0.159802
0.075581
0.159802
0.075581
0.059554
0.166440
0.059554
0.166440
-0.008674
0.176561
-0.008674
0.176561
-0.130980
0.118714
-0.130980
0.118714
