-0.061728
0.063264
-0.061728
0.063264
-0.088382
0.001086
-0.088382
0.001086
-0.082070
-0.032819
-0.082070
-0.032819
-0.034826
-0.081239
-0.034826
-0.081239
-0.074090
-0.048199
-0.074090
-0.048199
-0.018307
-0.086472
-0.018307
-0.086472
0.016177
-0.086895
0.016177
-0.086895
0.072883
-0.050005
0.072883
-0.050005
-0.069009
-0.055228
-0.069009
-0.055228
-0.009745
-0.087849
-0.009745
-0.087849
0.024615
-0.084891
0.024615
-0.084891
0.077433
-0.042622
0.077433
-0.042622
0.040703
-0.078457
0.040703
-0.078457
0.084259
-0.026696
0.084259
-0.026696
0.088061
0.007581
0.088061
0.007581
0.056908
0.067629
0.056908
0.067629
-0.066216
-0.058547
-0.066216
-0.058547
-0.005422
-0.088220
-0.005422
-0.088220
0.028751
-0.083580
0.028751
-0.083580
0.079430
-0.038770
0.079430
-0.038770
0.044504
-0.076365
0.044504
-0.076365
0.085467
-0.022529
0.085467
-0.022529
0.087583
0.011893
0.087583
0.011893
0.053521
0.070339
0.053521
0.070339
0.051775
-0.071634
0.051775
-0.071634
0.087263
-0.014043
0.087263
-0.014043
0.085994
0.020421
0.085994
0.020421
0.046368
0.075246
0.046368
0.075246
0.080358
0.036805
0.080358
0.036805
0.030797
0.082847
0.030797
0.082847
-0.003252
0.088326
-0.003252
0.088326
-0.064755
0.060156
-0.064755
0.060156
-0.064758
-0.060154
-0.064758
-0.060154
-0.003255
-0.088327
-0.003255
-0.088327
0.030793
-0.082848
0.030793
-0.082848
0.080357
-0.036808
0.080357
-0.036808
0.046364
-0.075248
0.046364
-0.075248
0.085993
-0.020424
0.085993
-0.020424
0.087263
0.014039
0.087263
0.014039
0.051778
0.071631
0.051778
0.071631
0.053517
-0.070340
0.053517
-0.070340
0.087581
-0.011896
0.087581
-0.011896
0.085466
0.022525
0.085466
0.022525
0.044506
0.076361
0.044506
0.076361
0.079429
0.038767
0.079429
0.038767
0.028753
0.083577
0.028753
0.083577
-0.005419
0.088218
-0.005419
0.088218
-0.066212
0.058548
-0.066212
0.058548
0.056905
-0.067629
0.056905
-0.067629
0.088059
-0.007584
0.088059
-0.007584
0.084258
0.026692
0.084258
0.026692
0.040705
0.078454
0.040705
0.078454
0.077431
0.042618
0.077431
0.042618
0.024617
0.084887
0.024617
0.084887
-0.009742
0.087847
-0.009742
0.087847
-0.069005
0.055228
-0.069005
0.055228
0.072881
0.050003
0.072881
0.050003
0.016177
0.086892
0.016177
0.086892
-0.018307
0.086469
-0.018307
0.086469
-0.074088
0.048197
-0.074088
0.048197
-0.034825
0.081237
-0.034825
0.081237
-0.082067
0.032818
-0.082067
0.032818
-0.088380
-0.001086
-0.088380
-0.001086
-0.061726
-0.063262
-0.061726
-0.063262
