0.000383
0.062499
0.000383
0.062499
-0.043922
0.044464
-0.043922
0.044464
-0.057595
0.024271
-0.057595
0.024271
-0.057888
-0.023563
-0.057888
-0.023563
-0.061224
0.012570
-0.061224
0.012570
-0.052180
-0.034404
-0.052180
-0.034404
-0.035042
-0.051754
-0.035042
-0.051754
0.011817
-0.061374
0.011817
-0.061374
-0.062161
0.006510
-0.062161
0.006510
-0.048557
-0.039352
-0.048557
-0.039352
-0.029802
-0.054939
-0.029802
-0.054939
0.017774
-0.059921
0.017774
-0.059921
-0.018512
-0.059696
-0.018512
-0.059696
0.029122
-0.055302
0.029122
-0.055302
0.048068
-0.039947
0.048068
-0.039947
0.062236
0.005742
0.062236
0.005742
-0.062405
0.003452
-0.062405
0.003452
-0.046568
-0.041686
-0.046568
-0.041686
-0.027071
-0.056333
-0.027071
-0.056333
0.020692
-0.058976
0.020692
-0.058976
-0.015561
-0.060532
-0.015561
-0.060532
0.031800
-0.053806
0.031800
-0.053806
0.049969
-0.037541
0.049969
-0.037541
0.061879
0.008788
0.061879
0.008788
-0.009553
-0.061764
-0.009553
-0.061764
0.036919
-0.050429
0.036919
-0.050429
0.053407
-0.032461
0.053407
-0.032461
0.060719
0.014811
0.060719
0.014811
0.058713
-0.021418
0.058713
-0.021418
0.056662
0.026372
0.056662
0.026372
0.042256
0.046048
0.042256
0.046048
-0.002681
0.062441
-0.002681
0.062441
-0.062471
0.001920
-0.062471
0.001920
-0.045530
-0.042816
-0.045530
-0.042816
-0.025680
-0.056980
-0.025680
-0.056980
0.022134
-0.058450
0.022134
-0.058450
-0.014071
-0.060894
-0.014071
-0.060894
0.033110
-0.053009
0.033110
-0.053009
0.050875
-0.036303
0.050875
-0.036303
0.061645
0.010304
0.061645
0.010304
-0.008034
-0.061980
-0.008034
-0.061980
0.038146
-0.049507
0.038146
-0.049507
0.054187
-0.031141
0.054187
-0.031141
0.060337
0.016296
0.060337
0.016296
0.059221
-0.019970
0.059221
-0.019970
0.055997
0.027754
0.055997
0.027754
0.041113
0.047071
0.041113
0.047071
-0.004212
0.062356
-0.004212
0.062356
-0.004982
-0.062299
-0.004982
-0.062299
0.040529
-0.047575
0.040529
-0.047575
0.055650
-0.028444
0.055650
-0.028444
0.059463
0.019238
0.059463
0.019238
0.060129
-0.017039
0.060129
-0.017039
0.054567
0.030469
0.054567
0.030469
0.038753
0.049032
0.038753
0.049032
-0.007268
0.062073
-0.007268
0.062073
0.061510
-0.011063
0.061510
-0.011063
0.051317
0.035671
0.051317
0.035671
0.033759
0.052594
0.033759
0.052594
-0.013318
0.061061
-0.013318
0.061061
0.022850
0.058171
0.022850
0.058171
-0.024976
0.057290
-0.024976
0.057290
-0.044998
0.043371
-0.044998
0.043371
-0.062487
-0.001151
-0.062487
-0.001151
-0.062489
0.001152
-0.062489
0.001152
-0.045001
-0.043372
-0.045001
-0.043372
-0.024978
-0.057291
-0.024978
-0.057291
0.022849
-0.058173
0.022849
-0.058173
-0.013322
-0.061063
-0.013322
-0.061063
0.033758
-0.052598
0.033758
-0.052598
0.051316
-0.035675
0.051316
-0.035675
0.061512
0.011060
0.061512
0.011060
-0.007272
-0.062073
-0.007272
-0.062073
0.038750
-0.049034
0.038750
-0.049034
0.054564
-0.030473
0.054564
-0.030473
0.060131
0.017036
0.060131
0.017036
0.059461
-0.019241
0.059461
-0.019241
0.055651
0.028440
0.055651
0.028440
0.040531
0.047572
0.040531
0.047572
-0.004978
0.062298
-0.004978
0.062298
-0.004217
-0.062355
-0.004217
-0.062355
0.041110
-0.047074
0.041110
-0.047074
0.055995
-0.027758
0.055995
-0.027758
0.059222
0.019966
0.059222
0.019966
0.060333
-0.016299
0.060333
-0.016299
0.054188
0.031137
0.054188
0.031137
0.038148
0.049503
0.038148
0.049503
-0.008029
0.061979
-0.008029
0.061979
0.061641
-0.010307
0.061641
-0.010307
0.050875
0.036298
0.050875
0.036298
0.033111
0.053004
0.033111
0.053004
-0.014066
0.060893
-0.014066
0.060893
0.022134
0.058447
0.022134
0.058447
-0.025677
0.056979
-0.025677
0.056979
-0.045527
0.042815
-0.045527
0.042815
-0.062468
-0.001918
-0.062468
-0.001918
-0.002685
-0.062439
-0.002685
-0.062439
0.042253
-0.046050
0.042253
-0.046050
0.056659
-0.026375
0.056659
-0.026375
0.058714
0.021414
0.058714
0.021414
0.060715
-0.014814
0.060715
-0.014814
0.053407
0.032458
0.053407
0.032458
0.036921
0.050425
0.036921
0.050425
-0.009549
0.061763
-0.009549
0.061763
0.061875
-0.008790
0.061875
-0.008790
0.049968
0.037537
0.049968
0.037537
0.031799
0.053802
0.031799
0.053802
-0.015558
0.060529
-0.015558
0.060529
0.020692
0.058972
0.020692
0.058972
-0.027068
0.056331
-0.027068
0.056331
-0.046565
0.041685
-0.046565
0.041685
-0.062401
-0.003450
-0.062401
-0.003450
0.062232
-0.005743
0.062232
-0.005743
0.048066
0.039944
0.048066
0.039944
0.029121
0.055298
0.029121
0.055298
-0.018510
0.059693
-0.018510
0.059693
0.017773
0.059917
0.017773
0.059917
-0.029800
0.054935
-0.029800
0.054935
-0.048555
0.039350
-0.048555
0.039350
-0.062157
-0.006509
-0.062157
-0.006509
0.011815
0.061372
0.011815
0.061372
-0.035042
0.051751
-0.035042
0.051751
-0.052179
0.034402
-0.052179
0.034402
-0.061221
-0.012570
-0.061221
-0.012570
-0.057888
0.023562
-0.057888
0.023562
-0.057593
-0.024272
-0.057593
-0.024272
-0.043921
-0.044464
-0.043921
-0.044464
0.000385
-0.062498
0.000385
-0.062498
