-0.000006
-0.015624
-0.000006
-0.015624
0.011043
-0.011052
0.011043
-0.011052
0.014432
-0.005984
0.014432
-0.005984
0.014437
0.005973
0.014437
0.005973
0.015321
-0.003053
0.015321
-0.003053
0.012993
0.008675
0.012993
0.008675
0.008684
0.012987
0.008684
0.012987
-0.003042
0.015324
-0.003042
0.015324
0.015547
-0.001535
0.015547
-0.001535
0.012080
0.009908
0.012080
0.009908
0.007369
0.013776
0.007369
0.013776
-0.004530
0.014952
-0.004530
0.014952
0.004539
0.014950
0.004539
0.014950
-0.007361
0.013781
-0.007361
0.013781
-0.012075
0.009915
-0.012075
0.009915
-0.015549
-0.001528
-0.015549
-0.001528
0.015605
-0.000771
0.015605
-0.000771
0.011580
0.010489
0.011580
0.010489
0.006684
0.014122
0.006684
0.014122
-0.005259
0.014712
-0.005259
0.014712
0.003800
0.015155
0.003800
0.015155
-0.008029
0.013403
-0.008029
0.013403
-0.012548
0.009311
-0.012548
0.009311
-0.015456
-0.002289
-0.015456
-0.002289
0.002296
0.015456
0.002296
0.015456
-0.009305
0.012553
-0.009305
0.012553
-0.013401
0.008036
-0.013401
0.008036
-0.015158
-0.003793
-0.015158
-0.003793
-0.014711
0.005268
-0.014711
0.005268
-0.014127
-0.006677
-0.014127
-0.006677
-0.010497
-0.011575
-0.010497
-0.011575
0.000763
-0.015607
0.000763
-0.015607
0.015620
-0.000387
0.015620
-0.000387
0.011319
0.010770
0.011319
0.010770
0.006335
0.014283
0.006335
0.014283
-0.005619
0.014579
-0.005619
0.014579
0.003427
0.015245
0.003427
0.015245
-0.008357
0.013202
-0.008357
0.013202
-0.012773
0.009001
-0.012773
0.009001
-0.015396
-0.002667
-0.015396
-0.002667
0.001916
0.015509
0.001916
0.015509
-0.009611
0.012321
-0.009611
0.012321
-0.013594
0.007706
-0.013594
0.007706
-0.015061
-0.004164
-0.015061
-0.004164
-0.014837
0.004906
-0.014837
0.004906
-0.013960
-0.007022
-0.013960
-0.007022
-0.010210
-0.011830
-0.010210
-0.011830
0.001145
-0.015585
0.001145
-0.015585
0.001153
0.015584
0.001153
0.015584
-0.010203
0.011835
-0.010203
0.011835
-0.013956
0.007030
-0.013956
0.007030
-0.014839
-0.004898
-0.014839
-0.004898
-0.015060
0.004173
-0.015060
0.004173
-0.013599
-0.007699
-0.013599
-0.007699
-0.009618
-0.012316
-0.009618
-0.012316
0.001909
-0.015510
0.001909
-0.015510
-0.015396
0.002678
-0.015396
0.002678
-0.012780
-0.008993
-0.012780
-0.008993
-0.008366
-0.013199
-0.008366
-0.013199
0.003418
-0.015249
0.003418
-0.015249
-0.005630
-0.014578
-0.005630
-0.014578
0.006327
-0.014289
0.006327
-0.014289
0.011313
-0.010780
0.011313
-0.010780
0.015622
0.000377
0.015622
0.000377
0.015624
-0.000196
0.015624
-0.000196
0.011187
0.010908
0.011187
0.010908
0.006160
0.014359
0.006160
0.014359
-0.005797
0.014509
-0.005797
0.014509
0.003240
0.015286
0.003240
0.015286
-0.008518
0.013100
-0.008518
0.013100
-0.012883
0.008843
-0.012883
0.008843
-0.015362
-0.002856
-0.015362
-0.002856
0.001726
0.015531
0.001726
0.015531
-0.009761
0.012202
-0.009761
0.012202
-0.013688
0.007539
-0.013688
0.007539
-0.015009
-0.004348
-0.015009
-0.004348
-0.014896
0.004724
-0.014896
0.004724
-0.013873
-0.007193
-0.013873
-0.007193
-0.010065
-0.011954
-0.010065
-0.011954
0.001336
-0.015570
0.001336
-0.015570
0.000963
0.015598
0.000963
0.015598
-0.010348
0.011710
-0.010348
0.011710
-0.014041
0.006859
-0.014041
0.006859
-0.014778
-0.005079
-0.014778
-0.005079
-0.015110
0.003988
-0.015110
0.003988
-0.013504
-0.007864
-0.013504
-0.007864
-0.009467
-0.012434
-0.009467
-0.012434
0.002098
-0.015486
0.002098
-0.015486
-0.015429
0.002489
-0.015429
0.002489
-0.012669
-0.009150
-0.012669
-0.009150
-0.008204
-0.013301
-0.008204
-0.013301
0.003605
-0.015206
0.003605
-0.015206
-0.005451
-0.014646
-0.005451
-0.014646
0.006502
-0.014211
0.006502
-0.014211
0.011445
-0.010641
0.011445
-0.010641
0.015617
0.000568
0.015617
0.000568
0.000580
0.015617
0.000580
0.015617
-0.010632
0.011452
-0.010632
0.011452
-0.014206
0.006513
-0.014206
0.006513
-0.014650
-0.005440
-0.014650
-0.005440
-0.015204
0.003617
-0.015204
0.003617
-0.013308
-0.008193
-0.013308
-0.008193
-0.009159
-0.012662
-0.009159
-0.012662
0.002477
-0.015430
0.002477
-0.015430
-0.015485
0.002110
-0.015485
0.002110
-0.012441
-0.009458
-0.012441
-0.009458
-0.007875
-0.013498
-0.007875
-0.013498
0.003977
-0.015114
0.003977
-0.015114
-0.005091
-0.014775
-0.005091
-0.014775
0.006848
-0.014047
0.006848
-0.014047
0.011702
-0.010357
0.011702
-0.010357
0.015598
0.000951
0.015598
0.000951
-0.015569
0.001348
-0.015569
0.001348
-0.011962
-0.010056
-0.011962
-0.010056
-0.007204
-0.013868
-0.007204
-0.013868
0.004713
-0.014900
0.004713
-0.014900
-0.004360
-0.015006
-0.004360
-0.015006
0.007528
-0.013694
0.007528
-0.013694
0.012195
-0.009771
0.012195
-0.009771
0.015532
0.001714
0.015532
0.001714
-0.002868
-0.015360
-0.002868
-0.015360
0.008834
-0.012889
0.008834
-0.012889
0.013093
-0.008528
0.013093
-0.008528
0.015289
0.003228
0.015289
0.003228
0.014505
-0.005809
0.014505
-0.005809
0.014364
0.006149
0.014364
0.006149
0.010918
0.011178
0.010918
0.011178
-0.000184
0.015624
-0.000184
0.015624
0.015625
-0.000101
0.015625
-0.000101
0.011120
0.010977
0.011120
0.010977
0.006073
0.014397
0.006073
0.014397
-0.005886
0.014474
-0.005886
0.014474
0.003147
0.015306
0.003147
0.015306
-0.008598
0.013047
-0.008598
0.013047
-0.012937
0.008765
-0.012937
0.008765
-0.015345
-0.002950
-0.015345
-0.002950
0.001632
0.015541
0.001632
0.015541
-0.009835
0.012143
-0.009835
0.012143
-0.013734
0.007455
-0.013734
0.007455
-0.014982
-0.004440
-0.014982
-0.004440
-0.014925
0.004633
-0.014925
0.004633
-0.013829
-0.007277
-0.013829
-0.007277
-0.009992
-0.012015
-0.009992
-0.012015
0.001431
-0.015562
0.001431
-0.015562
0.000868
0.015603
0.000868
0.015603
-0.010419
0.011647
-0.010419
0.011647
-0.014084
0.006773
-0.014084
0.006773
-0.014747
-0.005170
-0.014747
-0.005170
-0.015135
0.003896
-0.015135
0.003896
-0.013457
-0.007947
-0.013457
-0.007947
-0.009391
-0.012491
-0.009391
-0.012491
0.002192
-0.015474
0.002192
-0.015474
-0.015443
0.002395
-0.015443
0.002395
-0.012613
-0.009226
-0.012613
-0.009226
-0.008122
-0.013351
-0.008122
-0.013351
0.003698
-0.015184
0.003698
-0.015184
-0.005362
-0.014678
-0.005362
-0.014678
0.006588
-0.014170
0.006588
-0.014170
0.011509
-0.010571
0.011509
-0.010571
0.015613
0.000664
0.015613
0.000664
0.000485
0.015620
0.000485
0.015620
-0.010701
0.011388
-0.010701
0.011388
-0.014245
0.006426
-0.014245
0.006426
-0.014616
-0.005529
-0.014616
-0.005529
-0.015225
0.003524
-0.015225
0.003524
-0.013258
-0.008274
-0.013258
-0.008274
-0.009082
-0.012717
-0.009082
-0.012717
0.002571
-0.015415
0.002571
-0.015415
-0.015497
0.002016
-0.015497
0.002016
-0.012383
-0.009533
-0.012383
-0.009533
-0.007793
-0.013546
-0.007793
-0.013546
0.004068
-0.015089
0.004068
-0.015089
-0.005001
-0.014805
-0.005001
-0.014805
0.006932
-0.014005
0.006932
-0.014005
0.011764
-0.010286
0.011764
-0.010286
0.015592
0.001045
0.015592
0.001045
-0.015577
0.001254
-0.015577
0.001254
-0.011900
-0.010128
-0.011900
-0.010128
-0.007119
-0.013911
-0.007119
-0.013911
0.004803
-0.014871
0.004803
-0.014871
-0.004269
-0.015032
-0.004269
-0.015032
0.007611
-0.013648
0.007611
-0.013648
0.012254
-0.009696
0.012254
-0.009696
0.015522
0.001809
0.015522
0.001809
-0.002774
-0.015377
-0.002774
-0.015377
0.008912
-0.012835
0.008912
-0.012835
0.013145
-0.008447
0.013145
-0.008447
0.015268
0.003321
0.015268
0.003321
0.014540
-0.005720
0.014540
-0.005720
0.014326
0.006236
0.014326
0.006236
0.010849
0.011244
0.010849
0.011244
-0.000279
0.015622
-0.000279
0.015622
0.000293
0.015624
0.000293
0.015624
-0.010840
0.011255
-0.010840
0.011255
-0.014322
0.006251
-0.014322
0.006251
-0.014547
-0.005708
-0.014547
-0.005708
-0.015267
0.003337
-0.015267
0.003337
-0.013154
-0.008436
-0.013154
-0.008436
-0.008925
-0.012827
-0.008925
-0.012827
0.002760
-0.015382
0.002760
-0.015382
-0.015520
0.001826
-0.015520
0.001826
-0.012265
-0.009684
-0.012265
-0.009684
-0.007626
-0.013640
-0.007626
-0.013640
0.004253
-0.015038
0.004253
-0.015038
-0.004818
-0.014865
-0.004818
-0.014865
0.007104
-0.013918
0.007104
-0.013918
0.011889
-0.010140
0.011889
-0.010140
0.015578
0.001237
0.015578
0.001237
-0.015591
0.001062
-0.015591
0.001062
-0.011775
-0.010273
-0.011775
-0.010273
-0.006948
-0.013997
-0.006948
-0.013997
0.004985
-0.014810
0.004985
-0.014810
-0.004084
-0.015083
-0.004084
-0.015083
0.007778
-0.013553
0.007778
-0.013553
0.012372
-0.009545
0.012372
-0.009545
0.015498
0.001999
0.015498
0.001999
-0.002586
-0.015410
-0.002586
-0.015410
0.009068
-0.012725
0.009068
-0.012725
0.013247
-0.008286
0.013247
-0.008286
0.015227
0.003508
0.015227
0.003508
0.014609
-0.005541
0.014609
-0.005541
0.014249
0.006412
0.014249
0.006412
0.010710
0.011376
0.010710
0.011376
-0.000471
0.015617
-0.000471
0.015617
-0.015611
0.000680
-0.015611
0.000680
-0.011519
-0.010558
-0.011519
-0.010558
-0.006602
-0.014162
-0.006602
-0.014162
0.005346
-0.014683
0.005346
-0.014683
-0.003712
-0.015178
-0.003712
-0.015178
0.008108
-0.013357
0.008108
-0.013357
0.012602
-0.009238
0.012602
-0.009238
0.015443
0.002379
0.015443
0.002379
-0.002207
-0.015467
-0.002207
-0.015467
0.009377
-0.012498
0.009377
-0.012498
0.013445
-0.007958
0.013445
-0.007958
0.015135
0.003880
0.015135
0.003880
0.014740
-0.005181
0.014740
-0.005181
0.014086
0.006758
0.014086
0.006758
0.010428
0.011635
0.010428
0.011635
-0.000853
0.015600
-0.000853
0.015600
-0.001444
-0.015557
-0.001444
-0.015557
0.009979
-0.012022
0.009979
-0.012022
0.013820
-0.007288
0.013820
-0.007288
0.014926
0.004619
0.014926
0.004619
0.014976
-0.004451
0.014976
-0.004451
0.013737
0.007442
0.013737
0.007442
0.009843
0.012132
0.009843
0.012132
-0.001618
0.015539
-0.001618
0.015539
0.015340
-0.002960
0.015340
-0.002960
0.012941
0.008754
0.012941
0.008754
0.008605
0.013040
0.008605
0.013040
-0.003135
0.015306
-0.003135
0.015306
0.005896
0.014469
0.005896
0.014469
-0.006062
0.014400
-0.006062
0.014400
-0.011111
0.010984
-0.011111
0.010984
-0.015624
-0.000090
-0.015624
-0.000090
0.015625
-0.000053
0.015625
-0.000053
0.011086
0.011011
0.011086
0.011011
0.006028
0.014416
0.006028
0.014416
-0.005930
0.014456
-0.005930
0.014456
0.003100
0.015315
0.003100
0.015315
-0.008637
0.013021
-0.008637
0.013021
-0.012963
0.008725
-0.012963
0.008725
-0.015335
-0.002996
-0.015335
-0.002996
0.001585
0.015546
0.001585
0.015546
-0.009872
0.012112
-0.009872
0.012112
-0.013756
0.007413
-0.013756
0.007413
-0.014968
-0.004485
-0.014968
-0.004485
-0.014939
0.004587
-0.014939
0.004587
-0.013807
-0.007319
-0.013807
-0.007319
-0.009955
-0.012046
-0.009955
-0.012046
0.001479
-0.015557
0.001479
-0.015557
0.000819
0.015605
0.000819
0.015605
-0.010454
0.011614
-0.010454
0.011614
-0.014103
0.006730
-0.014103
0.006730
-0.014731
-0.005214
-0.014731
-0.005214
-0.015146
0.003850
-0.015146
0.003850
-0.013431
-0.007987
-0.013431
-0.007987
-0.009352
-0.012519
-0.009352
-0.012519
0.002240
-0.015466
0.002240
-0.015466
-0.015450
0.002347
-0.015450
0.002347
-0.012584
-0.009265
-0.012584
-0.009265
-0.008081
-0.013376
-0.008081
-0.013376
0.003744
-0.015172
0.003744
-0.015172
-0.005317
-0.014694
-0.005317
-0.014694
0.006631
-0.014150
0.006631
-0.014150
0.011541
-0.010535
0.011541
-0.010535
0.015610
0.000711
0.015610
0.000711
0.000438
0.015620
0.000438
0.015620
-0.010736
0.011355
-0.010736
0.011355
-0.014264
0.006382
-0.014264
0.006382
-0.014599
-0.005574
-0.014599
-0.005574
-0.015235
0.003477
-0.015235
0.003477
-0.013232
-0.008315
-0.013232
-0.008315
-0.009043
-0.012745
-0.009043
-0.012745
0.002618
-0.015406
0.002618
-0.015406
-0.015503
0.001968
-0.015503
0.001968
-0.012354
-0.009571
-0.012354
-0.009571
-0.007752
-0.013570
-0.007752
-0.013570
0.004114
-0.015076
0.004114
-0.015076
-0.004955
-0.014820
-0.004955
-0.014820
0.006976
-0.013983
0.006976
-0.013983
0.011796
-0.010249
0.011796
-0.010249
0.015589
0.001094
0.015589
0.001094
-0.015580
0.001206
-0.015580
0.001206
-0.011869
-0.010164
-0.011869
-0.010164
-0.007077
-0.013933
-0.007077
-0.013933
0.004849
-0.014856
0.004849
-0.014856
-0.004223
-0.015044
-0.004223
-0.015044
0.007652
-0.013624
0.007652
-0.013624
0.012283
-0.009659
0.012283
-0.009659
0.015515
0.001856
0.015515
0.001856
-0.002727
-0.015385
-0.002727
-0.015385
0.008951
-0.012808
0.008951
-0.012808
0.013171
-0.008407
0.013171
-0.008407
0.015258
0.003368
0.015258
0.003368
0.014557
-0.005676
0.014557
-0.005676
0.014307
0.006280
0.014307
0.006280
0.010815
0.011277
0.010815
0.011277
-0.000327
0.015621
-0.000327
0.015621
0.000246
0.015624
0.000246
0.015624
-0.010874
0.011222
-0.010874
0.011222
-0.014341
0.006206
-0.014341
0.006206
-0.014529
-0.005752
-0.014529
-0.005752
-0.015277
0.003290
-0.015277
0.003290
-0.013129
-0.008476
-0.013129
-0.008476
-0.008886
-0.012854
-0.008886
-0.012854
0.002806
-0.015373
0.002806
-0.015373
-0.015525
0.001778
-0.015525
0.001778
-0.012235
-0.009721
-0.012235
-0.009721
-0.007584
-0.013663
-0.007584
-0.013663
0.004299
-0.015024
0.004299
-0.015024
-0.004773
-0.014879
-0.004773
-0.014879
0.007146
-0.013896
0.007146
-0.013896
0.011920
-0.010104
0.011920
-0.010104
0.015574
0.001284
0.015574
0.001284
-0.015594
0.001014
-0.015594
0.001014
-0.011743
-0.010309
-0.011743
-0.010309
-0.006905
-0.014018
-0.006905
-0.014018
0.005030
-0.014795
0.005030
-0.014795
-0.004038
-0.015095
-0.004038
-0.015095
0.007819
-0.013529
0.007819
-0.013529
0.012401
-0.009507
0.012401
-0.009507
0.015491
0.002047
0.015491
0.002047
-0.002538
-0.015417
-0.002538
-0.015417
0.009107
-0.012697
0.009107
-0.012697
0.013272
-0.008245
0.013272
-0.008245
0.015215
0.003554
0.015215
0.003554
0.014626
-0.005497
0.014626
-0.005497
0.014229
0.006455
0.014229
0.006455
0.010675
0.011409
0.010675
0.011409
-0.000518
0.015616
-0.000518
0.015616
-0.015613
0.000632
-0.015613
0.000632
-0.011487
-0.010593
-0.011487
-0.010593
-0.006558
-0.014182
-0.006558
-0.014182
0.005391
-0.014666
0.005391
-0.014666
-0.003666
-0.015189
-0.003666
-0.015189
0.008148
-0.013333
0.008148
-0.013333
0.012630
-0.009199
0.012630
-0.009199
0.015435
0.002426
0.015435
0.002426
-0.002160
-0.015474
-0.002160
-0.015474
0.009415
-0.012469
0.009415
-0.012469
0.013470
-0.007917
0.013470
-0.007917
0.015123
0.003926
0.015123
0.003926
0.014755
-0.005136
0.014755
-0.005136
0.014066
0.006801
0.014066
0.006801
0.010391
0.011667
0.010391
0.011667
-0.000901
0.015597
-0.000901
0.015597
-0.001397
-0.015561
-0.001397
-0.015561
0.010015
-0.011991
0.010015
-0.011991
0.013842
-0.007245
0.013842
-0.007245
0.014911
0.004664
0.014911
0.004664
0.014989
-0.004405
0.014989
-0.004405
0.013714
0.007484
0.013714
0.007484
0.009805
0.012163
0.009805
0.012163
-0.001666
0.015534
-0.001666
0.015534
0.015348
-0.002913
0.015348
-0.002913
0.012913
0.008793
0.012913
0.008793
0.008566
0.013065
0.008566
0.013065
-0.003181
0.015295
-0.003181
0.015295
0.005851
0.014486
0.005851
0.014486
-0.006105
0.014381
-0.006105
0.014381
-0.011144
0.010950
-0.011144
0.010950
-0.015623
-0.000138
-0.015623
-0.000138
0.000150
0.015625
0.000150
0.015625
-0.010942
0.011155
-0.010942
0.011155
-0.014379
0.006119
-0.014379
0.006119
-0.014493
-0.005841
-0.014493
-0.005841
-0.015296
0.003196
-0.015296
0.003196
-0.013076
-0.008556
-0.013076
-0.008556
-0.008807
-0.012908
-0.008807
-0.012908
0.002901
-0.015355
0.002901
-0.015355
-0.015536
0.001683
-0.015536
0.001683
-0.012175
-0.009795
-0.012175
-0.009795
-0.007501
-0.013709
-0.007501
-0.013709
0.004390
-0.014997
0.004390
-0.014997
-0.004682
-0.014909
-0.004682
-0.014909
0.007232
-0.013852
0.007232
-0.013852
0.011982
-0.010031
0.011982
-0.010031
0.015565
0.001380
0.015565
0.001380
-0.015599
0.000920
-0.015599
0.000920
-0.011680
-0.010380
-0.011680
-0.010380
-0.006819
-0.014059
-0.006819
-0.014059
0.005120
-0.014763
0.005120
-0.014763
-0.003945
-0.015118
-0.003945
-0.015118
0.007901
-0.013480
0.007901
-0.013480
0.012458
-0.009430
0.012458
-0.009430
0.015478
0.002141
0.015478
0.002141
-0.002445
-0.015432
-0.002445
-0.015432
0.009184
-0.012641
0.009184
-0.012641
0.013321
-0.008164
0.013321
-0.008164
0.015193
0.003647
0.015193
0.003647
0.014658
-0.005407
0.014658
-0.005407
0.014189
0.006541
0.014189
0.006541
0.010605
0.011473
0.010605
0.011473
-0.000614
0.015611
-0.000614
0.015611
-0.015617
0.000536
-0.015617
0.000536
-0.011421
-0.010664
-0.011421
-0.010664
-0.006471
-0.014223
-0.006471
-0.014223
0.005481
-0.014633
0.005481
-0.014633
-0.003573
-0.015211
-0.003573
-0.015211
0.008230
-0.013283
0.008230
-0.013283
0.012686
-0.009122
0.012686
-0.009122
0.015421
0.002520
0.015421
0.002520
-0.002064
-0.015487
-0.002064
-0.015487
0.009491
-0.012411
0.009491
-0.012411
0.013518
-0.007834
0.013518
-0.007834
0.015098
0.004019
0.015098
0.004019
0.014786
-0.005045
0.014786
-0.005045
0.014023
0.006888
0.014023
0.006888
0.010319
0.011730
0.010319
0.011730
-0.000997
0.015591
-0.000997
0.015591
-0.001302
-0.015568
-0.001302
-0.015568
0.010088
-0.011929
0.010088
-0.011929
0.013885
-0.007160
0.013885
-0.007160
0.014882
0.004755
0.014882
0.004755
0.015015
-0.004313
0.015015
-0.004313
0.013668
0.007567
0.013668
0.007567
0.009731
0.012222
0.009731
0.012222
-0.001761
0.015523
-0.001761
0.015523
0.015366
-0.002819
0.015366
-0.002819
0.012859
0.008872
0.012859
0.008872
0.008485
0.013118
0.008485
0.013118
-0.003276
0.015275
-0.003276
0.015275
0.005763
0.014522
0.005763
0.014522
-0.006193
0.014343
-0.006193
0.014343
-0.011211
0.010881
-0.011211
0.010881
-0.015620
-0.000233
-0.015620
-0.000233
-0.015621
0.000344
-0.015621
0.000344
-0.011289
-0.010803
-0.011289
-0.010803
-0.006295
-0.014300
-0.006295
-0.014300
0.005660
-0.014563
0.005660
-0.014563
-0.003385
-0.015253
-0.003385
-0.015253
0.008392
-0.013179
0.008392
-0.013179
0.012796
-0.008964
0.012796
-0.008964
0.015387
0.002710
0.015387
0.002710
-0.001874
-0.015510
-0.001874
-0.015510
0.009643
-0.012293
0.009643
-0.012293
0.013613
-0.007667
0.013613
-0.007667
0.015047
0.004205
0.015047
0.004205
0.014846
-0.004862
0.014846
-0.004862
0.013936
0.007060
0.013936
0.007060
0.010174
0.011855
0.010174
0.011855
-0.001189
0.015577
-0.001189
0.015577
-0.001110
-0.015583
-0.001110
-0.015583
0.010234
-0.011804
0.010234
-0.011804
0.013972
-0.006988
0.013972
-0.006988
0.014821
0.004938
0.014821
0.004938
0.015067
-0.004127
0.015067
-0.004127
0.013573
0.007735
0.013573
0.007735
0.009579
0.012340
0.009579
0.012340
-0.001952
0.015499
-0.001952
0.015499
0.015399
-0.002630
0.015399
-0.002630
0.012748
0.009029
0.012748
0.009029
0.008323
0.013220
0.008323
0.013220
-0.003462
0.015233
-0.003462
0.015233
0.005583
0.014590
0.005583
0.014590
-0.006369
0.014265
-0.006369
0.014265
-0.011343
0.010742
-0.011343
0.010742
-0.015617
-0.000425
-0.015617
-0.000425
-0.000726
-0.015606
-0.000726
-0.015606
0.010522
-0.011548
0.010522
-0.011548
0.014140
-0.006643
0.014140
-0.006643
0.014696
0.005301
0.014696
0.005301
0.015164
-0.003757
0.015164
-0.003757
0.013379
0.008066
0.013379
0.008066
0.009273
0.012572
0.009273
0.012572
-0.002332
0.015447
-0.002332
0.015447
0.015459
-0.002251
0.015459
-0.002251
0.012523
0.009339
0.012523
0.009339
0.007995
0.013421
0.007995
0.013421
-0.003836
0.015143
-0.003836
0.015143
0.005223
0.014724
0.005223
0.014724
-0.006718
0.014105
-0.006718
0.014105
-0.011604
0.010460
-0.011604
0.010460
-0.015602
-0.000809
-0.015602
-0.000809
0.015551
-0.001489
0.015551
-0.001489
0.012050
0.009944
0.012050
0.009944
0.007327
0.013798
0.007327
0.013798
-0.004575
0.014938
-0.004575
0.014938
0.004493
0.014963
0.004493
0.014963
-0.007402
0.013758
-0.007402
0.013758
-0.012104
0.009878
-0.012104
0.009878
-0.015544
-0.001574
-0.015544
-0.001574
0.003006
0.015332
0.003006
0.015332
-0.008716
0.012967
-0.008716
0.012967
-0.013015
0.008645
-0.013015
0.008645
-0.015315
-0.003090
-0.015315
-0.003090
-0.014452
0.005940
-0.014452
0.005940
-0.014419
-0.006019
-0.014419
-0.006019
-0.011018
-0.011078
-0.011018
-0.011078
0.000043
-0.015625
0.000043
-0.015625
0.015625
-0.000029
0.015625
-0.000029
0.011069
0.011028
0.011069
0.011028
0.006006
0.014424
0.006006
0.014424
-0.005953
0.014446
-0.005953
0.014446
0.003076
0.015319
0.003076
0.015319
-0.008657
0.013007
-0.008657
0.013007
-0.012976
0.008705
-0.012976
0.008705
-0.015331
-0.003021
-0.015331
-0.003021
0.001560
0.015548
0.001560
0.015548
-0.009891
0.012097
-0.009891
0.012097
-0.013767
0.007392
-0.013767
0.007392
-0.014961
-0.004508
-0.014961
-0.004508
-0.014946
0.004565
-0.014946
0.004565
-0.013795
-0.007341
-0.013795
-0.007341
-0.009937
-0.012061
-0.009937
-0.012061
0.001502
-0.015554
0.001502
-0.015554
0.000797
0.015607
0.000797
0.015607
-0.010472
0.011599
-0.010472
0.011599
-0.014114
0.006708
-0.014114
0.006708
-0.014723
-0.005236
-0.014723
-0.005236
-0.015152
0.003826
-0.015152
0.003826
-0.013419
-0.008008
-0.013419
-0.008008
-0.009334
-0.012534
-0.009334
-0.012534
0.002263
-0.015462
0.002263
-0.015462
-0.015454
0.002324
-0.015454
0.002324
-0.012570
-0.009284
-0.012570
-0.009284
-0.008060
-0.013388
-0.008060
-0.013388
0.003767
-0.015167
0.003767
-0.015167
-0.005294
-0.014703
-0.005294
-0.014703
0.006653
-0.014140
0.006653
-0.014140
0.011557
-0.010517
0.011557
-0.010517
0.015609
0.000735
0.015609
0.000735
0.000413
0.015621
0.000413
0.015621
-0.010753
0.011338
-0.010753
0.011338
-0.014274
0.006360
-0.014274
0.006360
-0.014590
-0.005596
-0.014590
-0.005596
-0.015240
0.003455
-0.015240
0.003455
-0.013219
-0.008334
-0.013219
-0.008334
-0.009024
-0.012758
-0.009024
-0.012758
0.002641
-0.015402
0.002641
-0.015402
-0.015506
0.001944
-0.015506
0.001944
-0.012339
-0.009589
-0.012339
-0.009589
-0.007730
-0.013581
-0.007730
-0.013581
0.004137
-0.015069
0.004137
-0.015069
-0.004933
-0.014827
-0.004933
-0.014827
0.006997
-0.013973
0.006997
-0.013973
0.011811
-0.010231
0.011811
-0.010231
0.015586
0.001117
0.015586
0.001117
-0.015582
0.001182
-0.015582
0.001182
-0.011853
-0.010182
-0.011853
-0.010182
-0.007054
-0.013943
-0.007054
-0.013943
0.004871
-0.014848
0.004871
-0.014848
-0.004200
-0.015051
-0.004200
-0.015051
0.007674
-0.013612
0.007674
-0.013612
0.012298
-0.009640
0.012298
-0.009640
0.015512
0.001880
0.015512
0.001880
-0.002704
-0.015389
-0.002704
-0.015389
0.008970
-0.012794
0.008970
-0.012794
0.013183
-0.008387
0.013183
-0.008387
0.015253
0.003391
0.015253
0.003391
0.014566
-0.005653
0.014566
-0.005653
0.014297
0.006302
0.014297
0.006302
0.010797
0.011294
0.010797
0.011294
-0.000351
0.015620
-0.000351
0.015620
0.000222
0.015625
0.000222
0.015625
-0.010891
0.011205
-0.010891
0.011205
-0.014351
0.006185
-0.014351
0.006185
-0.014520
-0.005774
-0.014520
-0.005774
-0.015281
0.003267
-0.015281
0.003267
-0.013116
-0.008496
-0.013116
-0.008496
-0.008866
-0.012868
-0.008866
-0.012868
0.002830
-0.015368
0.002830
-0.015368
-0.015528
0.001755
-0.015528
0.001755
-0.012220
-0.009739
-0.012220
-0.009739
-0.007563
-0.013674
-0.007563
-0.013674
0.004322
-0.015017
0.004322
-0.015017
-0.004750
-0.014887
-0.004750
-0.014887
0.007168
-0.013886
0.007168
-0.013886
0.011935
-0.010086
0.011935
-0.010086
0.015572
0.001308
0.015572
0.001308
-0.015594
0.000991
-0.015594
0.000991
-0.011727
-0.010326
-0.011727
-0.010326
-0.006883
-0.014028
-0.006883
-0.014028
0.005052
-0.014786
0.005052
-0.014786
-0.004014
-0.015100
-0.004014
-0.015100
0.007839
-0.013516
0.007839
-0.013516
0.012415
-0.009487
0.012415
-0.009487
0.015487
0.002070
0.015487
0.002070
-0.002515
-0.015421
-0.002515
-0.015421
0.009126
-0.012682
0.009126
-0.012682
0.013284
-0.008224
0.013284
-0.008224
0.015209
0.003578
0.015209
0.003578
0.014633
-0.005474
0.014633
-0.005474
0.014219
0.006476
0.014219
0.006476
0.010658
0.011424
0.010658
0.011424
-0.000542
0.015614
-0.000542
0.015614
-0.015613
0.000608
-0.015613
0.000608
-0.011470
-0.010611
-0.011470
-0.010611
-0.006536
-0.014192
-0.006536
-0.014192
0.005414
-0.014657
0.005414
-0.014657
-0.003643
-0.015194
-0.003643
-0.015194
0.008168
-0.013320
0.008168
-0.013320
0.012643
-0.009180
0.012643
-0.009180
0.015432
0.002449
0.015432
0.002449
-0.002136
-0.015477
-0.002136
-0.015477
0.009434
-0.012454
0.009434
-0.012454
0.013481
-0.007896
0.013481
-0.007896
0.015116
0.003949
0.015116
0.003949
0.014763
-0.005114
0.014763
-0.005114
0.014055
0.006823
0.014055
0.006823
0.010374
0.011683
0.010374
0.011683
-0.000925
0.015596
-0.000925
0.015596
-0.001373
-0.015563
-0.001373
-0.015563
0.010034
-0.011975
0.010034
-0.011975
0.013853
-0.007224
0.013853
-0.007224
0.014904
0.004687
0.014904
0.004687
0.014995
-0.004382
0.014995
-0.004382
0.013702
0.007504
0.013702
0.007504
0.009787
0.012177
0.009787
0.012177
-0.001690
0.015531
-0.001690
0.015531
0.015352
-0.002890
0.015352
-0.002890
0.012900
0.008812
0.012900
0.008812
0.008545
0.013078
0.008545
0.013078
-0.003205
0.015290
-0.003205
0.015290
0.005829
0.014495
0.005829
0.014495
-0.006127
0.014371
-0.006127
0.014371
-0.011161
0.010933
-0.011161
0.010933
-0.015622
-0.000161
-0.015622
-0.000161
0.000126
0.015625
0.000126
0.015625
-0.010959
0.011138
-0.010959
0.011138
-0.014388
0.006096
-0.014388
0.006096
-0.014484
-0.005863
-0.014484
-0.005863
-0.015301
0.003173
-0.015301
0.003173
-0.013063
-0.008575
-0.013063
-0.008575
-0.008787
-0.012922
-0.008787
-0.012922
0.002924
-0.015351
0.002924
-0.015351
-0.015538
0.001659
-0.015538
0.001659
-0.012160
-0.009814
-0.012160
-0.009814
-0.007479
-0.013720
-0.007479
-0.013720
0.004414
-0.014990
0.004414
-0.014990
-0.004659
-0.014915
-0.004659
-0.014915
0.007252
-0.013841
0.007252
-0.013841
0.011997
-0.010012
0.011997
-0.010012
0.015563
0.001404
0.015563
0.001404
-0.015600
0.000896
-0.015600
0.000896
-0.011664
-0.010398
-0.011664
-0.010398
-0.006797
-0.014070
-0.006797
-0.014070
0.005143
-0.014755
0.005143
-0.014755
-0.003922
-0.015125
-0.003922
-0.015125
0.007922
-0.013469
0.007922
-0.013469
0.012473
-0.009411
0.012473
-0.009411
0.015475
0.002165
0.015475
0.002165
-0.002420
-0.015435
-0.002420
-0.015435
0.009203
-0.012626
0.009203
-0.012626
0.013334
-0.008143
0.013334
-0.008143
0.015187
0.003671
0.015187
0.003671
0.014666
-0.005384
0.014666
-0.005384
0.014178
0.006563
0.014178
0.006563
0.010587
0.011489
0.010587
0.011489
-0.000638
0.015610
-0.000638
0.015610
-0.015617
0.000512
-0.015617
0.000512
-0.011404
-0.010681
-0.011404
-0.010681
-0.006449
-0.014232
-0.006449
-0.014232
0.005503
-0.014624
0.005503
-0.014624
-0.003549
-0.015215
-0.003549
-0.015215
0.008250
-0.013269
0.008250
-0.013269
0.012699
-0.009102
0.012699
-0.009102
0.015416
0.002543
0.015416
0.002543
-0.002041
-0.015489
-0.002041
-0.015489
0.009510
-0.012396
0.009510
-0.012396
0.013530
-0.007813
0.013530
-0.007813
0.015091
0.004042
0.015091
0.004042
0.014793
-0.005023
0.014793
-0.005023
0.014012
0.006909
0.014012
0.006909
0.010301
0.011745
0.010301
0.011745
-0.001021
0.015589
-0.001021
0.015589
-0.001277
-0.015570
-0.001277
-0.015570
0.010107
-0.011913
0.010107
-0.011913
0.013896
-0.007138
0.013896
-0.007138
0.014874
0.004778
0.014874
0.004778
0.015021
-0.004289
0.015021
-0.004289
0.013655
0.007588
0.013655
0.007588
0.009712
0.012236
0.009712
0.012236
-0.001785
0.015520
-0.001785
0.015520
0.015370
-0.002796
0.015370
-0.002796
0.012846
0.008891
0.012846
0.008891
0.008465
0.013130
0.008465
0.013130
-0.003299
0.015270
-0.003299
0.015270
0.005740
0.014530
0.005740
0.014530
-0.006215
0.014333
-0.006215
0.014333
-0.011227
0.010864
-0.011227
0.010864
-0.015620
-0.000257
-0.015620
-0.000257
-0.015622
0.000320
-0.015622
0.000320
-0.011272
-0.010820
-0.011272
-0.010820
-0.006274
-0.014309
-0.006274
-0.014309
0.005683
-0.014555
0.005683
-0.014555
-0.003362
-0.015258
-0.003362
-0.015258
0.008412
-0.013167
0.008412
-0.013167
0.012810
-0.008945
0.012810
-0.008945
0.015383
0.002733
0.015383
0.002733
-0.001850
-0.015513
-0.001850
-0.015513
0.009662
-0.012278
0.009662
-0.012278
0.013624
-0.007645
0.013624
-0.007645
0.015040
0.004228
0.015040
0.004228
0.014854
-0.004840
0.014854
-0.004840
0.013926
0.007081
0.013926
0.007081
0.010156
0.011871
0.010156
0.011871
-0.001212
0.015575
-0.001212
0.015575
-0.001086
-0.015584
-0.001086
-0.015584
0.010252
-0.011788
0.010252
-0.011788
0.013983
-0.006967
0.013983
-0.006967
0.014814
0.004961
0.014814
0.004961
0.015073
-0.004104
0.015073
-0.004104
0.013561
0.007756
0.013561
0.007756
0.009560
0.012355
0.009560
0.012355
-0.001976
0.015496
-0.001976
0.015496
0.015403
-0.002607
0.015403
-0.002607
0.012735
0.009048
0.012735
0.009048
0.008303
0.013233
0.008303
0.013233
-0.003486
0.015228
-0.003486
0.015228
0.005561
0.014599
0.005561
0.014599
-0.006390
0.014255
-0.006390
0.014255
-0.011359
0.010725
-0.011359
0.010725
-0.015616
-0.000449
-0.015616
-0.000449
-0.000702
-0.015606
-0.000702
-0.015606
0.010539
-0.011532
0.010539
-0.011532
0.014150
-0.006621
0.014150
-0.006621
0.014688
0.005323
0.014688
0.005323
0.015169
-0.003733
0.015169
-0.003733
0.013366
0.008086
0.013366
0.008086
0.009254
0.012586
0.009254
0.012586
-0.002356
0.015443
-0.002356
0.015443
0.015462
-0.002227
0.015462
-0.002227
0.012508
0.009359
0.012508
0.009359
0.007974
0.013433
0.007974
0.013433
-0.003860
0.015137
-0.003860
0.015137
0.005200
0.014732
0.005200
0.014732
-0.006739
0.014094
-0.006739
0.014094
-0.011620
0.010442
-0.011620
0.010442
-0.015600
-0.000834
-0.015600
-0.000834
0.015553
-0.001464
0.015553
-0.001464
0.012033
0.009962
0.012033
0.009962
0.007305
0.013809
0.007305
0.013809
-0.004599
0.014930
-0.004599
0.014930
0.004471
0.014969
0.004471
0.014969
-0.007424
0.013746
-0.007424
0.013746
-0.012119
0.009859
-0.012119
0.009859
-0.015541
-0.001598
-0.015541
-0.001598
0.002982
0.015337
0.002982
0.015337
-0.008736
0.012953
-0.008736
0.012953
-0.013028
0.008624
-0.013028
0.008624
-0.015310
-0.003114
-0.015310
-0.003114
-0.014460
0.005918
-0.014460
0.005918
-0.014409
-0.006041
-0.014409
-0.006041
-0.011001
-0.011095
-0.011001
-0.011095
0.000067
-0.015624
0.000067
-0.015624
0.000078
0.015625
0.000078
0.015625
-0.010993
0.011104
-0.010993
0.011104
-0.014406
0.006052
-0.014406
0.006052
-0.014466
-0.005908
-0.014466
-0.005908
-0.015311
0.003126
-0.015311
0.003126
-0.013036
-0.008616
-0.013036
-0.008616
-0.008747
-0.012949
-0.008747
-0.012949
0.002971
-0.015341
0.002971
-0.015341
-0.015543
0.001611
-0.015543
0.001611
-0.012130
-0.009852
-0.012130
-0.009852
-0.007436
-0.013743
-0.007436
-0.013743
0.004460
-0.014976
0.004460
-0.014976
-0.004612
-0.014929
-0.004612
-0.014929
0.007295
-0.013818
0.007295
-0.013818
0.012028
-0.009974
0.012028
-0.009974
0.015558
0.001451
0.015558
0.001451
-0.015602
0.000847
-0.015602
0.000847
-0.011631
-0.010434
-0.011631
-0.010434
-0.006753
-0.014090
-0.006753
-0.014090
0.005188
-0.014738
0.005188
-0.014738
-0.003875
-0.015136
-0.003875
-0.015136
0.007963
-0.013443
0.007963
-0.013443
0.012501
-0.009372
0.012501
-0.009372
0.015467
0.002212
0.015467
0.002212
-0.002373
-0.015442
-0.002373
-0.015442
0.009242
-0.012597
0.009242
-0.012597
0.013358
-0.008101
0.013358
-0.008101
0.015175
0.003717
0.015175
0.003717
0.014682
-0.005339
0.014682
-0.005339
0.014157
0.006607
0.014157
0.006607
0.010551
0.011522
0.010551
0.011522
-0.000686
0.015607
-0.000686
0.015607
-0.015618
0.000464
-0.015618
0.000464
-0.011372
-0.010716
-0.011372
-0.010716
-0.006405
-0.014252
-0.006405
-0.014252
0.005548
-0.014606
0.005548
-0.014606
-0.003502
-0.015226
-0.003502
-0.015226
0.008290
-0.013243
0.008290
-0.013243
0.012727
-0.009062
0.012727
-0.009062
0.015407
0.002591
0.015407
0.002591
-0.001993
-0.015495
-0.001993
-0.015495
0.009548
-0.012366
0.009548
-0.012366
0.013554
-0.007771
0.013554
-0.007771
0.015079
0.004089
0.015079
0.004089
0.014808
-0.004977
0.014808
-0.004977
0.013990
0.006952
0.013990
0.006952
0.010265
0.011777
0.010265
0.011777
-0.001069
0.015586
-0.001069
0.015586
-0.001230
-0.015574
-0.001230
-0.015574
0.010143
-0.011882
0.010143
-0.011882
0.013918
-0.007096
0.013918
-0.007096
0.014859
0.004824
0.014859
0.004824
0.015034
-0.004244
0.015034
-0.004244
0.013632
0.007630
0.013632
0.007630
0.009674
0.012266
0.009674
0.012266
-0.001833
0.015514
-0.001833
0.015514
0.015378
-0.002748
0.015378
-0.002748
0.012818
0.008930
0.012818
0.008930
0.008424
0.013156
0.008424
0.013156
-0.003345
0.015260
-0.003345
0.015260
0.005696
0.014547
0.005696
0.014547
-0.006259
0.014314
-0.006259
0.014314
-0.011261
0.010829
-0.011261
0.010829
-0.015620
-0.000305
-0.015620
-0.000305
-0.015622
0.000272
-0.015622
0.000272
-0.011239
-0.010854
-0.011239
-0.010854
-0.006230
-0.014328
-0.006230
-0.014328
0.005727
-0.014537
0.005727
-0.014537
-0.003315
-0.015268
-0.003315
-0.015268
0.008452
-0.013140
0.008452
-0.013140
0.012837
-0.008905
0.012837
-0.008905
0.015375
0.002780
0.015375
0.002780
-0.001802
-0.015518
-0.001802
-0.015518
0.009699
-0.012248
0.009699
-0.012248
0.013647
-0.007603
0.013647
-0.007603
0.015027
0.004274
0.015027
0.004274
0.014868
-0.004794
0.014868
-0.004794
0.013904
0.007123
0.013904
0.007123
0.010119
0.011902
0.010119
0.011902
-0.001260
0.015571
-0.001260
0.015571
-0.001038
-0.015587
-0.001038
-0.015587
0.010288
-0.011756
0.010288
-0.011756
0.014004
-0.006924
0.014004
-0.006924
0.014798
0.005006
0.014798
0.005006
0.015085
-0.004058
0.015085
-0.004058
0.013536
0.007797
0.013536
0.007797
0.009522
0.012384
0.009522
0.012384
-0.002023
0.015490
-0.002023
0.015490
0.015410
-0.002559
0.015410
-0.002559
0.012707
0.009087
0.012707
0.009087
0.008261
0.013258
0.008261
0.013258
-0.003533
0.015216
-0.003533
0.015216
0.005515
0.014616
0.005515
0.014616
-0.006434
0.014235
-0.006434
0.014235
-0.011392
0.010689
-0.011392
0.010689
-0.015614
-0.000497
-0.015614
-0.000497
-0.000654
-0.015608
-0.000654
-0.015608
0.010574
-0.011499
0.010574
-0.011499
0.014169
-0.006577
0.014169
-0.006577
0.014670
0.005368
0.014670
0.005368
0.015180
-0.003686
0.015180
-0.003686
0.013340
0.008127
0.013340
0.008127
0.009214
0.012614
0.009214
0.012614
-0.002403
0.015435
-0.002403
0.015435
0.015469
-0.002179
0.015469
-0.002179
0.012480
0.009397
0.012480
0.009397
0.007933
0.013457
0.007933
0.013457
-0.003906
0.015125
-0.003906
0.015125
0.005155
0.014747
0.005155
0.014747
-0.006782
0.014073
-0.006782
0.014073
-0.011652
0.010406
-0.011652
0.010406
-0.015597
-0.000881
-0.015597
-0.000881
0.015558
-0.001417
0.015558
-0.001417
0.012003
0.009999
0.012003
0.009999
0.007263
0.013831
0.007263
0.013831
-0.004644
0.014916
-0.004644
0.014916
0.004425
0.014983
0.004425
0.014983
-0.007466
0.013723
-0.007466
0.013723
-0.012149
0.009822
-0.012149
0.009822
-0.015536
-0.001646
-0.015536
-0.001646
0.002935
0.015346
0.002935
0.015346
-0.008775
0.012927
-0.008775
0.012927
-0.013054
0.008585
-0.013054
0.008585
-0.015301
-0.003160
-0.015301
-0.003160
-0.014479
0.005873
-0.014479
0.005873
-0.014391
-0.006085
-0.014391
-0.006085
-0.010967
-0.011129
-0.010967
-0.011129
0.000115
-0.015624
0.000115
-0.015624
-0.015623
0.000176
-0.015623
0.000176
-0.011171
-0.010923
-0.011171
-0.010923
-0.006141
-0.014367
-0.006141
-0.014367
0.005817
-0.014501
0.005817
-0.014501
-0.003221
-0.015288
-0.003221
-0.015288
0.008533
-0.013088
0.008533
-0.013088
0.012892
-0.008826
0.012892
-0.008826
0.015357
0.002875
0.015357
0.002875
-0.001707
-0.015529
-0.001707
-0.015529
0.009774
-0.012188
0.009774
-0.012188
0.013694
-0.007519
0.013694
-0.007519
0.015000
0.004366
0.015000
0.004366
0.014898
-0.004702
0.014898
-0.004702
0.013860
0.007209
0.013860
0.007209
0.010046
0.011965
0.010046
0.011965
-0.001357
0.015564
-0.001357
0.015564
-0.000942
-0.015594
-0.000942
-0.015594
0.010361
-0.011693
0.010361
-0.011693
0.014046
-0.006837
0.014046
-0.006837
0.014767
0.005097
0.014767
0.005097
0.015110
-0.003965
0.015110
-0.003965
0.013488
0.007881
0.013488
0.007881
0.009445
0.012442
0.009445
0.012442
-0.002118
0.015476
-0.002118
0.015476
0.015426
-0.002464
0.015426
-0.002464
0.012650
0.009166
0.012650
0.009166
0.008180
0.013309
0.008180
0.013309
-0.003626
0.015194
-0.003626
0.015194
0.005425
0.014650
0.005425
0.014650
-0.006523
0.014195
-0.006523
0.014195
-0.011458
0.010618
-0.011458
0.010618
-0.015610
-0.000594
-0.015610
-0.000594
-0.000558
-0.015612
-0.000558
-0.015612
0.010645
-0.011434
0.010645
-0.011434
0.014210
-0.006490
0.014210
-0.006490
0.014637
0.005459
0.014637
0.005459
0.015203
-0.003592
0.015203
-0.003592
0.013290
0.008209
0.013290
0.008209
0.009136
0.012671
0.009136
0.012671
-0.002499
0.015420
-0.002499
0.015420
0.015482
-0.002084
0.015482
-0.002084
0.012421
0.009474
0.012421
0.009474
0.007850
0.013506
0.007850
0.013506
-0.003999
0.015100
-0.003999
0.015100
0.005064
0.014779
0.005064
0.014779
-0.006869
0.014031
-0.006869
0.014031
-0.011716
0.010334
-0.011716
0.010334
-0.015591
-0.000977
-0.015591
-0.000977
0.015566
-0.001321
0.015566
-0.001321
0.011941
0.010072
0.011941
0.010072
0.007178
0.013876
0.007178
0.013876
-0.004736
0.014887
-0.004736
0.014887
0.004332
0.015010
0.004332
0.015010
-0.007550
0.013677
-0.007550
0.013677
-0.012210
0.009747
-0.012210
0.009747
-0.015525
-0.001742
-0.015525
-0.001742
0.002841
0.015363
0.002841
0.015363
-0.008855
0.012872
-0.008855
0.012872
-0.013107
0.008504
-0.013107
0.008504
-0.015281
-0.003255
-0.015281
-0.003255
-0.014515
0.005784
-0.014515
0.005784
-0.014353
-0.006174
-0.014353
-0.006174
-0.010898
-0.011196
-0.010898
-0.011196
0.000211
-0.015623
0.000211
-0.015623
-0.000366
-0.015618
-0.000366
-0.015618
0.010785
-0.011302
0.010785
-0.011302
0.014289
-0.006315
0.014289
-0.006315
0.014569
0.005639
0.014569
0.005639
0.015246
-0.003405
0.015246
-0.003405
0.013189
0.008373
0.013189
0.008373
0.008980
0.012783
0.008980
0.012783
-0.002688
0.015388
-0.002688
0.015388
0.015507
-0.001893
0.015507
-0.001893
0.012304
0.009626
0.012304
0.009626
0.007683
0.013602
0.007683
0.013602
-0.004185
0.015050
-0.004185
0.015050
0.004881
0.014840
0.004881
0.014840
-0.007041
0.013945
-0.007041
0.013945
-0.011842
0.010189
-0.011842
0.010189
-0.015578
-0.001169
-0.015578
-0.001169
0.015581
-0.001129
0.015581
-0.001129
0.011817
0.010219
0.011817
0.010219
0.007006
0.013963
0.007006
0.013963
-0.004919
0.014827
-0.004919
0.014827
0.004148
0.015062
0.004148
0.015062
-0.007718
0.013583
-0.007718
0.013583
-0.012329
0.009596
-0.012329
0.009596
-0.015503
-0.001932
-0.015503
-0.001932
0.002651
0.015397
0.002651
0.015397
-0.009012
0.012762
-0.009012
0.012762
-0.013211
0.008342
-0.013211
0.008342
-0.015240
-0.003443
-0.015240
-0.003443
-0.014584
0.005605
-0.014584
0.005605
-0.014275
-0.006350
-0.014275
-0.006350
-0.010759
-0.011329
-0.010759
-0.011329
0.000403
-0.015619
0.000403
-0.015619
0.015605
-0.000747
0.015605
-0.000747
0.011563
0.010506
0.011563
0.010506
0.006662
0.014132
0.006662
0.014132
-0.005282
0.014703
-0.005282
0.014703
0.003776
0.015161
0.003776
0.015161
-0.008049
0.013391
-0.008049
0.013391
-0.012561
0.009291
-0.012561
0.009291
-0.015451
-0.002313
-0.015451
-0.002313
0.002273
0.015458
0.002273
0.015458
-0.009323
0.012537
-0.009323
0.012537
-0.013413
0.008016
-0.013413
0.008016
-0.015152
-0.003816
-0.015152
-0.003816
-0.014719
0.005246
-0.014719
0.005246
-0.014117
-0.006699
-0.014117
-0.006699
-0.010479
-0.011590
-0.010479
-0.011590
0.000786
-0.015606
0.000786
-0.015606
0.001512
0.015552
0.001512
0.015552
-0.009928
0.012066
-0.009928
0.012066
-0.013790
0.007349
-0.013790
0.007349
-0.014947
-0.004555
-0.014947
-0.004555
-0.014958
0.004518
-0.014958
0.004518
-0.013771
-0.007383
-0.013771
-0.007383
-0.009898
-0.012090
-0.009898
-0.012090
0.001550
-0.015549
0.001550
-0.015549
-0.015330
0.003031
-0.015330
0.003031
-0.012983
-0.008697
-0.012983
-0.008697
-0.008667
-0.013003
-0.008667
-0.013003
0.003067
-0.015322
0.003067
-0.015322
-0.005964
-0.014442
-0.005964
-0.014442
0.005996
-0.014430
0.005996
-0.014430
0.011060
-0.011037
0.011060
-0.011037
0.015625
0.000017
0.015625
0.000017
0.015624
-0.000017
0.015624
-0.000017
0.011061
0.011036
0.011061
0.011036
0.005995
0.014429
0.005995
0.014429
-0.005963
0.014442
-0.005963
0.014442
0.003064
0.015322
0.003064
0.015322
-0.008667
0.013001
-0.008667
0.013001
-0.012983
0.008695
-0.012983
0.008695
-0.015328
-0.003032
-0.015328
-0.003032
0.001548
0.015548
0.001548
0.015548
-0.009900
0.012089
-0.009900
0.012089
-0.013773
0.007381
-0.013773
0.007381
-0.014957
-0.004520
-0.014957
-0.004520
-0.014949
0.004552
-0.014949
0.004552
-0.013789
-0.007352
-0.013789
-0.007352
-0.009927
-0.012069
-0.009927
-0.012069
0.001515
-0.015553
0.001515
-0.015553
0.000783
0.015607
0.000783
0.015607
-0.010481
0.011590
-0.010481
0.011590
-0.014119
0.006697
-0.014119
0.006697
-0.014719
-0.005248
-0.014719
-0.005248
-0.015154
0.003814
-0.015154
0.003814
-0.013412
-0.008018
-0.013412
-0.008018
-0.009324
-0.012541
-0.009324
-0.012541
0.002275
-0.015460
0.002275
-0.015460
-0.015455
0.002312
-0.015455
0.002312
-0.012563
-0.009294
-0.012563
-0.009294
-0.008050
-0.013394
-0.008050
-0.013394
0.003778
-0.015163
0.003778
-0.015163
-0.005283
-0.014706
-0.005283
-0.014706
0.006664
-0.014134
0.006664
-0.014134
0.011565
-0.010508
0.011565
-0.010508
0.015608
0.000747
0.015608
0.000747
0.000401
0.015621
0.000401
0.015621
-0.010762
0.011330
-0.010762
0.011330
-0.014278
0.006349
-0.014278
0.006349
-0.014585
-0.005607
-0.014585
-0.005607
-0.015243
0.003442
-0.015243
0.003442
-0.013211
-0.008345
-0.013211
-0.008345
-0.009013
-0.012765
-0.009013
-0.012765
0.002653
-0.015400
0.002653
-0.015400
-0.015507
0.001932
-0.015507
0.001932
-0.012331
-0.009599
-0.012331
-0.009599
-0.007719
-0.013587
-0.007719
-0.013587
0.004149
-0.015066
0.004149
-0.015066
-0.004921
-0.014831
-0.004921
-0.014831
0.007008
-0.013967
0.007008
-0.013967
0.011819
-0.010222
0.011819
-0.010222
0.015586
0.001129
0.015586
0.001129
-0.015582
0.001170
-0.015582
0.001170
-0.011845
-0.010191
-0.011845
-0.010191
-0.007044
-0.013949
-0.007044
-0.013949
0.004883
-0.014843
0.004883
-0.014843
-0.004187
-0.015054
-0.004187
-0.015054
0.007684
-0.013606
0.007684
-0.013606
0.012305
-0.009629
0.012305
-0.009629
0.015510
0.001892
0.015510
0.001892
-0.002692
-0.015391
-0.002692
-0.015391
0.008980
-0.012786
0.008980
-0.012786
0.013189
-0.008376
0.013189
-0.008376
0.015250
0.003403
0.015250
0.003403
0.014570
-0.005642
0.014570
-0.005642
0.014292
0.006313
0.014292
0.006313
0.010788
0.011302
0.010788
0.011302
-0.000363
0.015620
-0.000363
0.015620
0.000210
0.015624
0.000210
0.015624
-0.010899
0.011197
-0.010899
0.011197
-0.014354
0.006174
-0.014354
0.006174
-0.014515
-0.005785
-0.014515
-0.005785
-0.015284
0.003255
-0.015284
0.003255
-0.013109
-0.008505
-0.013109
-0.008505
-0.008857
-0.012874
-0.008857
-0.012874
0.002841
-0.015366
0.002841
-0.015366
-0.015529
0.001742
-0.015529
0.001742
-0.012212
-0.009749
-0.012212
-0.009749
-0.007552
-0.013680
-0.007552
-0.013680
0.004333
-0.015013
0.004333
-0.015013
-0.004739
-0.014889
-0.004739
-0.014889
0.007178
-0.013879
0.007178
-0.013879
0.011942
-0.010076
0.011942
-0.010076
0.015570
0.001319
0.015570
0.001319
-0.015596
0.000979
-0.015596
0.000979
-0.011719
-0.010336
-0.011719
-0.010336
-0.006872
-0.014034
-0.006872
-0.014034
0.005064
-0.014782
0.005064
-0.014782
-0.004003
-0.015104
-0.004003
-0.015104
0.007850
-0.013510
0.007850
-0.013510
0.012422
-0.009477
0.012422
-0.009477
0.015486
0.002082
0.015486
0.002082
-0.002503
-0.015423
-0.002503
-0.015423
0.009136
-0.012675
0.009136
-0.012675
0.013291
-0.008214
0.013291
-0.008214
0.015207
0.003590
0.015207
0.003590
0.014637
-0.005463
0.014637
-0.005463
0.014213
0.006487
0.014213
0.006487
0.010648
0.011433
0.010648
0.011433
-0.000555
0.015614
-0.000555
0.015614
-0.015614
0.000596
-0.015614
0.000596
-0.011462
-0.010620
-0.011462
-0.010620
-0.006526
-0.014197
-0.006526
-0.014197
0.005424
-0.014654
0.005424
-0.014654
-0.003631
-0.015197
-0.003631
-0.015197
0.008179
-0.013314
0.008179
-0.013314
0.012651
-0.009169
0.012651
-0.009169
0.015430
0.002461
0.015430
0.002461
-0.002124
-0.015479
-0.002124
-0.015479
0.009444
-0.012447
0.009444
-0.012447
0.013488
-0.007885
0.013488
-0.007885
0.015113
0.003961
0.015113
0.003961
0.014766
-0.005102
0.014766
-0.005102
0.014049
0.006834
0.014049
0.006834
0.010364
0.011690
0.010364
0.011690
-0.000937
0.015594
-0.000937
0.015594
-0.001361
-0.015563
-0.001361
-0.015563
0.010043
-0.011967
0.010043
-0.011967
0.013858
-0.007213
0.013858
-0.007213
0.014900
0.004699
0.014900
0.004699
0.014999
-0.004370
0.014999
-0.004370
0.013696
0.007515
0.013696
0.007515
0.009778
0.012185
0.009778
0.012185
-0.001702
0.015529
-0.001702
0.015529
0.015355
-0.002878
0.015355
-0.002878
0.012893
0.008822
0.012893
0.008822
0.008535
0.013084
0.008535
0.013084
-0.003217
0.015287
-0.003217
0.015287
0.005818
0.014499
0.005818
0.014499
-0.006138
0.014366
-0.006138
0.014366
-0.011169
0.010923
-0.011169
0.010923
-0.015621
-0.000173
-0.015621
-0.000173
0.000113
0.015626
0.000113
0.015626
-0.010968
0.011129
-0.010968
0.011129
-0.014392
0.006085
-0.014392
0.006085
-0.014479
-0.005874
-0.014479
-0.005874
-0.015304
0.003160
-0.015304
0.003160
-0.013056
-0.008587
-0.013056
-0.008587
-0.008777
-0.012929
-0.008777
-0.012929
0.002936
-0.015348
0.002936
-0.015348
-0.015539
0.001647
-0.015539
0.001647
-0.012151
-0.009823
-0.012151
-0.009823
-0.007468
-0.013726
-0.007468
-0.013726
0.004426
-0.014986
0.004426
-0.014986
-0.004647
-0.014919
-0.004647
-0.014919
0.007263
-0.013835
0.007263
-0.013835
0.012004
-0.010002
0.012004
-0.010002
0.015561
0.001416
0.015561
0.001416
-0.015600
0.000883
-0.015600
0.000883
-0.011655
-0.010407
-0.011655
-0.010407
-0.006786
-0.014075
-0.006786
-0.014075
0.005155
-0.014751
0.005155
-0.014751
-0.003910
-0.015128
-0.003910
-0.015128
0.007932
-0.013462
0.007932
-0.013462
0.012480
-0.009401
0.012480
-0.009401
0.015473
0.002177
0.015473
0.002177
-0.002408
-0.015437
-0.002408
-0.015437
0.009213
-0.012618
0.009213
-0.012618
0.013340
-0.008132
0.013340
-0.008132
0.015184
0.003683
0.015184
0.003683
0.014670
-0.005372
0.014670
-0.005372
0.014172
0.006575
0.014172
0.006575
0.010578
0.011498
0.010578
0.011498
-0.000650
0.015610
-0.000650
0.015610
-0.015617
0.000500
-0.015617
0.000500
-0.011396
-0.010689
-0.011396
-0.010689
-0.006438
-0.014236
-0.006438
-0.014236
0.005515
-0.014619
0.005515
-0.014619
-0.003537
-0.015219
-0.003537
-0.015219
0.008260
-0.013262
0.008260
-0.013262
0.012706
-0.009092
0.012706
-0.009092
0.015414
0.002556
0.015414
0.002556
-0.002028
-0.015491
-0.002028
-0.015491
0.009520
-0.012388
0.009520
-0.012388
0.013536
-0.007802
0.013536
-0.007802
0.015088
0.004054
0.015088
0.004054
0.014797
-0.005011
0.014797
-0.005011
0.014007
0.006920
0.014007
0.006920
0.010292
0.011754
0.010292
0.011754
-0.001033
0.015588
-0.001033
0.015588
-0.001265
-0.015571
-0.001265
-0.015571
0.010116
-0.011905
0.010116
-0.011905
0.013902
-0.007127
0.013902
-0.007127
0.014870
0.004790
0.014870
0.004790
0.015025
-0.004278
0.015025
-0.004278
0.013649
0.007599
0.013649
0.007599
0.009702
0.012244
0.009702
0.012244
-0.001797
0.015518
-0.001797
0.015518
0.015372
-0.002784
0.015372
-0.002784
0.012838
0.008901
0.012838
0.008901
0.008454
0.013136
0.008454
0.013136
-0.003310
0.015267
-0.003310
0.015267
0.005729
0.014534
0.005729
0.014534
-0.006226
0.014328
-0.006226
0.014328
-0.011236
0.010855
-0.011236
0.010855
-0.015620
-0.000269
-0.015620
-0.000269
-0.015621
0.000308
-0.015621
0.000308
-0.011263
-0.010828
-0.011263
-0.010828
-0.006263
-0.014314
-0.006263
-0.014314
0.005694
-0.014550
0.005694
-0.014550
-0.003350
-0.015260
-0.003350
-0.015260
0.008422
-0.013160
0.008422
-0.013160
0.012817
-0.008934
0.012817
-0.008934
0.015381
0.002745
0.015381
0.002745
-0.001838
-0.015515
-0.001838
-0.015515
0.009672
-0.012270
0.009672
-0.012270
0.013630
-0.007635
0.013630
-0.007635
0.015037
0.004239
0.015037
0.004239
0.014857
-0.004829
0.014857
-0.004829
0.013920
0.007091
0.013920
0.007091
0.010146
0.011879
0.010146
0.011879
-0.001225
0.015574
-0.001225
0.015574
-0.001074
-0.015585
-0.001074
-0.015585
0.010261
-0.011780
0.010261
-0.011780
0.013988
-0.006956
0.013988
-0.006956
0.014810
0.004972
0.014810
0.004972
0.015075
-0.004093
0.015075
-0.004093
0.013555
0.007766
0.013555
0.007766
0.009550
0.012362
0.009550
0.012362
-0.001987
0.015494
-0.001987
0.015494
0.015404
-0.002594
0.015404
-0.002594
0.012727
0.009058
0.012727
0.009058
0.008292
0.013239
0.008292
0.013239
-0.003498
0.015224
-0.003498
0.015224
0.005550
0.014603
0.005550
0.014603
-0.006401
0.014250
-0.006401
0.014250
-0.011368
0.010716
-0.011368
0.010716
-0.015615
-0.000461
-0.015615
-0.000461
-0.000690
-0.015607
-0.000690
-0.015607
0.010548
-0.011524
0.010548
-0.011524
0.014155
-0.006610
0.014155
-0.006610
0.014683
0.005335
0.014683
0.005335
0.015171
-0.003721
0.015171
-0.003721
0.013359
0.008096
0.013359
0.008096
0.009243
0.012593
0.009243
0.012593
-0.002368
0.015440
-0.002368
0.015440
0.015464
-0.002215
0.015464
-0.002215
0.012501
0.009368
0.012501
0.009368
0.007964
0.013440
0.007964
0.013440
-0.003871
0.015135
-0.003871
0.015135
0.005189
0.014735
0.005189
0.014735
-0.006750
0.014088
-0.006750
0.014088
-0.011628
0.010433
-0.011628
0.010433
-0.015599
-0.000845
-0.015599
-0.000845
0.015554
-0.001453
0.015554
-0.001453
0.012026
0.009971
0.012026
0.009971
0.007295
0.013815
0.007295
0.013815
-0.004610
0.014927
-0.004610
0.014927
0.004459
0.014973
0.004459
0.014973
-0.007434
0.013740
-0.007434
0.013740
-0.012127
0.009850
-0.012127
0.009850
-0.015539
-0.001610
-0.015539
-0.001610
0.002970
0.015339
0.002970
0.015339
-0.008745
0.012947
-0.008745
0.012947
-0.013034
0.008614
-0.013034
0.008614
-0.015307
-0.003126
-0.015307
-0.003126
-0.014465
0.005907
-0.014465
0.005907
-0.014404
-0.006052
-0.014404
-0.006052
-0.010992
-0.011103
-0.010992
-0.011103
0.000079
-0.015624
0.000079
-0.015624
0.000066
0.015624
0.000066
0.015624
-0.011001
0.011095
-0.011001
0.011095
-0.014410
0.006040
-0.014410
0.006040
-0.014460
-0.005918
-0.014460
-0.005918
-0.015312
0.003114
-0.015312
0.003114
-0.013029
-0.008626
-0.013029
-0.008626
-0.008736
-0.012955
-0.008736
-0.012955
0.002983
-0.015338
0.002983
-0.015338
-0.015543
0.001599
-0.015543
0.001599
-0.012121
-0.009861
-0.012121
-0.009861
-0.007426
-0.013749
-0.007426
-0.013749
0.004471
-0.014972
0.004471
-0.014972
-0.004601
-0.014932
-0.004601
-0.014932
0.007305
-0.013812
0.007305
-0.013812
0.012034
-0.009965
0.012034
-0.009965
0.015556
0.001463
0.015556
0.001463
-0.015603
0.000835
-0.015603
0.000835
-0.011623
-0.010443
-0.011623
-0.010443
-0.006742
-0.014096
-0.006742
-0.014096
0.005199
-0.014735
0.005199
-0.014735
-0.003863
-0.015139
-0.003863
-0.015139
0.007974
-0.013437
0.007974
-0.013437
0.012508
-0.009362
0.012508
-0.009362
0.015465
0.002224
0.015465
0.002224
-0.002361
-0.015444
-0.002361
-0.015444
0.009252
-0.012590
0.009252
-0.012590
0.013366
-0.008091
0.013366
-0.008091
0.015172
0.003729
0.015172
0.003729
0.014687
-0.005327
0.014687
-0.005327
0.014152
0.006618
0.014152
0.006618
0.010542
0.011530
0.010542
0.011530
-0.000698
0.015607
-0.000698
0.015607
-0.015618
0.000452
-0.015618
0.000452
-0.011363
-0.010724
-0.011363
-0.010724
-0.006394
-0.014256
-0.006394
-0.014256
0.005559
-0.014602
0.005559
-0.014602
-0.003491
-0.015229
-0.003491
-0.015229
0.008301
-0.013237
0.008301
-0.013237
0.012734
-0.009053
0.012734
-0.009053
0.015405
0.002603
0.015405
0.002603
-0.001981
-0.015497
-0.001981
-0.015497
0.009557
-0.012359
0.009557
-0.012359
0.013559
-0.007761
0.013559
-0.007761
0.015076
0.004100
0.015076
0.004100
0.014812
-0.004965
0.014812
-0.004965
0.013985
0.006963
0.013985
0.006963
0.010256
0.011785
0.010256
0.011785
-0.001081
0.015585
-0.001081
0.015585
-0.001218
-0.015574
-0.001218
-0.015574
0.010152
-0.011873
0.010152
-0.011873
0.013922
-0.007085
0.013922
-0.007085
0.014855
0.004835
0.014855
0.004835
0.015037
-0.004232
0.015037
-0.004232
0.013625
0.007640
0.013625
0.007640
0.009664
0.012273
0.009664
0.012273
-0.001845
0.015512
-0.001845
0.015512
0.015380
-0.002737
0.015380
-0.002737
0.012811
0.008940
0.012811
0.008940
0.008414
0.013162
0.008414
0.013162
-0.003357
0.015256
-0.003357
0.015256
0.005684
0.014551
0.005684
0.014551
-0.006270
0.014309
-0.006270
0.014309
-0.011269
0.010820
-0.011269
0.010820
-0.015619
-0.000317
-0.015619
-0.000317
-0.015622
0.000259
-0.015622
0.000259
-0.011230
-0.010863
-0.011230
-0.010863
-0.006218
-0.014333
-0.006218
-0.014333
0.005738
-0.014532
0.005738
-0.014532
-0.003303
-0.015270
-0.003303
-0.015270
0.008463
-0.013133
0.008463
-0.013133
0.012844
-0.008895
0.012844
-0.008895
0.015372
0.002792
0.015372
0.002792
-0.001790
-0.015520
-0.001790
-0.015520
0.009708
-0.012240
0.009708
-0.012240
0.013654
-0.007593
0.013654
-0.007593
0.015024
0.004286
0.015024
0.004286
0.014872
-0.004782
0.014872
-0.004782
0.013898
0.007134
0.013898
0.007134
0.010110
0.011910
0.010110
0.011910
-0.001273
0.015570
-0.001273
0.015570
-0.001025
-0.015588
-0.001025
-0.015588
0.010298
-0.011748
0.010298
-0.011748
0.014009
-0.006913
0.014009
-0.006913
0.014794
0.005018
0.014794
0.005018
0.015089
-0.004046
0.015089
-0.004046
0.013530
0.007807
0.013530
0.007807
0.009512
0.012392
0.009512
0.012392
-0.002035
0.015489
-0.002035
0.015489
0.015413
-0.002547
0.015413
-0.002547
0.012700
0.009097
0.012700
0.009097
0.008251
0.013264
0.008251
0.013264
-0.003545
0.015214
-0.003545
0.015214
0.005504
0.014620
0.005504
0.014620
-0.006446
0.014230
-0.006446
0.014230
-0.011400
0.010680
-0.011400
0.010680
-0.015613
-0.000510
-0.015613
-0.000510
-0.000643
-0.015609
-0.000643
-0.015609
0.010583
-0.011491
0.010583
-0.011491
0.014175
-0.006566
0.014175
-0.006566
0.014667
0.005380
0.014667
0.005380
0.015183
-0.003674
0.015183
-0.003674
0.013334
0.008138
0.013334
0.008138
0.009204
0.012622
0.009204
0.012622
-0.002416
0.015433
-0.002416
0.015433
0.015470
-0.002167
0.015470
-0.002167
0.012472
0.009406
0.012472
0.009406
0.007922
0.013463
0.007922
0.013463
-0.003918
0.015122
-0.003918
0.015122
0.005143
0.014751
0.005143
0.014751
-0.006793
0.014067
-0.006793
0.014067
-0.011660
0.010397
-0.011660
0.010397
-0.015596
-0.000893
-0.015596
-0.000893
0.015558
-0.001405
0.015558
-0.001405
0.011995
0.010008
0.011995
0.010008
0.007252
0.013837
0.007252
0.013837
-0.004656
0.014912
-0.004656
0.014912
0.004412
0.014987
0.004412
0.014987
-0.007477
0.013717
-0.007477
0.013717
-0.012157
0.009812
-0.012157
0.009812
-0.015534
-0.001658
-0.015534
-0.001658
0.002923
0.015348
0.002923
0.015348
-0.008786
0.012919
-0.008786
0.012919
-0.013061
0.008574
-0.013061
0.008574
-0.015298
-0.003173
-0.015298
-0.003173
-0.014483
0.005862
-0.014483
0.005862
-0.014385
-0.006096
-0.014385
-0.006096
-0.010958
-0.011137
-0.010958
-0.011137
0.000127
-0.015623
0.000127
-0.015623
-0.015623
0.000164
-0.015623
0.000164
-0.011163
-0.010932
-0.011163
-0.010932
-0.006130
-0.014371
-0.006130
-0.014371
0.005828
-0.014496
0.005828
-0.014496
-0.003208
-0.015290
-0.003208
-0.015290
0.008543
-0.013081
0.008543
-0.013081
0.012898
-0.008815
0.012898
-0.008815
0.015354
0.002887
0.015354
0.002887
-0.001694
-0.015530
-0.001694
-0.015530
0.009784
-0.012180
0.009784
-0.012180
0.013700
-0.007509
0.013700
-0.007509
0.014997
0.004378
0.014997
0.004378
0.014901
-0.004691
0.014901
-0.004691
0.013854
0.007220
0.013854
0.007220
0.010036
0.011971
0.010036
0.011971
-0.001368
0.015562
-0.001368
0.015562
-0.000930
-0.015594
-0.000930
-0.015594
0.010370
-0.011685
0.010370
-0.011685
0.014051
-0.006827
0.014051
-0.006827
0.014763
0.005109
0.014763
0.005109
0.015112
-0.003953
0.015112
-0.003953
0.013482
0.007890
0.013482
0.007890
0.009436
0.012450
0.009436
0.012450
-0.002131
0.015476
-0.002131
0.015476
0.015428
-0.002452
0.015428
-0.002452
0.012643
0.009175
0.012643
0.009175
0.008169
0.013315
0.008169
0.013315
-0.003639
0.015192
-0.003639
0.015192
0.005414
0.014654
0.005414
0.014654
-0.006534
0.014190
-0.006534
0.014190
-0.011466
0.010610
-0.011466
0.010610
-0.015610
-0.000606
-0.015610
-0.000606
-0.000546
-0.015612
-0.000546
-0.015612
0.010653
-0.011426
0.010653
-0.011426
0.014215
-0.006478
0.014215
-0.006478
0.014632
0.005471
0.014632
0.005471
0.015205
-0.003580
0.015205
-0.003580
0.013284
0.008220
0.013284
0.008220
0.009127
0.012678
0.009127
0.012678
-0.002511
0.015418
-0.002511
0.015418
0.015483
-0.002072
0.015483
-0.002072
0.012414
0.009483
0.012414
0.009483
0.007839
0.013512
0.007839
0.013512
-0.004011
0.015098
-0.004011
0.015098
0.005052
0.014782
0.005052
0.014782
-0.006880
0.014025
-0.006880
0.014025
-0.011724
0.010325
-0.011724
0.010325
-0.015590
-0.000989
-0.015590
-0.000989
0.015567
-0.001309
0.015567
-0.001309
0.011933
0.010082
0.011933
0.010082
0.007166
0.013881
0.007166
0.013881
-0.004748
0.014883
-0.004748
0.014883
0.004321
0.015013
0.004321
0.015013
-0.007561
0.013671
-0.007561
0.013671
-0.012217
0.009737
-0.012217
0.009737
-0.015523
-0.001753
-0.015523
-0.001753
0.002828
0.015365
0.002828
0.015365
-0.008865
0.012864
-0.008865
0.012864
-0.013113
0.008493
-0.013113
0.008493
-0.015278
-0.003267
-0.015278
-0.003267
-0.014519
0.005773
-0.014519
0.005773
-0.014348
-0.006185
-0.014348
-0.006185
-0.010889
-0.011204
-0.010889
-0.011204
0.000223
-0.015623
0.000223
-0.015623
-0.000354
-0.015618
-0.000354
-0.015618
0.010794
-0.011294
0.010794
-0.011294
0.014294
-0.006304
0.014294
-0.006304
0.014565
0.005649
0.014565
0.005649
0.015249
-0.003393
0.015249
-0.003393
0.013182
0.008383
0.013182
0.008383
0.008970
0.012789
0.008970
0.012789
-0.002701
0.015387
-0.002701
0.015387
0.015507
-0.001881
0.015507
-0.001881
0.012296
0.009635
0.012296
0.009635
0.007673
0.013608
0.007673
0.013608
-0.004196
0.015047
-0.004196
0.015047
0.004870
0.014843
0.004870
0.014843
-0.007052
0.013940
-0.007052
0.013940
-0.011850
0.010180
-0.011850
0.010180
-0.015577
-0.001181
-0.015577
-0.001181
0.015582
-0.001117
0.015582
-0.001117
0.011808
0.010227
0.011808
0.010227
0.006995
0.013968
0.006995
0.013968
-0.004930
0.014823
-0.004930
0.014823
0.004136
0.015065
0.004136
0.015065
-0.007728
0.013577
-0.007728
0.013577
-0.012336
0.009586
-0.012336
0.009586
-0.015501
-0.001945
-0.015501
-0.001945
0.002639
0.015399
0.002639
0.015399
-0.009022
0.012755
-0.009022
0.012755
-0.013217
0.008332
-0.013217
0.008332
-0.015237
-0.003454
-0.015237
-0.003454
-0.014588
0.005594
-0.014588
0.005594
-0.014271
-0.006360
-0.014271
-0.006360
-0.010751
-0.011337
-0.010751
-0.011337
0.000415
-0.015619
0.000415
-0.015619
0.015605
-0.000735
0.015605
-0.000735
0.011554
0.010515
0.011554
0.010515
0.006651
0.014138
0.006651
0.014138
-0.005293
0.014699
-0.005293
0.014699
0.003765
0.015163
0.003765
0.015163
-0.008060
0.013384
-0.008060
0.013384
-0.012569
0.009281
-0.012569
0.009281
-0.015450
-0.002325
-0.015450
-0.002325
0.002261
0.015460
0.002261
0.015460
-0.009333
0.012531
-0.009333
0.012531
-0.013419
0.008005
-0.013419
0.008005
-0.015149
-0.003828
-0.015149
-0.003828
-0.014723
0.005234
-0.014723
0.005234
-0.014111
-0.006710
-0.014111
-0.006710
-0.010470
-0.011599
-0.010470
-0.011599
0.000799
-0.015605
0.000799
-0.015605
0.001500
0.015553
0.001500
0.015553
-0.009937
0.012058
-0.009937
0.012058
-0.013795
0.007338
-0.013795
0.007338
-0.014943
-0.004566
-0.014943
-0.004566
-0.014962
0.004506
-0.014962
0.004506
-0.013766
-0.007394
-0.013766
-0.007394
-0.009889
-0.012099
-0.009889
-0.012099
0.001563
-0.015548
0.001563
-0.015548
-0.015331
0.003019
-0.015331
0.003019
-0.012975
-0.008707
-0.012975
-0.008707
-0.008656
-0.013010
-0.008656
-0.013010
0.003078
-0.015320
0.003078
-0.015320
-0.005952
-0.014447
-0.005952
-0.014447
0.006007
-0.014425
0.006007
-0.014425
0.011070
-0.011028
0.011070
-0.011028
0.015625
0.000030
0.015625
0.000030
0.000042
0.015626
0.000042
0.015626
-0.011019
0.011079
-0.011019
0.011079
-0.014420
0.006018
-0.014420
0.006018
-0.014452
-0.005941
-0.014452
-0.005941
-0.015317
0.003090
-0.015317
0.003090
-0.013016
-0.008646
-0.013016
-0.008646
-0.008717
-0.012969
-0.008717
-0.012969
0.003007
-0.015334
0.003007
-0.015334
-0.015546
0.001575
-0.015546
0.001575
-0.012106
-0.009879
-0.012106
-0.009879
-0.007404
-0.013760
-0.007404
-0.013760
0.004495
-0.014965
0.004495
-0.014965
-0.004577
-0.014939
-0.004577
-0.014939
0.007327
-0.013801
0.007327
-0.013801
0.012050
-0.009946
0.012050
-0.009946
0.015554
0.001487
0.015554
0.001487
-0.015604
0.000811
-0.015604
0.000811
-0.011607
-0.010461
-0.011607
-0.010461
-0.006721
-0.014106
-0.006721
-0.014106
0.005222
-0.014726
0.005222
-0.014726
-0.003840
-0.015145
-0.003840
-0.015145
0.007994
-0.013425
0.007994
-0.013425
0.012522
-0.009343
0.012522
-0.009343
0.015462
0.002248
0.015462
0.002248
-0.002337
-0.015448
-0.002337
-0.015448
0.009271
-0.012576
0.009271
-0.012576
0.013377
-0.008070
0.013377
-0.008070
0.015166
0.003753
0.015166
0.003753
0.014694
-0.005305
0.014694
-0.005305
0.014142
0.006639
0.014142
0.006639
0.010524
0.011546
0.010524
0.011546
-0.000722
0.015606
-0.000722
0.015606
-0.015619
0.000427
-0.015619
0.000427
-0.011346
-0.010742
-0.011346
-0.010742
-0.006371
-0.014266
-0.006371
-0.014266
0.005583
-0.014593
0.005583
-0.014593
-0.003466
-0.015234
-0.003466
-0.015234
0.008321
-0.013224
0.008321
-0.013224
0.012748
-0.009032
0.012748
-0.009032
0.015401
0.002627
0.015401
0.002627
-0.001956
-0.015500
-0.001956
-0.015500
0.009577
-0.012344
0.009577
-0.012344
0.013571
-0.007739
0.013571
-0.007739
0.015069
0.004124
0.015069
0.004124
0.014820
-0.004942
0.014820
-0.004942
0.013974
0.006984
0.013974
0.006984
0.010237
0.011801
0.010237
0.011801
-0.001105
0.015583
-0.001105
0.015583
-0.001193
-0.015577
-0.001193
-0.015577
0.010171
-0.011858
0.010171
-0.011858
0.013934
-0.007063
0.013934
-0.007063
0.014848
0.004858
0.014848
0.004858
0.015044
-0.004208
0.015044
-0.004208
0.013614
0.007662
0.013614
0.007662
0.009645
0.012289
0.009645
0.012289
-0.001869
0.015509
-0.001869
0.015509
0.015384
-0.002712
0.015384
-0.002712
0.012796
0.008960
0.012796
0.008960
0.008393
0.013175
0.008393
0.013175
-0.003381
0.015251
-0.003381
0.015251
0.005661
0.014560
0.005661
0.014560
-0.006292
0.014299
-0.006292
0.014299
-0.011286
0.010803
-0.011286
0.010803
-0.015618
-0.000342
-0.015618
-0.000342
-0.015622
0.000236
-0.015622
0.000236
-0.011213
-0.010880
-0.011213
-0.010880
-0.006196
-0.014343
-0.006196
-0.014343
0.005761
-0.014524
0.005761
-0.014524
-0.003279
-0.015275
-0.003279
-0.015275
0.008483
-0.013120
0.008483
-0.013120
0.012857
-0.008875
0.012857
-0.008875
0.015368
0.002816
0.015368
0.002816
-0.001765
-0.015522
-0.001765
-0.015522
0.009728
-0.012225
0.009728
-0.012225
0.013664
-0.007571
0.013664
-0.007571
0.015017
0.004309
0.015017
0.004309
0.014879
-0.004759
0.014879
-0.004759
0.013887
0.007155
0.013887
0.007155
0.010091
0.011925
0.010091
0.011925
-0.001297
0.015568
-0.001297
0.015568
-0.001002
-0.015590
-0.001002
-0.015590
0.010316
-0.011732
0.010316
-0.011732
0.014020
-0.006891
0.014020
-0.006891
0.014786
0.005041
0.014786
0.005041
0.015095
-0.004023
0.015095
-0.004023
0.013518
0.007828
0.013518
0.007828
0.009493
0.012406
0.009493
0.012406
-0.002060
0.015485
-0.002060
0.015485
0.015416
-0.002524
0.015416
-0.002524
0.012685
0.009116
0.012685
0.009116
0.008231
0.013277
0.008231
0.013277
-0.003568
0.015208
-0.003568
0.015208
0.005482
0.014628
0.005482
0.014628
-0.006467
0.014220
-0.006467
0.014220
-0.011417
0.010663
-0.011417
0.010663
-0.015613
-0.000533
-0.015613
-0.000533
-0.000618
-0.015609
-0.000618
-0.015609
0.010602
-0.011475
0.010602
-0.011475
0.014185
-0.006544
0.014185
-0.006544
0.014658
0.005403
0.014658
0.005403
0.015189
-0.003650
0.015189
-0.003650
0.013322
0.008159
0.013322
0.008159
0.009185
0.012635
0.009185
0.012635
-0.002440
0.015429
-0.002440
0.015429
0.015473
-0.002143
0.015473
-0.002143
0.012457
0.009426
0.012457
0.009426
0.007901
0.013476
0.007901
0.013476
-0.003941
0.015115
-0.003941
0.015115
0.005120
0.014759
0.005120
0.014759
-0.006815
0.014056
-0.006815
0.014056
-0.011676
0.010378
-0.011676
0.010378
-0.015595
-0.000917
-0.015595
-0.000917
0.015561
-0.001381
0.015561
-0.001381
0.011980
0.010027
0.011980
0.010027
0.007231
0.013848
0.007231
0.013848
-0.004678
0.014905
-0.004678
0.014905
0.004390
0.014993
0.004390
0.014993
-0.007497
0.013706
-0.007497
0.013706
-0.012173
0.009794
-0.012173
0.009794
-0.015532
-0.001682
-0.015532
-0.001682
0.002899
0.015353
0.002899
0.015353
-0.008806
0.012906
-0.008806
0.012906
-0.013074
0.008553
-0.013074
0.008553
-0.015293
-0.003197
-0.015293
-0.003197
-0.014492
0.005840
-0.014492
0.005840
-0.014376
-0.006118
-0.014376
-0.006118
-0.010941
-0.011154
-0.010941
-0.011154
0.000151
-0.015624
0.000151
-0.015624
-0.015623
0.000139
-0.015623
0.000139
-0.011145
-0.010949
-0.011145
-0.010949
-0.006107
-0.014380
-0.006107
-0.014380
0.005850
-0.014487
0.005850
-0.014487
-0.003186
-0.015295
-0.003186
-0.015295
0.008563
-0.013068
0.008563
-0.013068
0.012912
-0.008796
0.012912
-0.008796
0.015350
0.002911
0.015350
0.002911
-0.001670
-0.015533
-0.001670
-0.015533
0.009802
-0.012165
0.009802
-0.012165
0.013711
-0.007487
0.013711
-0.007487
0.014990
0.004401
0.014990
0.004401
0.014908
-0.004668
0.014908
-0.004668
0.013842
0.007241
0.013842
0.007241
0.010017
0.011987
0.010017
0.011987
-0.001392
0.015559
-0.001392
0.015559
-0.000906
-0.015595
-0.000906
-0.015595
0.010388
-0.011668
0.010388
-0.011668
0.014062
-0.006804
0.014062
-0.006804
0.014755
0.005132
0.014755
0.005132
0.015119
-0.003930
0.015119
-0.003930
0.013470
0.007912
0.013470
0.007912
0.009417
0.012465
0.009417
0.012465
-0.002155
0.015472
-0.002155
0.015472
0.015432
-0.002428
0.015432
-0.002428
0.012629
0.009195
0.012629
0.009195
0.008149
0.013328
0.008149
0.013328
-0.003662
0.015186
-0.003662
0.015186
0.005392
0.014662
0.005392
0.014662
-0.006555
0.014180
-0.006555
0.014180
-0.011483
0.010592
-0.011483
0.010592
-0.015609
-0.000630
-0.015609
-0.000630
-0.000522
-0.015613
-0.000522
-0.015613
0.010671
-0.011410
0.010671
-0.011410
0.014225
-0.006457
0.014225
-0.006457
0.014625
0.005492
0.014625
0.005492
0.015211
-0.003557
0.015211
-0.003557
0.013271
0.008241
0.013271
0.008241
0.009107
0.012692
0.009107
0.012692
-0.002534
0.015414
-0.002534
0.015414
0.015487
-0.002048
0.015487
-0.002048
0.012399
0.009502
0.012399
0.009502
0.007818
0.013525
0.007818
0.013525
-0.004034
0.015091
-0.004034
0.015091
0.005030
0.014791
0.005030
0.014791
-0.006902
0.014015
-0.006902
0.014015
-0.011740
0.010307
-0.011740
0.010307
-0.015589
-0.001013
-0.015589
-0.001013
0.015569
-0.001285
0.015569
-0.001285
0.011918
0.010100
0.011918
0.010100
0.007145
0.013892
0.007145
0.013892
-0.004771
0.014876
-0.004771
0.014876
0.004297
0.015019
0.004297
0.015019
-0.007581
0.013659
-0.007581
0.013659
-0.012232
0.009718
-0.012232
0.009718
-0.015521
-0.001777
-0.015521
-0.001777
0.002805
0.015370
0.002805
0.015370
-0.008885
0.012852
-0.008885
0.012852
-0.013127
0.008474
-0.013127
0.008474
-0.015274
-0.003290
-0.015274
-0.003290
-0.014528
0.005751
-0.014528
0.005751
-0.014338
-0.006206
-0.014338
-0.006206
-0.010872
-0.011221
-0.010872
-0.011221
0.000247
-0.015623
0.000247
-0.015623
-0.000330
-0.015619
-0.000330
-0.015619
0.010811
-0.011278
0.010811
-0.011278
0.014303
-0.006282
0.014303
-0.006282
0.014556
0.005672
0.014556
0.005672
0.015254
-0.003370
0.015254
-0.003370
0.013170
0.008403
0.013170
0.008403
0.008951
0.012804
0.008951
0.012804
-0.002724
0.015383
-0.002724
0.015383
0.015511
-0.001857
0.015511
-0.001857
0.012281
0.009654
0.012281
0.009654
0.007651
0.013620
0.007651
0.013620
-0.004220
0.015041
-0.004220
0.015041
0.004848
0.014852
0.004848
0.014852
-0.007074
0.013929
-0.007074
0.013929
-0.011866
0.010162
-0.011866
0.010162
-0.015576
-0.001205
-0.015576
-0.001205
0.015584
-0.001094
0.015584
-0.001094
0.011793
0.010246
0.011793
0.010246
0.006974
0.013979
0.006974
0.013979
-0.004953
0.014816
-0.004953
0.014816
0.004112
0.015072
0.004112
0.015072
-0.007749
0.013566
-0.007749
0.013566
-0.012351
0.009567
-0.012351
0.009567
-0.015498
-0.001969
-0.015498
-0.001969
0.002615
0.015403
0.002615
0.015403
-0.009042
0.012741
-0.009042
0.012741
-0.013230
0.008311
-0.013230
0.008311
-0.015231
-0.003478
-0.015231
-0.003478
-0.014598
0.005572
-0.014598
0.005572
-0.014261
-0.006382
-0.014261
-0.006382
-0.010734
-0.011354
-0.010734
-0.011354
0.000439
-0.015619
0.000439
-0.015619
0.015607
-0.000710
0.015607
-0.000710
0.011538
0.010533
0.011538
0.010533
0.006629
0.014147
0.006629
0.014147
-0.005316
0.014691
-0.005316
0.014691
0.003741
0.015169
0.003741
0.015169
-0.008080
0.013371
-0.008080
0.013371
-0.012583
0.009261
-0.012583
0.009261
-0.015446
-0.002349
-0.015446
-0.002349
0.002236
0.015463
0.002236
0.015463
-0.009352
0.012516
-0.009352
0.012516
-0.013431
0.007984
-0.013431
0.007984
-0.015142
-0.003851
-0.015142
-0.003851
-0.014731
0.005211
-0.014731
0.005211
-0.014101
-0.006731
-0.014101
-0.006731
-0.010452
-0.011615
-0.010452
-0.011615
0.000823
-0.015603
0.000823
-0.015603
0.001476
0.015555
0.001476
0.015555
-0.009956
0.012043
-0.009956
0.012043
-0.013807
0.007317
-0.013807
0.007317
-0.014936
-0.004589
-0.014936
-0.004589
-0.014969
0.004483
-0.014969
0.004483
-0.013754
-0.007415
-0.013754
-0.007415
-0.009870
-0.012114
-0.009870
-0.012114
0.001587
-0.015545
0.001587
-0.015545
-0.015336
0.002995
-0.015336
0.002995
-0.012962
-0.008727
-0.012962
-0.008727
-0.008636
-0.013022
-0.008636
-0.013022
0.003102
-0.015315
0.003102
-0.015315
-0.005930
-0.014456
-0.005930
-0.014456
0.006030
-0.014415
0.006030
-0.014415
0.011086
-0.011010
0.011086
-0.011010
0.015625
0.000054
0.015625
0.000054
-0.015624
0.000091
-0.015624
0.000091
-0.011112
-0.010984
-0.011112
-0.010984
-0.006063
-0.014400
-0.006063
-0.014400
0.005896
-0.014470
0.005896
-0.014470
-0.003138
-0.015306
-0.003138
-0.015306
0.008604
-0.013041
0.008604
-0.013041
0.012940
-0.008756
0.012940
-0.008756
0.015341
0.002959
0.015341
0.002959
-0.001622
-0.015538
-0.001622
-0.015538
0.009840
-0.012135
0.009840
-0.012135
0.013734
-0.007445
0.013734
-0.007445
0.014977
0.004447
0.014977
0.004447
0.014923
-0.004622
0.014923
-0.004622
0.013820
0.007283
0.013820
0.007283
0.009981
0.012018
0.009981
0.012018
-0.001440
0.015556
-0.001440
0.015556
-0.000857
-0.015599
-0.000857
-0.015599
0.010424
-0.011636
0.010424
-0.011636
0.014083
-0.006761
0.014083
-0.006761
0.014739
0.005177
0.014739
0.005177
0.015131
-0.003883
0.015131
-0.003883
0.013446
0.007953
0.013446
0.007953
0.009378
0.012493
0.009378
0.012493
-0.002202
0.015465
-0.002202
0.015465
0.015439
-0.002381
0.015439
-0.002381
0.012600
0.009233
0.012600
0.009233
0.008108
0.013353
0.008108
0.013353
-0.003709
0.015175
-0.003709
0.015175
0.005346
0.014678
0.005346
0.014678
-0.006599
0.014159
-0.006599
0.014159
-0.011516
0.010557
-0.011516
0.010557
-0.015607
-0.000678
-0.015607
-0.000678
-0.000474
-0.015615
-0.000474
-0.015615
0.010707
-0.011376
0.010707
-0.011376
0.014245
-0.006413
0.014245
-0.006413
0.014607
0.005538
0.014607
0.005538
0.015222
-0.003510
0.015222
-0.003510
0.013245
0.008281
0.013245
0.008281
0.009068
0.012721
0.009068
0.012721
-0.002583
0.015407
-0.002583
0.015407
0.015493
-0.002000
0.015493
-0.002000
0.012370
0.009541
0.012370
0.009541
0.007777
0.013548
0.007777
0.013548
-0.004081
0.015079
-0.004081
0.015079
0.004984
0.014806
0.004984
0.014806
-0.006945
0.013993
-0.006945
0.013993
-0.011772
0.010271
-0.011772
0.010271
-0.015586
-0.001061
-0.015586
-0.001061
0.015573
-0.001237
0.015573
-0.001237
0.011887
0.010137
0.011887
0.010137
0.007103
0.013915
0.007103
0.013915
-0.004816
0.014861
-0.004816
0.014861
0.004251
0.015033
0.004251
0.015033
-0.007624
0.013636
-0.007624
0.013636
-0.012262
0.009681
-0.012262
0.009681
-0.015516
-0.001825
-0.015516
-0.001825
0.002757
0.015378
0.002757
0.015378
-0.008924
0.012824
-0.008924
0.012824
-0.013152
0.008433
-0.013152
0.008433
-0.015263
-0.003337
-0.015263
-0.003337
-0.014545
0.005706
-0.014545
0.005706
-0.014319
-0.006250
-0.014319
-0.006250
-0.010837
-0.011254
-0.010837
-0.011254
0.000295
-0.015621
0.000295
-0.015621
-0.000282
-0.015620
-0.000282
-0.015620
0.010846
-0.011244
0.010846
-0.011244
0.014323
-0.006237
0.014323
-0.006237
0.014538
0.005717
0.014538
0.005717
0.015264
-0.003322
0.015264
-0.003322
0.013143
0.008444
0.013143
0.008444
0.008911
0.012831
0.008911
0.012831
-0.002772
0.015373
-0.002772
0.015373
0.015517
-0.001809
0.015517
-0.001809
0.012252
0.009692
0.012252
0.009692
0.007609
0.013643
0.007609
0.013643
-0.004266
0.015028
-0.004266
0.015028
0.004802
0.014867
0.004802
0.014867
-0.007117
0.013907
-0.007117
0.013907
-0.011898
0.010126
-0.011898
0.010126
-0.015572
-0.001253
-0.015572
-0.001253
0.015587
-0.001045
0.015587
-0.001045
0.011761
0.010283
0.011761
0.010283
0.006931
0.014001
0.006931
0.014001
-0.004999
0.014801
-0.004999
0.014801
0.004066
0.015085
0.004066
0.015085
-0.007792
0.013541
-0.007792
0.013541
-0.012381
0.009529
-0.012381
0.009529
-0.015492
-0.002016
-0.015492
-0.002016
0.002568
0.015412
0.002568
0.015412
-0.009082
0.012714
-0.009082
0.012714
-0.013256
0.008270
-0.013256
0.008270
-0.015221
-0.003526
-0.015221
-0.003526
-0.014615
0.005526
-0.014615
0.005526
-0.014241
-0.006427
-0.014241
-0.006427
-0.010699
-0.011388
-0.010699
-0.011388
0.000488
-0.015618
0.000488
-0.015618
0.015609
-0.000663
0.015609
-0.000663
0.011507
0.010569
0.011507
0.010569
0.006586
0.014168
0.006586
0.014168
-0.005361
0.014675
-0.005361
0.014675
0.003695
0.015181
0.003695
0.015181
-0.008122
0.013347
-0.008122
0.013347
-0.012611
0.009224
-0.012611
0.009224
-0.015439
-0.002396
-0.015439
-0.002396
0.002189
0.015471
0.002189
0.015471
-0.009392
0.012488
-0.009392
0.012488
-0.013456
0.007943
-0.013456
0.007943
-0.015131
-0.003898
-0.015131
-0.003898
-0.014747
0.005166
-0.014747
0.005166
-0.014081
-0.006775
-0.014081
-0.006775
-0.010417
-0.011647
-0.010417
-0.011647
0.000870
-0.015601
0.000870
-0.015601
0.001428
0.015561
0.001428
0.015561
-0.009993
0.012012
-0.009993
0.012012
-0.013829
0.007274
-0.013829
0.007274
-0.014922
-0.004635
-0.014922
-0.004635
-0.014983
0.004436
-0.014983
0.004436
-0.013732
-0.007457
-0.013732
-0.007457
-0.009833
-0.012145
-0.009833
-0.012145
0.001635
-0.015541
0.001635
-0.015541
-0.015346
0.002948
-0.015346
0.002948
-0.012936
-0.008767
-0.012936
-0.008767
-0.008596
-0.013049
-0.008596
-0.013049
0.003149
-0.015306
0.003149
-0.015306
-0.005885
-0.014475
-0.005885
-0.014475
0.006074
-0.014397
0.006074
-0.014397
0.011120
-0.010977
0.011120
-0.010977
0.015625
0.000102
0.015625
0.000102
-0.000186
-0.015622
-0.000186
-0.015622
0.010915
-0.011178
0.010915
-0.011178
0.014362
-0.006150
0.014362
-0.006150
0.014504
0.005806
0.014504
0.005806
0.015285
-0.003229
0.015285
-0.003229
0.013092
0.008525
0.013092
0.008525
0.008832
0.012887
0.008832
0.012887
-0.002867
0.015357
-0.002867
0.015357
0.015528
-0.001714
0.015528
-0.001714
0.012192
0.009768
0.012192
0.009768
0.007526
0.013690
0.007526
0.013690
-0.004359
0.015002
-0.004359
0.015002
0.004710
0.014896
0.004710
0.014896
-0.007202
0.013864
-0.007202
0.013864
-0.011960
0.010052
-0.011960
0.010052
-0.015564
-0.001349
-0.015564
-0.001349
0.015594
-0.000950
0.015594
-0.000950
0.011699
0.010355
0.011699
0.010355
0.006845
0.014044
0.006845
0.014044
-0.005090
0.014771
-0.005090
0.014771
0.003973
0.015110
0.003973
0.015110
-0.007874
0.013494
-0.007874
0.013494
-0.012439
0.009454
-0.012439
0.009454
-0.015480
-0.002111
-0.015480
-0.002111
0.002473
0.015428
0.002473
0.015428
-0.009160
0.012658
-0.009160
0.012658
-0.013307
0.008189
-0.013307
0.008189
-0.015200
-0.003619
-0.015200
-0.003619
-0.014649
0.005436
-0.014649
0.005436
-0.014202
-0.006514
-0.014202
-0.006514
-0.010628
-0.011453
-0.010628
-0.011453
0.000584
-0.015614
0.000584
-0.015614
0.015613
-0.000567
0.015613
-0.000567
0.011441
0.010639
0.011441
0.010639
0.006498
0.014208
0.006498
0.014208
-0.005451
0.014642
-0.005451
0.014642
0.003602
0.015204
0.003602
0.015204
-0.008204
0.013297
-0.008204
0.013297
-0.012668
0.009145
-0.012668
0.009145
-0.015424
-0.002491
-0.015424
-0.002491
0.002094
0.015485
0.002094
0.015485
-0.009469
0.012430
-0.009469
0.012430
-0.013505
0.007860
-0.013505
0.007860
-0.015107
-0.003991
-0.015107
-0.003991
-0.014779
0.005076
-0.014779
0.005076
-0.014039
-0.006861
-0.014039
-0.006861
-0.010345
-0.011711
-0.010345
-0.011711
0.000967
-0.015596
0.000967
-0.015596
0.001333
0.015569
0.001333
0.015569
-0.010067
0.011951
-0.010067
0.011951
-0.013874
0.007189
-0.013874
0.007189
-0.014894
-0.004727
-0.014894
-0.004727
-0.015010
0.004345
-0.015010
0.004345
-0.013686
-0.007542
-0.013686
-0.007542
-0.009759
-0.012204
-0.009759
-0.012204
0.001729
-0.015530
0.001729
-0.015530
-0.015364
0.002854
-0.015364
0.002854
-0.012881
-0.008846
-0.012881
-0.008846
-0.008515
-0.013102
-0.008515
-0.013102
0.003243
-0.015286
0.003243
-0.015286
-0.005796
-0.014511
-0.005796
-0.014511
0.006162
-0.014359
0.006162
-0.014359
0.011188
-0.010908
0.011188
-0.010908
0.015625
0.000198
0.015625
0.000198
0.015620
-0.000375
0.015620
-0.000375
0.011311
0.010779
0.011311
0.010779
0.006324
0.014287
0.006324
0.014287
-0.005630
0.014575
-0.005630
0.014575
0.003415
0.015247
0.003415
0.015247
-0.008366
0.013196
-0.008366
0.013196
-0.012779
0.008990
-0.012779
0.008990
-0.015393
-0.002680
-0.015393
-0.002680
0.001904
0.015509
0.001904
0.015509
-0.009620
0.012313
-0.009620
0.012313
-0.013600
0.007695
-0.013600
0.007695
-0.015058
-0.004176
-0.015058
-0.004176
-0.014840
0.004894
-0.014840
0.004894
-0.013954
-0.007033
-0.013954
-0.007033
-0.010201
-0.011837
-0.010201
-0.011837
0.001158
-0.015583
0.001158
-0.015583
0.001142
0.015584
0.001142
0.015584
-0.010212
0.011827
-0.010212
0.011827
-0.013961
0.007019
-0.013961
0.007019
-0.014835
-0.004909
-0.014835
-0.004909
-0.015063
0.004161
-0.015063
0.004161
-0.013593
-0.007709
-0.013593
-0.007709
-0.009609
-0.012324
-0.009609
-0.012324
0.001920
-0.015509
0.001920
-0.015509
-0.015398
0.002666
-0.015398
0.002666
-0.012773
-0.009004
-0.012773
-0.009004
-0.008355
-0.013206
-0.008355
-0.013206
0.003430
-0.015246
0.003430
-0.015246
-0.005619
-0.014581
-0.005619
-0.014581
0.006338
-0.014284
0.006338
-0.014284
0.011321
-0.010771
0.011321
-0.010771
0.015621
0.000389
0.015621
0.000389
0.000760
0.015608
0.000760
0.015608
-0.010499
0.011574
-0.010499
0.011574
-0.014129
0.006675
-0.014129
0.006675
-0.014710
-0.005271
-0.014710
-0.005271
-0.015160
0.003791
-0.015160
0.003791
-0.013400
-0.008039
-0.013400
-0.008039
-0.009304
-0.012555
-0.009304
-0.012555
0.002300
-0.015457
0.002300
-0.015457
-0.015458
0.002288
-0.015458
0.002288
-0.012548
-0.009314
-0.012548
-0.009314
-0.008029
-0.013406
-0.008029
-0.013406
0.003802
-0.015157
0.003802
-0.015157
-0.005260
-0.014714
-0.005260
-0.014714
0.006685
-0.014124
0.006685
-0.014124
0.011581
-0.010490
0.011581
-0.010490
0.015607
0.000772
0.015607
0.000772
-0.015552
0.001527
-0.015552
0.001527
-0.012076
-0.009917
-0.012076
-0.009917
-0.007362
-0.013783
-0.007362
-0.013783
0.004541
-0.014952
0.004541
-0.014952
-0.004532
-0.014954
-0.004532
-0.014954
0.007370
-0.013779
0.007370
-0.013779
0.012081
-0.009909
0.012081
-0.009909
0.015550
0.001536
0.015550
0.001536
-0.003044
-0.015326
-0.003044
-0.015326
0.008685
-0.012989
0.008685
-0.012989
0.012994
-0.008677
0.012994
-0.008677
0.015324
0.003053
0.015324
0.003053
0.014436
-0.005975
0.014436
-0.005975
0.014433
0.005983
0.014433
0.005983
0.011045
0.011051
0.011045
0.011051
-0.000005
0.015624
-0.000005
0.015624
