0.031250
-0.000047
0.031250
-0.000047
0.022130
0.022063
0.022130
0.022063
0.012002
0.028853
0.012002
0.028853
-0.011914
0.028888
-0.011914
0.028888
0.006142
0.030640
0.006142
0.030640
-0.017323
0.026009
-0.017323
0.026009
-0.025958
0.017401
-0.025958
0.017401
-0.030658
-0.006051
-0.030658
-0.006051
0.003109
0.031096
0.003109
0.031096
-0.019789
0.024187
-0.019789
0.024187
-0.027539
0.014773
-0.027539
0.014773
-0.029919
-0.009027
-0.029919
-0.009027
-0.029892
0.009117
-0.029892
0.009117
-0.027584
-0.014690
-0.027584
-0.014690
-0.019863
-0.024127
-0.019863
-0.024127
0.003016
-0.031106
0.003016
-0.031106
0.001581
0.031211
0.001581
0.031211
-0.020952
0.023187
-0.020952
0.023187
-0.028230
0.013405
-0.028230
0.013405
-0.029440
-0.010484
-0.029440
-0.010484
-0.030303
0.007640
-0.030303
0.007640
-0.026830
-0.016026
-0.026830
-0.016026
-0.018655
-0.025073
-0.018655
-0.025073
0.004539
-0.030921
0.004539
-0.030921
-0.030907
0.004634
-0.030907
0.004634
-0.025131
-0.018578
-0.025131
-0.018578
-0.016109
-0.026780
-0.016109
-0.026780
0.007546
-0.030327
0.007546
-0.030327
-0.010576
-0.029408
-0.010576
-0.029408
0.013317
-0.028272
0.013317
-0.028272
0.023122
-0.021024
0.023122
-0.021024
0.031216
0.001484
0.031216
0.001484
0.000814
0.031241
0.000814
0.031241
-0.021514
0.022667
-0.021514
0.022667
-0.028551
0.012708
-0.028551
0.012708
-0.029175
-0.011203
-0.029175
-0.011203
-0.030482
0.006894
-0.030482
0.006894
-0.026429
-0.016679
-0.026429
-0.016679
-0.018035
-0.025523
-0.018035
-0.025523
0.005295
-0.030800
0.005295
-0.030800
-0.031011
0.003875
-0.031011
0.003875
-0.024668
-0.019188
-0.024668
-0.019188
-0.015447
-0.027168
-0.015447
-0.027168
0.008288
-0.030133
0.008288
-0.030133
-0.009851
-0.029658
-0.009851
-0.029658
0.014006
-0.027937
0.014006
-0.027937
0.023631
-0.020450
0.023631
-0.020450
0.031170
0.002249
0.031170
0.002249
-0.031163
0.002349
-0.031163
0.002349
-0.023696
-0.020375
-0.023696
-0.020375
-0.014096
-0.027892
-0.014096
-0.027892
0.009756
-0.029689
0.009756
-0.029689
-0.008384
-0.030105
-0.008384
-0.030105
0.015359
-0.027215
0.015359
-0.027215
0.024605
-0.019266
0.024605
-0.019266
0.031022
0.003775
0.031022
0.003775
-0.005392
-0.030781
-0.005392
-0.030781
0.017953
-0.025578
0.017953
-0.025578
0.026374
-0.016761
0.026374
-0.016761
0.030501
0.006798
0.030501
0.006798
0.029137
-0.011293
0.029137
-0.011293
0.028589
0.012618
0.028589
0.012618
0.021584
0.022598
0.021584
0.022598
-0.000717
0.031241
-0.000717
0.031241
0.000432
0.031248
0.000432
0.031248
-0.021790
0.022401
-0.021790
0.022401
-0.028704
0.012357
-0.028704
0.012357
-0.029034
-0.011559
-0.029034
-0.011559
-0.030564
0.006521
-0.030564
0.006521
-0.026222
-0.017001
-0.026222
-0.017001
-0.017720
-0.025742
-0.017720
-0.025742
0.005672
-0.030733
0.005672
-0.030733
-0.031056
0.003495
-0.031056
0.003495
-0.024431
-0.019489
-0.024431
-0.019489
-0.015113
-0.027354
-0.015113
-0.027354
0.008656
-0.030029
0.008656
-0.030029
-0.009486
-0.029776
-0.009486
-0.029776
0.014347
-0.027763
0.014347
-0.027763
0.023880
-0.020159
0.023880
-0.020159
0.031141
0.002631
0.031141
0.002631
-0.031189
0.001967
-0.031189
0.001967
-0.023444
-0.020663
-0.023444
-0.020663
-0.013753
-0.028062
-0.013753
-0.028062
0.010119
-0.029568
0.010119
-0.029568
-0.008014
-0.030205
-0.008014
-0.030205
0.015692
-0.027026
0.015692
-0.027026
0.024840
-0.018963
0.024840
-0.018963
0.030973
0.004155
0.030973
0.004155
-0.005015
-0.030845
-0.005015
-0.030845
0.018265
-0.025357
0.018265
-0.025357
0.026577
-0.016436
0.026577
-0.016436
0.030416
0.007171
0.030416
0.007171
0.029274
-0.010935
0.029274
-0.010935
0.028432
0.012967
0.028432
0.012967
0.021305
0.022860
0.021305
0.022860
-0.001100
0.031229
-0.001100
0.031229
-0.031227
0.001201
-0.031227
0.001201
-0.022930
-0.021232
-0.022930
-0.021232
-0.013060
-0.028391
-0.013060
-0.028391
0.010841
-0.029310
0.010841
-0.029310
-0.007271
-0.030392
-0.007271
-0.030392
0.016350
-0.026632
0.016350
-0.026632
0.025296
-0.018347
0.025296
-0.018347
0.030861
0.004914
0.030861
0.004914
-0.004256
-0.030958
-0.004256
-0.030958
0.018881
-0.024900
0.018881
-0.024900
0.026972
-0.015779
0.026972
-0.015779
0.030230
0.007915
0.030230
0.007915
0.029532
-0.010213
0.029532
-0.010213
0.028104
0.013660
0.028104
0.013660
0.020737
0.023376
0.020737
0.023376
-0.001866
0.031193
-0.001866
0.031193
-0.002732
-0.031128
-0.002732
-0.031128
0.020080
-0.023943
0.020080
-0.023943
0.027713
-0.014436
0.027713
-0.014436
0.029804
0.009389
0.029804
0.009389
0.029997
-0.008750
0.029997
-0.008750
0.027399
0.015023
0.027399
0.015023
0.019564
0.024365
0.019564
0.024365
-0.003394
0.031062
-0.003394
0.031062
0.030710
-0.005768
0.030710
-0.005768
0.025794
0.017637
0.025794
0.017637
0.017081
0.026166
0.017081
0.026166
-0.006423
0.030580
-0.006423
0.030580
0.011648
0.028996
0.011648
0.028996
-0.012267
0.028739
-0.012267
0.028739
-0.022331
0.021858
-0.022331
0.021858
-0.031246
-0.000335
-0.031246
-0.000335
0.000240
0.031250
0.000240
0.031250
-0.021927
0.022267
-0.021927
0.022267
-0.028779
0.012181
-0.028779
0.012181
-0.028962
-0.011737
-0.028962
-0.011737
-0.030603
0.006333
-0.030603
0.006333
-0.026117
-0.017162
-0.026117
-0.017162
-0.017562
-0.025849
-0.017562
-0.025849
0.005860
-0.030697
0.005860
-0.030697
-0.031076
0.003304
-0.031076
0.003304
-0.024310
-0.019638
-0.024310
-0.019638
-0.014945
-0.027446
-0.014945
-0.027446
0.008840
-0.029975
0.008840
-0.029975
-0.009303
-0.029833
-0.009303
-0.029833
0.014518
-0.027674
0.014518
-0.027674
0.024002
-0.020012
0.024002
-0.020012
0.031123
0.002822
0.031123
0.002822
-0.031201
0.001775
-0.031201
0.001775
-0.023317
-0.020807
-0.023317
-0.020807
-0.013580
-0.028146
-0.013580
-0.028146
0.010301
-0.029504
0.010301
-0.029504
-0.007828
-0.030253
-0.007828
-0.030253
0.015857
-0.026928
0.015857
-0.026928
0.024955
-0.018809
0.024955
-0.018809
0.030946
0.004345
0.030946
0.004345
-0.004825
-0.030874
-0.004825
-0.030874
0.018420
-0.025244
0.018420
-0.025244
0.026677
-0.016273
0.026677
-0.016273
0.030371
0.007357
0.030371
0.007357
0.029339
-0.010755
0.029339
-0.010755
0.028351
0.013141
0.028351
0.013141
0.021163
0.022990
0.021163
0.022990
-0.001291
0.031221
-0.001291
0.031221
-0.031233
0.001009
-0.031233
0.001009
-0.022798
-0.021372
-0.022798
-0.021372
-0.012885
-0.028470
-0.012885
-0.028470
0.011020
-0.029242
0.011020
-0.029242
-0.007084
-0.030435
-0.007084
-0.030435
0.016512
-0.026530
0.016512
-0.026530
0.025408
-0.018191
0.025408
-0.018191
0.030830
0.005103
0.030830
0.005103
-0.004066
-0.030982
-0.004066
-0.030982
0.019033
-0.024783
0.019033
-0.024783
0.027067
-0.015613
0.027067
-0.015613
0.030180
0.008100
0.030180
0.008100
0.029593
-0.010031
0.029593
-0.010031
0.028019
0.013832
0.028019
0.013832
0.020593
0.023502
0.020593
0.023502
-0.002057
0.031179
-0.002057
0.031179
-0.002540
-0.031144
-0.002540
-0.031144
0.020226
-0.023819
0.020226
-0.023819
0.027801
-0.014265
0.027801
-0.014265
0.029746
0.009571
0.029746
0.009571
0.030049
-0.008567
0.030049
-0.008567
0.027306
0.015190
0.027306
0.015190
0.019414
0.024484
0.019414
0.024484
-0.003585
0.031040
-0.003585
0.031040
0.030745
-0.005579
0.030745
-0.005579
0.025685
0.017795
0.025685
0.017795
0.016920
0.026269
0.016920
0.026269
-0.006611
0.030539
-0.006611
0.030539
0.011469
0.029066
0.011469
0.029066
-0.012443
0.028663
-0.012443
0.028663
-0.022465
0.021720
-0.022465
0.021720
-0.031243
-0.000527
-0.031243
-0.000527
-0.031243
0.000626
-0.031243
0.000626
-0.022534
-0.021650
-0.022534
-0.021650
-0.012534
-0.028625
-0.012534
-0.028625
0.011379
-0.029104
0.011379
-0.029104
-0.006709
-0.030519
-0.006709
-0.030519
0.016837
-0.026325
0.016837
-0.026325
0.025629
-0.017878
0.025629
-0.017878
0.030764
0.005481
0.030764
0.005481
-0.003685
-0.031029
-0.003685
-0.031029
0.019336
-0.024547
0.019336
-0.024547
0.027257
-0.015279
0.027257
-0.015279
0.030078
0.008470
0.030078
0.008470
0.029714
-0.009667
0.029714
-0.009667
0.027847
0.014175
0.027847
0.014175
0.020302
0.023753
0.020302
0.023753
-0.002440
0.031152
-0.002440
0.031152
-0.002157
-0.031173
-0.002157
-0.031173
0.020517
-0.023568
0.020517
-0.023568
0.027974
-0.013922
0.027974
-0.013922
0.029625
0.009936
0.029625
0.009936
0.030152
-0.008197
0.030152
-0.008197
0.027117
0.015525
0.027117
0.015525
0.019111
0.024720
0.019111
0.024720
-0.003966
0.030993
-0.003966
0.030993
0.030811
-0.005201
0.030811
-0.005201
0.025464
0.018109
0.025464
0.018109
0.016595
0.026476
0.016595
0.026476
-0.006986
0.030456
-0.006986
0.030456
0.011111
0.029205
0.011111
0.029205
-0.012794
0.028508
-0.012794
0.028508
-0.022730
0.021442
-0.022730
0.021442
-0.031234
-0.000911
-0.031234
-0.000911
-0.001391
-0.031216
-0.001391
-0.031216
0.021090
-0.023057
0.021090
-0.023057
0.028308
-0.013231
0.028308
-0.013231
0.029373
0.010660
0.029373
0.010660
0.030344
-0.007453
0.030344
-0.007453
0.026727
0.016186
0.026727
0.016186
0.018499
0.025182
0.018499
0.025182
-0.004726
0.030887
-0.004726
0.030887
0.030929
-0.004443
0.030929
-0.004443
0.025012
0.018729
0.025012
0.018729
0.015940
0.026875
0.015940
0.026875
-0.007732
0.030275
-0.007732
0.030275
0.010391
0.029469
0.010391
0.029469
-0.013490
0.028185
-0.013490
0.028185
-0.023250
0.020878
-0.023250
0.020878
-0.031203
-0.001678
-0.031203
-0.001678
0.031110
-0.002919
0.031110
-0.002919
0.024063
0.019934
0.024063
0.019934
0.014602
0.027626
0.014602
0.027626
-0.009209
0.029859
-0.009209
0.029859
0.008932
0.029944
0.008932
0.029944
-0.014858
0.027489
-0.014858
0.027489
-0.024246
0.019711
-0.024246
0.019711
-0.031082
-0.003207
-0.031082
-0.003207
0.005954
0.030676
0.005954
0.030676
-0.017481
0.025901
-0.017481
0.025901
-0.026062
0.017240
-0.026062
0.017240
-0.030619
-0.006238
-0.030619
-0.006238
-0.028926
0.011825
-0.028926
0.011825
-0.028815
-0.012092
-0.028815
-0.012092
-0.021994
-0.022198
-0.021994
-0.022198
0.000145
-0.031249
0.000145
-0.031249
0.000144
0.031250
0.000144
0.031250
-0.021995
0.022198
-0.021995
0.022198
-0.028816
0.012092
-0.028816
0.012092
-0.028926
-0.011826
-0.028926
-0.011826
-0.030622
0.006239
-0.030622
0.006239
-0.026064
-0.017241
-0.026064
-0.017241
-0.017482
-0.025903
-0.017482
-0.025903
0.005955
-0.030678
0.005955
-0.030678
-0.031085
0.003208
-0.031085
0.003208
-0.024248
-0.019712
-0.024248
-0.019712
-0.014859
-0.027491
-0.014859
-0.027491
0.008932
-0.029947
0.008932
-0.029947
-0.009211
-0.029861
-0.009211
-0.029861
0.014603
-0.027628
0.014603
-0.027628
0.024063
-0.019937
0.024063
-0.019937
0.031113
0.002918
0.031113
0.002918
-0.031205
0.001679
-0.031205
0.001679
-0.023252
-0.020878
-0.023252
-0.020878
-0.013493
-0.028187
-0.013493
-0.028187
0.010391
-0.029472
0.010391
-0.029472
-0.007735
-0.030277
-0.007735
-0.030277
0.015939
-0.026879
0.015939
-0.026879
0.025012
-0.018733
0.025012
-0.018733
0.030933
0.004439
0.030933
0.004439
-0.004731
-0.030889
-0.004731
-0.030889
0.018497
-0.025187
0.018497
-0.025187
0.026727
-0.016191
0.026727
-0.016191
0.030348
0.007450
0.030348
0.007450
0.029372
-0.010665
0.029372
-0.010665
0.028310
0.013228
0.028310
0.013228
0.021093
0.023055
0.021093
0.023055
-0.001387
0.031217
-0.001387
0.031217
-0.031236
0.000913
-0.031236
0.000913
-0.022732
-0.021442
-0.022732
-0.021442
-0.012797
-0.028509
-0.012797
-0.028509
0.011110
-0.029208
0.011110
-0.029208
-0.006990
-0.030457
-0.006990
-0.030457
0.016593
-0.026479
0.016593
-0.026479
0.025463
-0.018113
0.025463
-0.018113
0.030813
0.005197
0.030813
0.005197
-0.003971
-0.030994
-0.003971
-0.030994
0.019109
-0.024724
0.019109
-0.024724
0.027116
-0.015530
0.027116
-0.015530
0.030155
0.008193
0.030155
0.008193
0.029624
-0.009940
0.029624
-0.009940
0.027976
0.013918
0.027976
0.013918
0.020520
0.023565
0.020520
0.023565
-0.002153
0.031173
-0.002153
0.031173
-0.002445
-0.031151
-0.002445
-0.031151
0.020299
-0.023756
0.020299
-0.023756
0.027844
-0.014179
0.027844
-0.014179
0.029716
0.009662
0.029716
0.009662
0.030076
-0.008474
0.030076
-0.008474
0.027259
0.015274
0.027259
0.015274
0.019338
0.024543
0.019338
0.024543
-0.003680
0.031029
-0.003680
0.031029
0.030761
-0.005484
0.030761
-0.005484
0.025630
0.017874
0.025630
0.017874
0.016839
0.026322
0.016839
0.026322
-0.006705
0.030519
-0.006705
0.030519
0.011380
0.029101
0.011380
0.029101
-0.012531
0.028624
-0.012531
0.028624
-0.022532
0.021650
-0.022532
0.021650
-0.031241
-0.000623
-0.031241
-0.000623
-0.031245
0.000529
-0.031245
0.000529
-0.022467
-0.021719
-0.022467
-0.021719
-0.012446
-0.028664
-0.012446
-0.028664
0.011468
-0.029069
0.011468
-0.029069
-0.006615
-0.030540
-0.006615
-0.030540
0.016918
-0.026273
0.016918
-0.026273
0.025684
-0.017798
0.025684
-0.017798
0.030747
0.005576
0.030747
0.005576
-0.003590
-0.031041
-0.003590
-0.031041
0.019411
-0.024487
0.019411
-0.024487
0.027304
-0.015195
0.027304
-0.015195
0.030052
0.008562
0.030052
0.008562
0.029743
-0.009576
0.029743
-0.009576
0.027803
0.014260
0.027803
0.014260
0.020229
0.023815
0.020229
0.023815
-0.002536
0.031143
-0.002536
0.031143
-0.002061
-0.031178
-0.002061
-0.031178
0.020589
-0.023504
0.020589
-0.023504
0.028017
-0.013836
0.028017
-0.013836
0.029594
0.010027
0.029594
0.010027
0.030177
-0.008103
0.030177
-0.008103
0.027069
0.015609
0.027069
0.015609
0.019035
0.024779
0.019035
0.024779
-0.004062
0.030981
-0.004062
0.030981
0.030827
-0.005106
0.030827
-0.005106
0.025409
0.018187
0.025409
0.018187
0.016514
0.026526
0.016514
0.026526
-0.007079
0.030434
-0.007079
0.030434
0.011021
0.029239
0.011021
0.029239
-0.012882
0.028468
-0.012882
0.028468
-0.022796
0.021372
-0.022796
0.021372
-0.031231
-0.001007
-0.031231
-0.001007
-0.001295
-0.031220
-0.001295
-0.031220
0.021160
-0.022992
0.021160
-0.022992
0.028347
-0.013144
0.028347
-0.013144
0.029339
0.010751
0.029339
0.010751
0.030367
-0.007360
0.030367
-0.007360
0.026677
0.016268
0.026677
0.016268
0.018421
0.025239
0.018421
0.025239
-0.004821
0.030872
-0.004821
0.030872
0.030942
-0.004347
0.030942
-0.004347
0.024954
0.018806
0.024954
0.018806
0.015857
0.026923
0.015857
0.026923
-0.007825
0.030250
-0.007825
0.030250
0.010300
0.029500
0.010300
0.029500
-0.013577
0.028143
-0.013577
0.028143
-0.023313
0.020806
-0.023313
0.020806
-0.031196
-0.001773
-0.031196
-0.001773
0.031119
-0.002823
0.031119
-0.002823
0.024001
0.020008
0.024001
0.020008
0.014517
0.027670
0.014517
0.027670
-0.009300
0.029831
-0.009300
0.029831
0.008839
0.029971
0.008839
0.029971
-0.014942
0.027443
-0.014942
0.027443
-0.024307
0.019636
-0.024307
0.019636
-0.031072
-0.003303
-0.031072
-0.003303
0.005859
0.030694
0.005859
0.030694
-0.017560
0.025847
-0.017560
0.025847
-0.026115
0.017160
-0.026115
0.017160
-0.030600
-0.006333
-0.030600
-0.006333
-0.028962
0.011736
-0.028962
0.011736
-0.028777
-0.012181
-0.028777
-0.012181
-0.021926
-0.022265
-0.021926
-0.022265
0.000241
-0.031248
0.000241
-0.031248
-0.031248
0.000337
-0.031248
0.000337
-0.022334
-0.021857
-0.022334
-0.021857
-0.012269
-0.028739
-0.012269
-0.028739
0.011647
-0.028998
0.011647
-0.028998
-0.006427
-0.030580
-0.006427
-0.030580
0.017079
-0.026168
0.017079
-0.026168
0.025793
-0.017640
0.025793
-0.017640
0.030712
0.005765
0.030712
0.005765
-0.003398
-0.031062
-0.003398
-0.031062
0.019562
-0.024368
0.019562
-0.024368
0.027397
-0.015027
0.027397
-0.015027
0.029998
0.008747
0.029998
0.008747
0.029802
-0.009392
0.029802
-0.009392
0.027715
0.014432
0.027715
0.014432
0.020082
0.023939
0.020082
0.023939
-0.002727
0.031127
-0.002727
0.031127
-0.001870
-0.031190
-0.001870
-0.031190
0.020733
-0.023377
0.020733
-0.023377
0.028101
-0.013663
0.028101
-0.013663
0.029532
0.010209
0.029532
0.010209
0.030226
-0.007918
0.030226
-0.007918
0.026972
0.015774
0.026972
0.015774
0.018882
0.024896
0.018882
0.024896
-0.004252
0.030955
-0.004252
0.030955
0.030857
-0.004916
0.030857
-0.004916
0.025296
0.018342
0.025296
0.018342
0.016351
0.026627
0.016351
0.026627
-0.007266
0.030389
-0.007266
0.030389
0.010842
0.029306
0.010842
0.029306
-0.013056
0.028388
-0.013056
0.028388
-0.022926
0.021231
-0.022926
0.021231
-0.031224
-0.001199
-0.031224
-0.001199
-0.001103
-0.031227
-0.001103
-0.031227
0.021302
-0.022861
0.021302
-0.022861
0.028428
-0.012969
0.028428
-0.012969
0.029273
0.010931
0.029273
0.010931
0.030412
-0.007174
0.030412
-0.007174
0.026577
0.016432
0.026577
0.016432
0.018265
0.025352
0.018265
0.025352
-0.005011
0.030843
-0.005011
0.030843
0.030968
-0.004157
0.030968
-0.004157
0.024838
0.018959
0.024838
0.018959
0.015692
0.027020
0.015692
0.027020
-0.008011
0.030202
-0.008011
0.030202
0.010119
0.029563
0.010119
0.029563
-0.013749
0.028059
-0.013749
0.028059
-0.023441
0.020662
-0.023441
0.020662
-0.031185
-0.001965
-0.031185
-0.001965
0.031136
-0.002632
0.031136
-0.002632
0.023877
0.020155
0.023877
0.020155
0.014346
0.027759
0.014346
0.027759
-0.009484
0.029773
-0.009484
0.029773
0.008655
0.030025
0.008655
0.030025
-0.015111
0.027350
-0.015111
0.027350
-0.024428
0.019486
-0.024428
0.019486
-0.031051
-0.003494
-0.031051
-0.003494
0.005671
0.030730
0.005671
0.030730
-0.017719
0.025739
-0.017719
0.025739
-0.026221
0.016999
-0.026221
0.016999
-0.030560
-0.006521
-0.030560
-0.006521
-0.029033
0.011557
-0.029033
0.011557
-0.028702
-0.012357
-0.028702
-0.012357
-0.021789
-0.022400
-0.021789
-0.022400
0.000433
-0.031246
0.000433
-0.031246
-0.000720
-0.031239
-0.000720
-0.031239
0.021580
-0.022599
0.021580
-0.022599
0.028585
-0.012620
0.028585
-0.012620
0.029137
0.011290
0.029137
0.011290
0.030498
-0.006799
0.030498
-0.006799
0.026373
0.016757
0.026373
0.016757
0.017953
0.025575
0.017953
0.025575
-0.005389
0.030779
-0.005389
0.030779
0.031018
-0.003777
0.031018
-0.003777
0.024604
0.019262
0.024604
0.019262
0.015359
0.027212
0.015359
0.027212
-0.008381
0.030102
-0.008381
0.030102
0.009754
0.029686
0.009754
0.029686
-0.014093
0.027888
-0.014093
0.027888
-0.023694
0.020372
-0.023694
0.020372
-0.031159
-0.002348
-0.031159
-0.002348
0.031167
-0.002249
0.031167
-0.002249
0.023629
0.020447
0.023629
0.020447
0.014005
0.027933
0.014005
0.027933
-0.009848
0.029655
-0.009848
0.029655
0.008286
0.030129
0.008286
0.030129
-0.015445
0.027163
-0.015445
0.027163
-0.024665
0.019185
-0.024665
0.019185
-0.031006
-0.003875
-0.031006
-0.003875
0.005293
0.030797
0.005293
0.030797
-0.018034
0.025520
-0.018034
0.025520
-0.026428
0.016676
-0.026428
0.016676
-0.030479
-0.006895
-0.030479
-0.006895
-0.029174
0.011200
-0.029174
0.011200
-0.028548
-0.012709
-0.028548
-0.012709
-0.021512
-0.022666
-0.021512
-0.022666
0.000817
-0.031239
0.000817
-0.031239
0.031212
-0.001484
0.031212
-0.001484
0.023120
0.021021
0.023120
0.021021
0.013315
0.028269
0.013315
0.028269
-0.010573
0.029404
-0.010573
0.029404
0.007544
0.030324
0.007544
0.030324
-0.016108
0.026777
-0.016108
0.026777
-0.025129
0.018575
-0.025129
0.018575
-0.030903
-0.004635
-0.030903
-0.004635
0.004536
0.030918
0.004536
0.030918
-0.018655
0.025070
-0.018655
0.025070
-0.026829
0.016022
-0.026829
0.016022
-0.030300
-0.007642
-0.030300
-0.007642
-0.029440
0.010481
-0.029440
0.010481
-0.028228
-0.013406
-0.028228
-0.013406
-0.020950
-0.023187
-0.020950
-0.023187
0.001583
-0.031210
0.001583
-0.031210
0.003013
0.031104
0.003013
0.031104
-0.019863
0.024125
-0.019863
0.024125
-0.027583
0.014688
-0.027583
0.014688
-0.029890
-0.009119
-0.029890
-0.009119
-0.029919
0.009025
-0.029919
0.009025
-0.027537
-0.014775
-0.027537
-0.014775
-0.019787
-0.024188
-0.019787
-0.024188
0.003112
-0.031096
0.003112
-0.031096
-0.030660
0.006050
-0.030660
0.006050
-0.025958
-0.017402
-0.025958
-0.017402
-0.017323
-0.026010
-0.017323
-0.026010
0.006144
-0.030641
0.006144
-0.030641
-0.011916
-0.028889
-0.011916
-0.028889
0.012003
-0.028854
0.012003
-0.028854
0.022130
-0.022063
0.022130
-0.022063
0.031250
0.000047
0.031250
0.000047
