0.015612
-0.015635
0.015612
-0.015635
0.022096
-0.000016
0.022096
-0.000016
0.020420
0.008440
0.020420
0.008440
0.008471
0.020407
0.008471
0.020407
0.018381
0.012263
0.018381
0.012263
0.004326
0.021668
0.004326
0.021668
-0.004296
0.021674
-0.004296
0.021674
-0.018363
0.012288
-0.018363
0.012288
0.017090
0.014006
0.017090
0.014006
0.002181
0.021989
0.002181
0.021989
-0.006400
0.021149
-0.006400
0.021149
-0.019480
0.010429
-0.019480
0.010429
-0.010403
0.019495
-0.010403
0.019495
-0.021141
0.006429
-0.021141
0.006429
-0.021992
-0.002150
-0.021992
-0.002150
-0.014030
-0.017072
-0.014030
-0.017072
0.016384
0.014829
0.016384
0.014829
0.001100
0.022070
0.001100
0.022070
-0.007430
0.020811
-0.007430
0.020811
-0.019969
0.009462
-0.019969
0.009462
-0.011348
0.018962
-0.011348
0.018962
-0.021432
0.005384
-0.021432
0.005384
-0.021862
-0.003227
-0.021862
-0.003227
-0.013176
-0.017741
-0.013176
-0.017741
-0.013152
0.017760
-0.013152
0.017760
-0.021858
0.003258
-0.021858
0.003258
-0.021441
-0.005354
-0.021441
-0.005354
-0.011374
-0.018946
-0.011374
-0.018946
-0.019984
-0.009434
-0.019984
-0.009434
-0.007460
-0.020802
-0.007460
-0.020802
0.001068
-0.022073
0.001068
-0.022073
0.016363
-0.014853
0.016363
-0.014853
0.016015
0.015226
0.016015
0.015226
0.000558
0.022091
0.000558
0.022091
-0.007939
0.020623
-0.007939
0.020623
-0.020196
0.008969
-0.020196
0.008969
-0.011810
0.018678
-0.011810
0.018678
-0.021558
0.004857
-0.021558
0.004857
-0.021776
-0.003763
-0.021776
-0.003763
-0.012737
-0.018059
-0.012737
-0.018059
-0.013583
0.017432
-0.013583
0.017432
-0.021930
0.002721
-0.021930
0.002721
-0.021303
-0.005878
-0.021303
-0.005878
-0.010906
-0.019220
-0.010906
-0.019220
-0.019747
-0.009920
-0.019747
-0.009920
-0.006948
-0.020978
-0.006948
-0.020978
0.001608
-0.022040
0.001608
-0.022040
0.016723
-0.014447
0.016723
-0.014447
-0.014421
0.016745
-0.014421
0.016745
-0.022038
0.001643
-0.022038
0.001643
-0.020989
-0.006916
-0.020989
-0.006916
-0.009951
-0.019732
-0.009951
-0.019732
-0.019237
-0.010877
-0.019237
-0.010877
-0.005911
-0.021294
-0.005911
-0.021294
0.002687
-0.021935
0.002687
-0.021935
0.017411
-0.013610
0.017411
-0.013610
-0.018079
-0.012709
-0.018079
-0.012709
-0.003797
-0.021771
-0.003797
-0.021771
0.004823
-0.021566
0.004823
-0.021566
0.018661
-0.011839
0.018661
-0.011839
0.008938
-0.020210
0.008938
-0.020210
0.020610
-0.007971
0.020610
-0.007971
0.022092
0.000524
0.022092
0.000524
0.015251
0.015991
0.015251
0.015991
0.015827
0.015421
0.015827
0.015421
0.000288
0.022096
0.000288
0.022096
-0.008190
0.020524
-0.008190
0.020524
-0.020303
0.008722
-0.020303
0.008722
-0.012038
0.018533
-0.012038
0.018533
-0.021616
0.004592
-0.021616
0.004592
-0.021728
-0.004029
-0.021728
-0.004029
-0.012515
-0.018213
-0.012515
-0.018213
-0.013796
0.017264
-0.013796
0.017264
-0.021962
0.002452
-0.021962
0.002452
-0.021230
-0.006139
-0.021230
-0.006139
-0.010671
-0.019353
-0.010671
-0.019353
-0.019625
-0.010162
-0.019625
-0.010162
-0.006691
-0.021063
-0.006691
-0.021063
0.001878
-0.022019
0.001878
-0.022019
0.016899
-0.014242
0.016899
-0.014242
-0.014626
0.016567
-0.014626
0.016567
-0.022057
0.001373
-0.022057
0.001373
-0.020903
-0.007173
-0.020903
-0.007173
-0.009709
-0.019853
-0.009709
-0.019853
-0.019103
-0.011112
-0.019103
-0.011112
-0.005650
-0.021365
-0.005650
-0.021365
0.002956
-0.021901
0.002956
-0.021901
0.017576
-0.013396
0.017576
-0.013396
-0.017922
-0.012929
-0.017922
-0.012929
-0.003530
-0.021815
-0.003530
-0.021815
0.005087
-0.021505
0.005087
-0.021505
0.018804
-0.011610
0.018804
-0.011610
0.009184
-0.020099
0.009184
-0.020099
0.020706
-0.007718
0.020706
-0.007718
0.022084
0.000794
0.022084
0.000794
0.015055
0.016177
0.015055
0.016177
-0.015027
0.016203
-0.015027
0.016203
-0.022083
0.000831
-0.022083
0.000831
-0.020721
-0.007683
-0.020721
-0.007683
-0.009219
-0.020084
-0.009219
-0.020084
-0.018824
-0.011576
-0.018824
-0.011576
-0.005125
-0.021497
-0.005125
-0.021497
0.003492
-0.021821
0.003492
-0.021821
0.017899
-0.012961
0.017899
-0.012961
-0.017599
-0.013364
-0.017599
-0.013364
-0.002993
-0.021894
-0.002993
-0.021894
0.005613
-0.021373
0.005613
-0.021373
0.019082
-0.011145
0.019082
-0.011145
0.009675
-0.019867
0.009675
-0.019867
0.020889
-0.007207
0.020889
-0.007207
0.022057
0.001335
0.022057
0.001335
0.014653
0.016541
0.014653
0.016541
-0.016921
-0.014211
-0.016921
-0.014211
-0.001916
-0.022014
-0.001916
-0.022014
0.006655
-0.021071
0.006655
-0.021071
0.019605
-0.010195
0.019605
-0.010195
0.010637
-0.019368
0.010637
-0.019368
0.021217
-0.006174
0.021217
-0.006174
0.021964
0.002416
0.021964
0.002416
0.013823
0.017239
0.013823
0.017239
0.012484
-0.018231
0.012484
-0.018231
0.021719
-0.004063
0.021719
-0.004063
0.021620
0.004558
0.021620
0.004558
0.012065
0.018510
0.012065
0.018510
0.020316
0.008689
0.020316
0.008689
0.008222
0.020509
0.008222
0.020509
-0.000253
0.022094
-0.000253
0.022094
-0.015802
0.015444
-0.015802
0.015444
0.015733
0.015518
0.015733
0.015518
0.000152
0.022097
0.000152
0.022097
-0.008316
0.020473
-0.008316
0.020473
-0.020357
0.008597
-0.020357
0.008597
-0.012151
0.018459
-0.012151
0.018459
-0.021644
0.004460
-0.021644
0.004460
-0.021703
-0.004162
-0.021703
-0.004162
-0.012403
-0.018290
-0.012403
-0.018290
-0.013901
0.017180
-0.013901
0.017180
-0.021977
0.002318
-0.021977
0.002318
-0.021192
-0.006268
-0.021192
-0.006268
-0.010552
-0.019417
-0.010552
-0.019417
-0.019562
-0.010281
-0.019562
-0.010281
-0.006562
-0.021102
-0.006562
-0.021102
0.002013
-0.022007
0.002013
-0.022007
0.016985
-0.014138
0.016985
-0.014138
-0.014726
0.016477
-0.014726
0.016477
-0.022064
0.001238
-0.022064
0.001238
-0.020859
-0.007300
-0.020859
-0.007300
-0.009587
-0.019911
-0.009587
-0.019911
-0.019034
-0.011229
-0.019034
-0.011229
-0.005519
-0.021399
-0.005519
-0.021399
0.003089
-0.021882
0.003089
-0.021882
0.017658
-0.013288
0.017658
-0.013288
-0.017842
-0.013039
-0.017842
-0.013039
-0.003396
-0.021836
-0.003396
-0.021836
0.005219
-0.021473
0.005219
-0.021473
0.018874
-0.011493
0.018874
-0.011493
0.009307
-0.020041
0.009307
-0.020041
0.020753
-0.007591
0.020753
-0.007591
0.022078
0.000929
0.022078
0.000929
0.014954
0.016268
0.014954
0.016268
-0.015126
0.016110
-0.015126
0.016110
-0.022087
0.000696
-0.022087
0.000696
-0.020673
-0.007809
-0.020673
-0.007809
-0.009096
-0.020139
-0.009096
-0.020139
-0.018752
-0.011692
-0.018752
-0.011692
-0.004992
-0.021527
-0.004992
-0.021527
0.003626
-0.021798
0.003626
-0.021798
0.017978
-0.012850
0.017978
-0.012850
-0.017516
-0.013472
-0.017516
-0.013472
-0.002860
-0.021912
-0.002860
-0.021912
0.005744
-0.021338
0.005744
-0.021338
0.019150
-0.011027
0.019150
-0.011027
0.009795
-0.019807
0.009795
-0.019807
0.020932
-0.007079
0.020932
-0.007079
0.022048
0.001471
0.022048
0.001471
0.014551
0.016630
0.014551
0.016630
-0.016834
-0.014315
-0.016834
-0.014315
-0.001781
-0.022025
-0.001781
-0.022025
0.006783
-0.021030
0.006783
-0.021030
0.019667
-0.010074
0.019667
-0.010074
0.010755
-0.019301
0.010755
-0.019301
0.021254
-0.006043
0.021254
-0.006043
0.021948
0.002550
0.021948
0.002550
0.013716
0.017323
0.013716
0.017323
0.012596
-0.018153
0.012596
-0.018153
0.021743
-0.003930
0.021743
-0.003930
0.021592
0.004690
0.021592
0.004690
0.011952
0.018584
0.011952
0.018584
0.020262
0.008813
0.020262
0.008813
0.008096
0.020559
0.008096
0.020559
-0.000388
0.022092
-0.000388
0.022092
-0.015896
0.015347
-0.015896
0.015347
-0.015321
0.015923
-0.015321
0.015923
-0.022093
0.000425
-0.022093
0.000425
-0.020575
-0.008061
-0.020575
-0.008061
-0.008848
-0.020249
-0.008848
-0.020249
-0.018607
-0.011920
-0.018607
-0.011920
-0.004728
-0.021585
-0.004728
-0.021585
0.003892
-0.021752
0.003892
-0.021752
0.018133
-0.012629
0.018133
-0.012629
-0.017349
-0.013685
-0.017349
-0.013685
-0.002590
-0.021945
-0.002590
-0.021945
0.006005
-0.021266
0.006005
-0.021266
0.019283
-0.010791
0.019283
-0.010791
0.010037
-0.019684
0.010037
-0.019684
0.021017
-0.006822
0.021017
-0.006822
0.022027
0.001740
0.022027
0.001740
0.014345
0.016806
0.014345
0.016806
-0.016656
-0.014520
-0.016656
-0.014520
-0.001510
-0.022045
-0.001510
-0.022045
0.007041
-0.020944
0.007041
-0.020944
0.019789
-0.009832
0.019789
-0.009832
0.010991
-0.019168
0.010991
-0.019168
0.021326
-0.005782
0.021326
-0.005782
0.021914
0.002819
0.021914
0.002819
0.013503
0.017489
0.013503
0.017489
0.012817
-0.017998
0.012817
-0.017998
0.021789
-0.003664
0.021789
-0.003664
0.021532
0.004954
0.021532
0.004954
0.011723
0.018728
0.011723
0.018728
0.020151
0.009060
0.020151
0.009060
0.007843
0.020656
0.007843
0.020656
-0.000659
0.022085
-0.000659
0.022085
-0.016082
0.015151
-0.016082
0.015151
-0.016294
-0.014924
-0.016294
-0.014924
-0.000968
-0.022075
-0.000968
-0.022075
0.007552
-0.020765
0.007552
-0.020765
0.020024
-0.009343
0.020024
-0.009343
0.011458
-0.018892
0.011458
-0.018892
0.021461
-0.005257
0.021461
-0.005257
0.021839
0.003356
0.021839
0.003356
0.013069
0.017816
0.013069
0.017816
0.013255
-0.017677
0.013255
-0.017677
0.021873
-0.003127
0.021873
-0.003127
0.021404
0.005481
0.021404
0.005481
0.011260
0.019011
0.011260
0.019011
0.019923
0.009552
0.019923
0.009552
0.007334
0.020842
0.007334
0.020842
-0.001201
0.022063
-0.001201
0.022063
-0.016449
0.014751
-0.016449
0.014751
0.014107
-0.017005
0.014107
-0.017005
0.021999
-0.002049
0.021999
-0.002049
0.021109
0.006526
0.021109
0.006526
0.010312
0.019541
0.010312
0.019541
0.019429
0.010520
0.019429
0.010520
0.006301
0.021177
0.006301
0.021177
-0.002284
0.021976
-0.002284
0.021976
-0.017154
0.013925
-0.017154
0.013925
0.018305
0.012374
0.018305
0.012374
0.004194
0.021693
0.004194
0.021693
-0.004427
0.021647
-0.004427
0.021647
-0.018437
0.012176
-0.018437
0.012176
-0.008566
0.020368
-0.008566
0.020368
-0.020459
0.008345
-0.020459
0.008345
-0.022096
-0.000119
-0.022096
-0.000119
-0.015540
-0.015708
-0.015540
-0.015708
0.015684
0.015565
0.015684
0.015565
0.000085
0.022096
0.000085
0.022096
-0.008379
0.020447
-0.008379
0.020447
-0.020383
0.008534
-0.020383
0.008534
-0.012207
0.018421
-0.012207
0.018421
-0.021657
0.004394
-0.021657
0.004394
-0.021690
-0.004228
-0.021690
-0.004228
-0.012347
-0.018327
-0.012347
-0.018327
-0.013953
0.017137
-0.013953
0.017137
-0.021984
0.002251
-0.021984
0.002251
-0.021172
-0.006333
-0.021172
-0.006333
-0.010492
-0.019449
-0.010492
-0.019449
-0.019530
-0.010341
-0.019530
-0.010341
-0.006497
-0.021122
-0.006497
-0.021122
0.002080
-0.022001
0.002080
-0.022001
0.017028
-0.014086
0.017028
-0.014086
-0.014777
0.016431
-0.014777
0.016431
-0.022067
0.001170
-0.022067
0.001170
-0.020835
-0.007364
-0.020835
-0.007364
-0.009526
-0.019940
-0.009526
-0.019940
-0.018999
-0.011286
-0.018999
-0.011286
-0.005453
-0.021415
-0.005453
-0.021415
0.003156
-0.021872
0.003156
-0.021872
0.017698
-0.013234
0.017698
-0.013234
-0.017801
-0.013093
-0.017801
-0.013093
-0.003328
-0.021846
-0.003328
-0.021846
0.005284
-0.021456
0.005284
-0.021456
0.018909
-0.011435
0.018909
-0.011435
0.009368
-0.020012
0.009368
-0.020012
0.020775
-0.007526
0.020775
-0.007526
0.022074
0.000997
0.022074
0.000997
0.014904
0.016313
0.014904
0.016313
-0.015175
0.016064
-0.015175
0.016064
-0.022089
0.000628
-0.022089
0.000628
-0.020648
-0.007872
-0.020648
-0.007872
-0.009034
-0.020167
-0.009034
-0.020167
-0.018717
-0.011748
-0.018717
-0.011748
-0.004927
-0.021542
-0.004927
-0.021542
0.003692
-0.021787
0.003692
-0.021787
0.018017
-0.012796
0.018017
-0.012796
-0.017474
-0.013525
-0.017474
-0.013525
-0.002792
-0.021920
-0.002792
-0.021920
0.005809
-0.021320
0.005809
-0.021320
0.019183
-0.010968
0.019183
-0.010968
0.009856
-0.019776
0.009856
-0.019776
0.020953
-0.007015
0.020953
-0.007015
0.022043
0.001538
0.022043
0.001538
0.014499
0.016674
0.014499
0.016674
-0.016789
-0.014367
-0.016789
-0.014367
-0.001713
-0.022030
-0.001713
-0.022030
0.006848
-0.021008
0.006848
-0.021008
0.019698
-0.010013
0.019698
-0.010013
0.010814
-0.019268
0.010814
-0.019268
0.021272
-0.005978
0.021272
-0.005978
0.021940
0.002618
0.021940
0.002618
0.013663
0.017365
0.013663
0.017365
0.012650
-0.018114
0.012650
-0.018114
0.021754
-0.003864
0.021754
-0.003864
0.021577
0.004756
0.021577
0.004756
0.011894
0.018620
0.011894
0.018620
0.020234
0.008875
0.020234
0.008875
0.008032
0.020583
0.008032
0.020583
-0.000456
0.022091
-0.000456
0.022091
-0.015943
0.015298
-0.015943
0.015298
-0.015370
0.015876
-0.015370
0.015876
-0.022094
0.000357
-0.022094
0.000357
-0.020549
-0.008125
-0.020549
-0.008125
-0.008785
-0.020276
-0.008785
-0.020276
-0.018570
-0.011977
-0.018570
-0.011977
-0.004662
-0.021600
-0.004662
-0.021600
0.003959
-0.021739
0.003959
-0.021739
0.018172
-0.012573
0.018172
-0.012573
-0.017307
-0.013739
-0.017307
-0.013739
-0.002523
-0.021953
-0.002523
-0.021953
0.006070
-0.021247
0.006070
-0.021247
0.019316
-0.010731
0.019316
-0.010731
0.010097
-0.019653
0.010097
-0.019653
0.021037
-0.006757
0.021037
-0.006757
0.022022
0.001809
0.022022
0.001809
0.014293
0.016850
0.014293
0.016850
-0.016611
-0.014570
-0.016611
-0.014570
-0.001443
-0.022049
-0.001443
-0.022049
0.007104
-0.020922
0.007104
-0.020922
0.019818
-0.009771
0.019818
-0.009771
0.011049
-0.019133
0.011049
-0.019133
0.021343
-0.005716
0.021343
-0.005716
0.021905
0.002886
0.021905
0.002886
0.013449
0.017530
0.013449
0.017530
0.012872
-0.017957
0.012872
-0.017957
0.021800
-0.003597
0.021800
-0.003597
0.021516
0.005020
0.021516
0.005020
0.011665
0.018764
0.011665
0.018764
0.020123
0.009122
0.020123
0.009122
0.007779
0.020680
0.007779
0.020680
-0.000726
0.022083
-0.000726
0.022083
-0.016128
0.015101
-0.016128
0.015101
-0.016248
-0.014974
-0.016248
-0.014974
-0.000901
-0.022077
-0.000901
-0.022077
0.007616
-0.020741
0.007616
-0.020741
0.020052
-0.009280
0.020052
-0.009280
0.011516
-0.018857
0.011516
-0.018857
0.021477
-0.005191
0.021477
-0.005191
0.021828
0.003424
0.021828
0.003424
0.013014
0.017855
0.013014
0.017855
0.013309
-0.017635
0.013309
-0.017635
0.021881
-0.003059
0.021881
-0.003059
0.021386
0.005548
0.021386
0.005548
0.011200
0.019045
0.011200
0.019045
0.019892
0.009614
0.019892
0.009614
0.007268
0.020864
0.007268
0.020864
-0.001269
0.022057
-0.001269
0.022057
-0.016494
0.014699
-0.016494
0.014699
0.014159
-0.016961
0.014159
-0.016961
0.022005
-0.001981
0.022005
-0.001981
0.021088
0.006591
0.021088
0.006591
0.010251
0.019572
0.010251
0.019572
0.019397
0.010579
0.019397
0.010579
0.006235
0.021196
0.006235
0.021196
-0.002351
0.021969
-0.002351
0.021969
-0.017196
0.013872
-0.017196
0.013872
0.018267
0.012430
0.018267
0.012430
0.004127
0.021706
0.004127
0.021706
-0.004494
0.021634
-0.004494
0.021634
-0.018474
0.012119
-0.018474
0.012119
-0.008628
0.020341
-0.008628
0.020341
-0.020484
0.008282
-0.020484
0.008282
-0.022095
-0.000187
-0.022095
-0.000187
-0.015491
-0.015756
-0.015491
-0.015756
-0.015468
0.015781
-0.015468
0.015781
-0.022096
0.000221
-0.022096
0.000221
-0.020499
-0.008251
-0.020499
-0.008251
-0.008660
-0.020329
-0.008660
-0.020329
-0.018496
-0.012090
-0.018496
-0.012090
-0.004529
-0.021628
-0.004529
-0.021628
0.004092
-0.021714
0.004092
-0.021714
0.018249
-0.012461
0.018249
-0.012461
-0.017221
-0.013844
-0.017221
-0.013844
-0.002388
-0.021967
-0.002388
-0.021967
0.006200
-0.021209
0.006200
-0.021209
0.019381
-0.010613
0.019381
-0.010613
0.010218
-0.019590
0.010218
-0.019590
0.021079
-0.006627
0.021079
-0.006627
0.022010
0.001944
0.022010
0.001944
0.014190
0.016938
0.014190
0.016938
-0.016521
-0.014672
-0.016521
-0.014672
-0.001307
-0.022057
-0.001307
-0.022057
0.007233
-0.020878
0.007233
-0.020878
0.019878
-0.009649
0.019878
-0.009649
0.011167
-0.019065
0.011167
-0.019065
0.021378
-0.005585
0.021378
-0.005585
0.021887
0.003021
0.021887
0.003021
0.013341
0.017613
0.013341
0.017613
0.012982
-0.017878
0.012982
-0.017878
0.021822
-0.003462
0.021822
-0.003462
0.021485
0.005152
0.021485
0.005152
0.011549
0.018836
0.011549
0.018836
0.020066
0.009245
0.020066
0.009245
0.007652
0.020726
0.007652
0.020726
-0.000863
0.022078
-0.000863
0.022078
-0.016221
0.015001
-0.016221
0.015001
-0.016155
-0.015074
-0.016155
-0.015074
-0.000765
-0.022082
-0.000765
-0.022082
0.007743
-0.020694
0.007743
-0.020694
0.020109
-0.009158
0.020109
-0.009158
0.011631
-0.018785
0.011631
-0.018785
0.021508
-0.005058
0.021508
-0.005058
0.021806
0.003558
0.021806
0.003558
0.012904
0.017935
0.012904
0.017935
0.013417
-0.017553
0.013417
-0.017553
0.021899
-0.002925
0.021899
-0.002925
0.021352
0.005678
0.021352
0.005678
0.011083
0.019113
0.011083
0.019113
0.019833
0.009735
0.019833
0.009735
0.007141
0.020908
0.007141
0.020908
-0.001404
0.022049
-0.001404
0.022049
-0.016584
0.014598
-0.016584
0.014598
0.014262
-0.016873
0.014262
-0.016873
0.022017
-0.001846
0.022017
-0.001846
0.021047
0.006720
0.021047
0.006720
0.010131
0.019634
0.010131
0.019634
0.019331
0.010698
0.019331
0.010698
0.006105
0.021234
0.006105
0.021234
-0.002486
0.021954
-0.002486
0.021954
-0.017281
0.013766
-0.017281
0.013766
0.018190
0.012542
0.018190
0.012542
0.003994
0.021730
0.003994
0.021730
-0.004627
0.021605
-0.004627
0.021605
-0.018548
0.012005
-0.018548
0.012005
-0.008753
0.020288
-0.008753
0.020288
-0.020534
0.008157
-0.020534
0.008157
-0.022093
-0.000323
-0.022093
-0.000323
-0.015394
-0.015851
-0.015394
-0.015851
-0.015968
-0.015271
-0.015968
-0.015271
-0.000493
-0.022090
-0.000493
-0.022090
0.007997
-0.020597
0.007997
-0.020597
0.020219
-0.008909
0.020219
-0.008909
0.011862
-0.018640
0.011862
-0.018640
0.021569
-0.004793
0.021569
-0.004793
0.021761
0.003826
0.021761
0.003826
0.012682
0.018092
0.012682
0.018092
0.013632
-0.017386
0.013632
-0.017386
0.021934
-0.002655
0.021934
-0.002655
0.021280
0.005941
0.021280
0.005941
0.010847
0.019248
0.010847
0.019248
0.019711
0.009979
0.019711
0.009979
0.006882
0.020994
0.006882
0.020994
-0.001676
0.022030
-0.001676
0.022030
-0.016762
0.014392
-0.016762
0.014392
0.014469
-0.016696
0.014469
-0.016696
0.022037
-0.001575
0.022037
-0.001575
0.020962
0.006979
0.020962
0.006979
0.009889
0.019757
0.009889
0.019757
0.019198
0.010934
0.019198
0.010934
0.005843
0.021307
0.005843
0.021307
-0.002755
0.021921
-0.002755
0.021921
-0.017449
0.013552
-0.017449
0.013552
0.018034
0.012764
0.018034
0.012764
0.003726
0.021777
0.003726
0.021777
-0.004891
0.021545
-0.004891
0.021545
-0.018693
0.011776
-0.018693
0.011776
-0.009001
0.020178
-0.009001
0.020178
-0.020633
0.007903
-0.020633
0.007903
-0.022087
-0.000594
-0.022087
-0.000594
-0.015198
-0.016038
-0.015198
-0.016038
0.014875
-0.016336
0.014875
-0.016336
0.022070
-0.001033
0.022070
-0.001033
0.020785
0.007492
0.020785
0.007492
0.009400
0.019994
0.009400
0.019994
0.018924
0.011404
0.018924
0.011404
0.005318
0.021445
0.005318
0.021445
-0.003293
0.021848
-0.003293
0.021848
-0.017777
0.013120
-0.017777
0.013120
0.017715
0.013205
0.017715
0.013205
0.003190
0.021863
0.003190
0.021863
-0.005420
0.021420
-0.005420
0.021420
-0.018979
0.011314
-0.018979
0.011314
-0.009495
0.019952
-0.009495
0.019952
-0.020822
0.007394
-0.020822
0.007394
-0.022066
-0.001137
-0.022066
-0.001137
-0.014799
-0.016407
-0.014799
-0.016407
0.017046
0.014058
0.017046
0.014058
0.002113
0.021994
0.002113
0.021994
-0.006465
0.021129
-0.006465
0.021129
-0.019511
0.010369
-0.019511
0.010369
-0.010463
0.019462
-0.010463
0.019462
-0.021159
0.006364
-0.021159
0.006364
-0.021985
-0.002218
-0.021985
-0.002218
-0.013977
-0.017114
-0.013977
-0.017114
-0.012320
0.018345
-0.012320
0.018345
-0.021683
0.004260
-0.021683
0.004260
-0.021663
-0.004362
-0.021663
-0.004362
-0.012233
-0.018402
-0.012233
-0.018402
-0.020396
-0.008503
-0.020396
-0.008503
-0.008409
-0.020435
-0.008409
-0.020435
0.000051
-0.022097
0.000051
-0.022097
0.015661
-0.015589
0.015661
-0.015589
0.015660
0.015590
0.015660
0.015590
0.000050
0.022097
0.000050
0.022097
-0.008410
0.020434
-0.008410
0.020434
-0.020396
0.008502
-0.020396
0.008502
-0.012235
0.018401
-0.012235
0.018401
-0.021663
0.004360
-0.021663
0.004360
-0.021683
-0.004262
-0.021683
-0.004262
-0.012318
-0.018346
-0.012318
-0.018346
-0.013980
0.017115
-0.013980
0.017115
-0.021987
0.002217
-0.021987
0.002217
-0.021162
-0.006366
-0.021162
-0.006366
-0.010462
-0.019465
-0.010462
-0.019465
-0.019514
-0.010371
-0.019514
-0.010371
-0.006464
-0.021132
-0.006464
-0.021132
0.002114
-0.021998
0.002114
-0.021998
0.017050
-0.014060
0.017050
-0.014060
-0.014802
0.016408
-0.014802
0.016408
-0.022069
0.001136
-0.022069
0.001136
-0.020824
-0.007396
-0.020824
-0.007396
-0.009495
-0.019955
-0.009495
-0.019955
-0.018981
-0.011315
-0.018981
-0.011315
-0.005420
-0.021423
-0.005420
-0.021423
0.003191
-0.021867
0.003191
-0.021867
0.017718
-0.013206
0.017718
-0.013206
-0.017781
-0.013121
-0.017781
-0.013121
-0.003295
-0.021851
-0.003295
-0.021851
0.005317
-0.021448
0.005317
-0.021448
0.018927
-0.011406
0.018927
-0.011406
0.009399
-0.019998
0.009399
-0.019998
0.020787
-0.007495
0.020787
-0.007495
0.022073
0.001031
0.022073
0.001031
0.014879
0.016337
0.014879
0.016337
-0.015200
0.016041
-0.015200
0.016041
-0.022090
0.000595
-0.022090
0.000595
-0.020636
-0.007905
-0.020636
-0.007905
-0.009003
-0.020181
-0.009003
-0.020181
-0.018698
-0.011777
-0.018698
-0.011777
-0.004893
-0.021549
-0.004893
-0.021549
0.003725
-0.021781
0.003725
-0.021781
0.018037
-0.012768
0.018037
-0.012768
-0.017453
-0.013552
-0.017453
-0.013552
-0.002758
-0.021924
-0.002758
-0.021924
0.005841
-0.021311
0.005841
-0.021311
0.019200
-0.010939
0.019200
-0.010939
0.009887
-0.019761
0.009887
-0.019761
0.020964
-0.006982
0.020964
-0.006982
0.022040
0.001572
0.022040
0.001572
0.014473
0.016696
0.014473
0.016696
-0.016767
-0.014392
-0.016767
-0.014392
-0.001679
-0.022033
-0.001679
-0.022033
0.006880
-0.020998
0.006880
-0.020998
0.019713
-0.009983
0.019713
-0.009983
0.010844
-0.019251
0.010844
-0.019251
0.021281
-0.005945
0.021281
-0.005945
0.021936
0.002651
0.021936
0.002651
0.013637
0.017385
0.013637
0.017385
0.012679
-0.018096
0.012679
-0.018096
0.021761
-0.003830
0.021761
-0.003830
0.021570
0.004789
0.021570
0.004789
0.011866
0.018639
0.011866
0.018639
0.020221
0.008906
0.020221
0.008906
0.008001
0.020595
0.008001
0.020595
-0.000490
0.022090
-0.000490
0.022090
-0.015966
0.015274
-0.015966
0.015274
-0.015395
0.015853
-0.015395
0.015853
-0.022094
0.000323
-0.022094
0.000323
-0.020537
-0.008157
-0.020537
-0.008157
-0.008754
-0.020289
-0.008754
-0.020289
-0.018551
-0.012006
-0.018551
-0.012006
-0.004628
-0.021607
-0.004628
-0.021607
0.003993
-0.021733
0.003993
-0.021733
0.018191
-0.012545
0.018191
-0.012545
-0.017285
-0.013765
-0.017285
-0.013765
-0.002489
-0.021956
-0.002489
-0.021956
0.006102
-0.021237
0.006102
-0.021237
0.019332
-0.010702
0.019332
-0.010702
0.010128
-0.019638
0.010128
-0.019638
0.021048
-0.006724
0.021048
-0.006724
0.022019
0.001842
0.022019
0.001842
0.014267
0.016872
0.014267
0.016872
-0.016589
-0.014596
-0.016589
-0.014596
-0.001409
-0.022051
-0.001409
-0.022051
0.007137
-0.020912
0.007137
-0.020912
0.019834
-0.009740
0.019834
-0.009740
0.011079
-0.019117
0.011079
-0.019117
0.021352
-0.005684
0.021352
-0.005684
0.021902
0.002920
0.021902
0.002920
0.013422
0.017551
0.013422
0.017551
0.012900
-0.017937
0.012900
-0.017937
0.021806
-0.003562
0.021806
-0.003562
0.021508
0.005053
0.021508
0.005053
0.011636
0.018782
0.011636
0.018782
0.020109
0.009153
0.020109
0.009153
0.007747
0.020692
0.007747
0.020692
-0.000761
0.022082
-0.000761
0.022082
-0.016152
0.015076
-0.016152
0.015076
-0.016224
-0.014999
-0.016224
-0.014999
-0.000866
-0.022078
-0.000866
-0.022078
0.007648
-0.020728
0.007648
-0.020728
0.020066
-0.009249
0.020066
-0.009249
0.011545
-0.018838
0.011545
-0.018838
0.021484
-0.005157
0.021484
-0.005157
0.021822
0.003458
0.021822
0.003458
0.012986
0.017875
0.012986
0.017875
0.013336
-0.017615
0.013336
-0.017615
0.021886
-0.003026
0.021886
-0.003026
0.021377
0.005580
0.021377
0.005580
0.011171
0.019062
0.011171
0.019062
0.019878
0.009645
0.019878
0.009645
0.007236
0.020875
0.007236
0.020875
-0.001303
0.022056
-0.001303
0.022056
-0.016517
0.014674
-0.016517
0.014674
0.014185
-0.016939
0.014185
-0.016939
0.022008
-0.001947
0.022008
-0.001947
0.021077
0.006623
0.021077
0.006623
0.010221
0.019587
0.010221
0.019587
0.019380
0.010609
0.019380
0.010609
0.006203
0.021205
0.006203
0.021205
-0.002384
0.021965
-0.002384
0.021965
-0.017217
0.013845
-0.017217
0.013845
0.018247
0.012458
0.018247
0.012458
0.004094
0.021712
0.004094
0.021712
-0.004527
0.021626
-0.004527
0.021626
-0.018492
0.012091
-0.018492
0.012091
-0.008659
0.020328
-0.008659
0.020328
-0.020496
0.008251
-0.020496
0.008251
-0.022094
-0.000221
-0.022094
-0.000221
-0.015467
-0.015779
-0.015467
-0.015779
-0.015492
0.015757
-0.015492
0.015757
-0.022096
0.000187
-0.022096
0.000187
-0.020486
-0.008283
-0.020486
-0.008283
-0.008629
-0.020343
-0.008629
-0.020343
-0.018476
-0.012119
-0.018476
-0.012119
-0.004495
-0.021634
-0.004495
-0.021634
0.004126
-0.021708
0.004126
-0.021708
0.018267
-0.012432
0.018267
-0.012432
-0.017200
-0.013871
-0.017200
-0.013871
-0.002354
-0.021971
-0.002354
-0.021971
0.006233
-0.021199
0.006233
-0.021199
0.019397
-0.010582
0.019397
-0.010582
0.010249
-0.019574
0.010249
-0.019574
0.021089
-0.006595
0.021089
-0.006595
0.022006
0.001978
0.022006
0.001978
0.014163
0.016959
0.014163
0.016959
-0.016498
-0.014698
-0.016498
-0.014698
-0.001273
-0.022059
-0.001273
-0.022059
0.007265
-0.020867
0.007265
-0.020867
0.019893
-0.009618
0.019893
-0.009618
0.011196
-0.019047
0.011196
-0.019047
0.021386
-0.005552
0.021386
-0.005552
0.021882
0.003055
0.021882
0.003055
0.013313
0.017633
0.013313
0.017633
0.013009
-0.017857
0.013009
-0.017857
0.021826
-0.003428
0.021826
-0.003428
0.021476
0.005185
0.021476
0.005185
0.011520
0.018853
0.011520
0.018853
0.020052
0.009277
0.020052
0.009277
0.007620
0.020739
0.007620
0.020739
-0.000897
0.022076
-0.000897
0.022076
-0.016244
0.014976
-0.016244
0.014976
-0.016132
-0.015098
-0.016132
-0.015098
-0.000731
-0.022083
-0.000731
-0.022083
0.007776
-0.020682
0.007776
-0.020682
0.020122
-0.009126
0.020122
-0.009126
0.011660
-0.018766
0.011660
-0.018766
0.021516
-0.005025
0.021516
-0.005025
0.021800
0.003591
0.021800
0.003591
0.012876
0.017954
0.012876
0.017954
0.013443
-0.017532
0.013443
-0.017532
0.021904
-0.002891
0.021904
-0.002891
0.021342
0.005711
0.021342
0.005711
0.011053
0.019130
0.011053
0.019130
0.019818
0.009765
0.019818
0.009765
0.007108
0.020919
0.007108
0.020919
-0.001439
0.022047
-0.001439
0.022047
-0.016606
0.014572
-0.016606
0.014572
0.014288
-0.016851
0.014288
-0.016851
0.022019
-0.001812
0.022019
-0.001812
0.021036
0.006753
0.021036
0.006753
0.010100
0.019650
0.010100
0.019650
0.019314
0.010727
0.019314
0.010727
0.006072
0.021243
0.006072
0.021243
-0.002520
0.021949
-0.002520
0.021949
-0.017302
0.013738
-0.017302
0.013738
0.018170
0.012570
0.018170
0.012570
0.003960
0.021736
0.003960
0.021736
-0.004660
0.021597
-0.004660
0.021597
-0.018566
0.011976
-0.018566
0.011976
-0.008784
0.020274
-0.008784
0.020274
-0.020546
0.008124
-0.020546
0.008124
-0.022093
-0.000356
-0.022093
-0.000356
-0.015369
-0.015874
-0.015369
-0.015874
-0.015945
-0.015295
-0.015945
-0.015295
-0.000459
-0.022090
-0.000459
-0.022090
0.008029
-0.020584
0.008029
-0.020584
0.020233
-0.008878
0.020233
-0.008878
0.011890
-0.018622
0.011890
-0.018622
0.021576
-0.004760
0.021576
-0.004760
0.021754
0.003859
0.021754
0.003859
0.012654
0.018111
0.012654
0.018111
0.013658
-0.017365
0.013658
-0.017365
0.021937
-0.002621
0.021937
-0.002621
0.021270
0.005973
0.021270
0.005973
0.010817
0.019264
0.010817
0.019264
0.019696
0.010009
0.019696
0.010009
0.006850
0.021004
0.006850
0.021004
-0.001710
0.022027
-0.001710
0.022027
-0.016784
0.014366
-0.016784
0.014366
0.014494
-0.016674
0.014494
-0.016674
0.022040
-0.001541
0.022040
-0.001541
0.020952
0.007011
0.020952
0.007011
0.009858
0.019772
0.009858
0.019772
0.019181
0.010964
0.019181
0.010964
0.005810
0.021316
0.005810
0.021316
-0.002789
0.021917
-0.002789
0.021917
-0.017470
0.013525
-0.017470
0.013525
0.018014
0.012792
0.018014
0.012792
0.003693
0.021783
0.003693
0.021783
-0.004924
0.021538
-0.004924
0.021538
-0.018712
0.011748
-0.018712
0.011748
-0.009032
0.020164
-0.009032
0.020164
-0.020645
0.007871
-0.020645
0.007871
-0.022086
-0.000628
-0.022086
-0.000628
-0.015173
-0.016061
-0.015173
-0.016061
0.014900
-0.016314
0.014900
-0.016314
0.022072
-0.001000
0.022072
-0.001000
0.020774
0.007524
0.020774
0.007524
0.009370
0.020009
0.009370
0.020009
0.018906
0.011432
0.018906
0.011432
0.005286
0.021452
0.005286
0.021452
-0.003327
0.021842
-0.003327
0.021842
-0.017797
0.013092
-0.017797
0.013092
0.017695
0.013231
0.017695
0.013231
0.003157
0.021868
0.003157
0.021868
-0.005452
0.021411
-0.005452
0.021411
-0.018995
0.011285
-0.018995
0.011285
-0.009525
0.019938
-0.009525
0.019938
-0.020833
0.007362
-0.020833
0.007362
-0.022065
-0.001170
-0.022065
-0.001170
-0.014775
-0.016430
-0.014775
-0.016430
0.017024
0.014084
0.017024
0.014084
0.002079
0.021997
0.002079
0.021997
-0.006497
0.021119
-0.006497
0.021119
-0.019527
0.010339
-0.019527
0.010339
-0.010493
0.019446
-0.010493
0.019446
-0.021169
0.006331
-0.021169
0.006331
-0.021981
-0.002252
-0.021981
-0.002252
-0.013950
-0.017136
-0.013950
-0.017136
-0.012348
0.018325
-0.012348
0.018325
-0.021688
0.004226
-0.021688
0.004226
-0.021655
-0.004395
-0.021655
-0.004395
-0.012205
-0.018420
-0.012205
-0.018420
-0.020382
-0.008535
-0.020382
-0.008535
-0.008377
-0.020447
-0.008377
-0.020447
0.000085
-0.022097
0.000085
-0.022097
0.015685
-0.015565
0.015685
-0.015565
-0.015540
0.015710
-0.015540
0.015710
-0.022097
0.000120
-0.022097
0.000120
-0.020461
-0.008345
-0.020461
-0.008345
-0.008567
-0.020370
-0.008567
-0.020370
-0.018440
-0.012176
-0.018440
-0.012176
-0.004429
-0.021649
-0.004429
-0.021649
0.004193
-0.021695
0.004193
-0.021695
0.018306
-0.012377
0.018306
-0.012377
-0.017157
-0.013924
-0.017157
-0.013924
-0.002286
-0.021978
-0.002286
-0.021978
0.006298
-0.021180
0.006298
-0.021180
0.019430
-0.010523
0.019430
-0.010523
0.010309
-0.019543
0.010309
-0.019543
0.021109
-0.006530
0.021109
-0.006530
0.022000
0.002046
0.022000
0.002046
0.014110
0.017003
0.014110
0.017003
-0.016453
-0.014749
-0.016453
-0.014749
-0.001205
-0.022063
-0.001205
-0.022063
0.007330
-0.020844
0.007330
-0.020844
0.019922
-0.009556
0.019922
-0.009556
0.011255
-0.019013
0.011255
-0.019013
0.021403
-0.005486
0.021403
-0.005486
0.021873
0.003123
0.021873
0.003123
0.013259
0.017674
0.013259
0.017674
0.013064
-0.017817
0.013064
-0.017817
0.021837
-0.003361
0.021837
-0.003361
0.021461
0.005252
0.021461
0.005252
0.011462
0.018888
0.011462
0.018888
0.020023
0.009338
0.020023
0.009338
0.007556
0.020761
0.007556
0.020761
-0.000965
0.022073
-0.000965
0.022073
-0.016290
0.014925
-0.016290
0.014925
-0.016085
-0.015148
-0.016085
-0.015148
-0.000663
-0.022085
-0.000663
-0.022085
0.007839
-0.020657
0.007839
-0.020657
0.020151
-0.009064
0.020151
-0.009064
0.011718
-0.018730
0.011718
-0.018730
0.021531
-0.004958
0.021531
-0.004958
0.021789
0.003658
0.021789
0.003658
0.012821
0.017994
0.012821
0.017994
0.013498
-0.017491
0.013498
-0.017491
0.021913
-0.002824
0.021913
-0.002824
0.021325
0.005777
0.021325
0.005777
0.010994
0.019164
0.010994
0.019164
0.019788
0.009827
0.019788
0.009827
0.007043
0.020941
0.007043
0.020941
-0.001507
0.022043
-0.001507
0.022043
-0.016651
0.014521
-0.016651
0.014521
0.014340
-0.016807
0.014340
-0.016807
0.022025
-0.001744
0.022025
-0.001744
0.021015
0.006817
0.021015
0.006817
0.010040
0.019681
0.010040
0.019681
0.019281
0.010787
0.019281
0.010787
0.006007
0.021261
0.006007
0.021261
-0.002587
0.021942
-0.002587
0.021942
-0.017344
0.013686
-0.017344
0.013686
0.018131
0.012626
0.018131
0.012626
0.003893
0.021748
0.003893
0.021748
-0.004726
0.021583
-0.004726
0.021583
-0.018603
0.011919
-0.018603
0.011919
-0.008846
0.020247
-0.008846
0.020247
-0.020572
0.008061
-0.020572
0.008061
-0.022091
-0.000424
-0.022091
-0.000424
-0.015320
-0.015921
-0.015320
-0.015921
-0.015898
-0.015344
-0.015898
-0.015344
-0.000391
-0.022092
-0.000391
-0.022092
0.008092
-0.020559
0.008092
-0.020559
0.020260
-0.008816
0.020260
-0.008816
0.011947
-0.018585
0.011947
-0.018585
0.021590
-0.004694
0.021590
-0.004694
0.021743
0.003926
0.021743
0.003926
0.012599
0.018151
0.012599
0.018151
0.013712
-0.017323
0.013712
-0.017323
0.021945
-0.002554
0.021945
-0.002554
0.021252
0.006039
0.021252
0.006039
0.010758
0.019298
0.010758
0.019298
0.019665
0.010070
0.019665
0.010070
0.006785
0.021025
0.006785
0.021025
-0.001778
0.022022
-0.001778
0.022022
-0.016829
0.014315
-0.016829
0.014315
0.014545
-0.016629
0.014545
-0.016629
0.022044
-0.001473
0.022044
-0.001473
0.020930
0.007075
0.020930
0.007075
0.009797
0.019802
0.009797
0.019802
0.019147
0.011024
0.019147
0.011024
0.005744
0.021334
0.005744
0.021334
-0.002857
0.021908
-0.002857
0.021908
-0.017511
0.013471
-0.017511
0.013471
0.017974
0.012848
0.017974
0.012848
0.003625
0.021794
0.003625
0.021794
-0.004991
0.021523
-0.004991
0.021523
-0.018748
0.011690
-0.018748
0.011690
-0.009094
0.020137
-0.009094
0.020137
-0.020669
0.007808
-0.020669
0.007808
-0.022084
-0.000695
-0.022084
-0.000695
-0.015124
-0.016108
-0.015124
-0.016108
0.014950
-0.016267
0.014950
-0.016267
0.022074
-0.000932
0.022074
-0.000932
0.020750
0.007587
0.020750
0.007587
0.009308
0.020037
0.009308
0.020037
0.018871
0.011490
0.018871
0.011490
0.005219
0.021469
0.005219
0.021469
-0.003394
0.021832
-0.003394
0.021832
-0.017837
0.013037
-0.017837
0.013037
0.017654
0.013286
0.017654
0.013286
0.003089
0.021878
0.003089
0.021878
-0.005518
0.021395
-0.005518
0.021395
-0.019030
0.011226
-0.019030
0.011226
-0.009587
0.019907
-0.009587
0.019907
-0.020855
0.007298
-0.020855
0.007298
-0.022060
-0.001238
-0.022060
-0.001238
-0.014723
-0.016475
-0.014723
-0.016475
0.016982
0.014137
0.016982
0.014137
0.002012
0.022004
0.002012
0.022004
-0.006562
0.021099
-0.006562
0.021099
-0.019559
0.010279
-0.019559
0.010279
-0.010552
0.019414
-0.010552
0.019414
-0.021189
0.006266
-0.021189
0.006266
-0.021974
-0.002319
-0.021974
-0.002319
-0.013898
-0.017178
-0.013898
-0.017178
-0.012404
0.018287
-0.012404
0.018287
-0.021702
0.004160
-0.021702
0.004160
-0.021641
-0.004461
-0.021641
-0.004461
-0.012148
-0.018458
-0.012148
-0.018458
-0.020355
-0.008597
-0.020355
-0.008597
-0.008314
-0.020473
-0.008314
-0.020473
0.000153
-0.022096
0.000153
-0.022096
0.015733
-0.015516
0.015733
-0.015516
-0.015803
-0.015442
-0.015803
-0.015442
-0.000255
-0.022093
-0.000255
-0.022093
0.008219
-0.020509
0.008219
-0.020509
0.020314
-0.008691
0.020314
-0.008691
0.012061
-0.018511
0.012061
-0.018511
0.021618
-0.004561
0.021618
-0.004561
0.021717
0.004060
0.021717
0.004060
0.012486
0.018227
0.012486
0.018227
0.013818
-0.017239
0.013818
-0.017239
0.021961
-0.002419
0.021961
-0.002419
0.021215
0.006169
0.021215
0.006169
0.010639
0.019363
0.010639
0.019363
0.019603
0.010190
0.019603
0.010190
0.006656
0.021067
0.006656
0.021067
-0.001913
0.022011
-0.001913
0.022011
-0.016916
0.014211
-0.016916
0.014211
0.014648
-0.016540
0.014648
-0.016540
0.022054
-0.001338
0.022054
-0.001338
0.020886
0.007204
0.020886
0.007204
0.009676
0.019862
0.009676
0.019862
0.019079
0.011141
0.019079
0.011141
0.005614
0.021369
0.005614
0.021369
-0.002992
0.021891
-0.002992
0.021891
-0.017594
0.013363
-0.017594
0.013363
0.017896
0.012958
0.017896
0.012958
0.003492
0.021817
0.003492
0.021817
-0.005124
0.021492
-0.005124
0.021492
-0.018820
0.011574
-0.018820
0.011574
-0.009218
0.020081
-0.009218
0.020081
-0.020717
0.007681
-0.020717
0.007681
-0.022080
-0.000832
-0.022080
-0.000832
-0.015025
-0.016201
-0.015025
-0.016201
0.015050
-0.016175
0.015050
-0.016175
0.022080
-0.000796
0.022080
-0.000796
0.020703
0.007715
0.020703
0.007715
0.009185
0.020095
0.009185
0.020095
0.018800
0.011606
0.018800
0.011606
0.005087
0.021500
0.005087
0.021500
-0.003529
0.021811
-0.003529
0.021811
-0.017917
0.012927
-0.017917
0.012927
0.017572
0.013395
0.017572
0.013395
0.002954
0.021897
0.002954
0.021897
-0.005650
0.021361
-0.005650
0.021361
-0.019099
0.011109
-0.019099
0.011109
-0.009709
0.019849
-0.009709
0.019849
-0.020900
0.007169
-0.020900
0.007169
-0.022053
-0.001374
-0.022053
-0.001374
-0.014622
-0.016566
-0.014622
-0.016566
0.016894
0.014241
0.016894
0.014241
0.001877
0.022016
0.001877
0.022016
-0.006691
0.021058
-0.006691
0.021058
-0.019622
0.010159
-0.019622
0.010159
-0.010672
0.019349
-0.010672
0.019349
-0.021227
0.006135
-0.021227
0.006135
-0.021960
-0.002455
-0.021960
-0.002455
-0.013792
-0.017264
-0.013792
-0.017264
-0.012517
0.018211
-0.012517
0.018211
-0.021728
0.004026
-0.021728
0.004026
-0.021614
-0.004595
-0.021614
-0.004595
-0.012034
-0.018533
-0.012034
-0.018533
-0.020303
-0.008723
-0.020303
-0.008723
-0.008188
-0.020525
-0.008188
-0.020525
0.000289
-0.022095
0.000289
-0.022095
0.015829
-0.015420
0.015829
-0.015420
0.015248
-0.015989
0.015248
-0.015989
0.022088
-0.000525
0.022088
-0.000525
0.020608
0.007969
0.020608
0.007969
0.008938
0.020206
0.008938
0.020206
0.018657
0.011837
0.018657
0.011837
0.004823
0.021562
0.004823
0.021562
-0.003796
0.021766
-0.003796
0.021766
-0.018075
0.012707
-0.018075
0.012707
0.017407
0.013609
0.017407
0.013609
0.002686
0.021932
0.002686
0.021932
-0.005912
0.021290
-0.005912
0.021290
-0.019235
0.010874
-0.019235
0.010874
-0.009952
0.019728
-0.009952
0.019728
-0.020987
0.006913
-0.020987
0.006913
-0.022035
-0.001645
-0.022035
-0.001645
-0.014418
-0.016744
-0.014418
-0.016744
0.016719
0.014448
0.016719
0.014448
0.001606
0.022038
0.001606
0.022038
-0.006950
0.020975
-0.006950
0.020975
-0.019745
0.009917
-0.019745
0.009917
-0.010909
0.019217
-0.010909
0.019217
-0.021302
0.005875
-0.021302
0.005875
-0.021929
-0.002724
-0.021929
-0.002724
-0.013580
-0.017432
-0.013580
-0.017432
-0.012740
0.018056
-0.012740
0.018056
-0.021776
0.003759
-0.021776
0.003759
-0.021557
-0.004860
-0.021557
-0.004860
-0.011806
-0.018680
-0.011806
-0.018680
-0.020195
-0.008971
-0.020195
-0.008971
-0.007936
-0.020624
-0.007936
-0.020624
0.000560
-0.022091
0.000560
-0.022091
0.016017
-0.015224
0.016017
-0.015224
0.016360
0.014853
0.016360
0.014853
0.001065
0.022071
0.001065
0.022071
-0.007462
0.020799
-0.007462
0.020799
-0.019983
0.009431
-0.019983
0.009431
-0.011376
0.018944
-0.011376
0.018944
-0.021439
0.005352
-0.021439
0.005352
-0.021856
-0.003260
-0.021856
-0.003260
-0.013149
-0.017760
-0.013149
-0.017760
-0.013179
0.017740
-0.013179
0.017740
-0.021862
0.003225
-0.021862
0.003225
-0.021432
-0.005387
-0.021432
-0.005387
-0.011345
-0.018964
-0.011345
-0.018964
-0.019970
-0.009464
-0.019970
-0.009464
-0.007429
-0.020813
-0.007429
-0.020813
0.001101
-0.022071
0.001101
-0.022071
0.016386
-0.014828
0.016386
-0.014828
-0.014033
0.017072
-0.014033
0.017072
-0.021994
0.002149
-0.021994
0.002149
-0.021142
-0.006431
-0.021142
-0.006431
-0.010402
-0.019497
-0.010402
-0.019497
-0.019481
-0.010431
-0.019481
-0.010431
-0.006399
-0.021151
-0.006399
-0.021151
0.002182
-0.021990
0.002182
-0.021990
0.017092
-0.014006
0.017092
-0.014006
-0.018365
-0.012290
-0.018365
-0.012290
-0.004295
-0.021676
-0.004295
-0.021676
0.004326
-0.021670
0.004326
-0.021670
0.018383
-0.012264
0.018383
-0.012264
0.008470
-0.020409
0.008470
-0.020409
0.020421
-0.008442
0.020421
-0.008442
0.022097
0.000016
0.022097
0.000016
0.015614
0.015636
0.015614
0.015636
