-0.124962
0.003069
-0.124962
0.003069
-0.090531
-0.086192
-0.090531
-0.086192
-0.050657
-0.114275
-0.050657
-0.114275
0.044985
-0.116625
0.044985
-0.116625
-0.027390
-0.121961
-0.027390
-0.121961
0.066872
-0.105607
0.066872
-0.105607
0.102196
-0.071977
0.102196
-0.071977
0.123159
0.021368
0.123159
0.021368
-0.015304
-0.124058
-0.015304
-0.124058
0.076901
-0.098543
0.076901
-0.098543
0.108758
-0.061613
0.108758
-0.061613
0.120471
0.033336
0.120471
0.033336
0.118688
-0.039211
0.118688
-0.039211
0.111652
0.056199
0.111652
0.056199
0.081647
0.094649
0.081647
0.094649
-0.009193
0.124660
-0.009193
0.124660
-0.009197
-0.124658
-0.009197
-0.124658
0.081644
-0.094650
0.081644
-0.094650
0.111650
-0.056201
0.111650
-0.056201
0.118689
0.039208
0.118689
0.039208
0.120469
-0.033339
0.120469
-0.033339
0.108759
0.061610
0.108759
0.061610
0.076903
0.098540
0.076903
0.098540
-0.015299
0.124057
-0.015299
0.124057
0.123157
-0.021370
0.123157
-0.021370
0.102196
0.071974
0.102196
0.071974
0.066874
0.105604
0.066874
0.105604
-0.027386
0.121960
-0.027386
0.121960
0.044986
0.116622
0.044986
0.116622
-0.050654
0.114274
-0.050654
0.114274
-0.090529
0.086190
-0.090529
0.086190
-0.124960
-0.003068
-0.124960
-0.003068
