2.000808715820312608e-04
1.999378204345703179e-04
1.999855041503906142e-04
2.463340759277343858e-04
4.000663757324218750e-04
1.999855041503906142e-04
1.999855041503906142e-04
3.999710083007812283e-04
4.000186920166015517e-04
4.789352416992187392e-04
4.003524780273437608e-04
4.001617431640625217e-04
3.998756408691406358e-04
5.003452301025390408e-04
4.004478454589843533e-04
6.000041961669921658e-04
3.999710083007812283e-04
7.005214691162108941e-04
1.201343536376953168e-03
7.010459899902343967e-04
6.005287170410156684e-04
6.000518798828125434e-04
5.010604858398437283e-04
6.008148193359375000e-04
6.003856658935546441e-04
8.000850677490234809e-04
8.332252502441406684e-04
7.999897003173828342e-04
7.008552551269531033e-04
8.000373840332031033e-04
1.006841659545898438e-03
7.998943328857421875e-04
9.999752044677733941e-04
1.005792617797851649e-03
7.999420166015624566e-04
9.014606475830078125e-04
9.999275207519531250e-04
1.101827621459960851e-03
1.000070571899414149e-03
1.109790802001953168e-03
1.102685928344726562e-03
1.201200485229492144e-03
1.110792160034179688e-03
1.309061050415039149e-03
1.119613647460937500e-03
9.999752044677733941e-04
1.300811767578125000e-03
1.434612274169921832e-03
1.199865341186523524e-03
1.300954818725586024e-03
1.300764083862304731e-03
1.399993896484375000e-03
1.301574707031249957e-03
1.501274108886718793e-03
1.200151443481445356e-03
1.502466201782226606e-03
1.509428024291992188e-03
1.308774948120117101e-03
1.718282699584960938e-03
1.501131057739257769e-03
1.501369476318359332e-03
1.501083374023437500e-03
1.599931716918945399e-03
1.701831817626953125e-03
1.501560211181640625e-03
1.638174057006835938e-03
1.833105087280273524e-03
1.500368118286132812e-03
1.800727844238281293e-03
1.700401306152343750e-03
1.700878143310546875e-03
1.801586151123046788e-03
1.900768280029296788e-03
1.901435852050781207e-03
1.900768280029296788e-03
1.901817321777343793e-03
1.700925827026367144e-03
1.920413970947265668e-03
2.032804489135742361e-03
1.900529861450195226e-03
2.101135253906249827e-03
1.801681518554687543e-03
2.001047134399414062e-03
2.148962020874023351e-03
2.019262313842773351e-03
2.101564407348632899e-03
2.121019363403320486e-03
2.031373977661132986e-03
2.301311492919921788e-03
2.301597595214843837e-03
2.111101150512695399e-03
2.420997619628906163e-03
2.230501174926757726e-03
2.326154708862304774e-03
2.300834655761718663e-03
2.300834655761718663e-03
2.403974533081054688e-03
2.449655532836914149e-03
2.917957305908202952e-03
2.450466156005859375e-03
2.301311492919921788e-03
2.521228790283202952e-03
2.411603927612304688e-03
2.730274200439453212e-03
2.492141723632812327e-03
2.602481842041015712e-03
2.501201629638671702e-03
2.741098403930664062e-03
2.601194381713867361e-03
2.902650833129882899e-03
2.701330184936523611e-03
2.907609939575195226e-03
2.701663970947265712e-03
3.002071380615234462e-03
2.720165252685547048e-03
2.808189392089843663e-03
2.934980392456054861e-03
2.901792526245117188e-03
3.137636184692382986e-03
2.901411056518554601e-03
3.001880645751952952e-03
2.801418304443359375e-03
3.202104568481445399e-03
2.900981903076171962e-03
3.201580047607421788e-03
3.215885162353515538e-03
3.002548217773437587e-03
3.146743774414062413e-03
3.250408172607422048e-03
3.124761581420898611e-03
2.900791168212890452e-03
3.401803970336914236e-03
3.316259384155273351e-03
3.101491928100586024e-03
3.317642211914062673e-03
3.453731536865234375e-03
3.300857543945312327e-03
3.402328491210937413e-03
3.402328491210937413e-03
3.402137756347656337e-03
3.438806533813476476e-03
3.276252746582031337e-03
3.601789474487304688e-03
3.502035140991211024e-03
3.445959091186523351e-03
3.441572189331054688e-03
3.802251815795898264e-03
3.501987457275390538e-03
3.602361679077148351e-03
3.449487686157226736e-03
3.802633285522460851e-03
3.582429885864257639e-03
3.611898422241210851e-03
3.771734237670898264e-03
3.649854660034179774e-03
3.802871704101562413e-03
3.937101364135742534e-03
3.788185119628906077e-03
3.802728652954101389e-03
3.802299499511718750e-03
3.762674331665038889e-03
4.104089736938476389e-03
3.936338424682617361e-03
4.003047943115234375e-03
4.000091552734374653e-03
4.129552841186523091e-03
3.904485702514648524e-03
3.950881958007812673e-03
4.045820236206055034e-03
4.019212722778320139e-03
4.201793670654296528e-03
4.223871231079101736e-03
4.218196868896484722e-03
4.202079772949218577e-03
4.201793670654296528e-03
4.002904891967773784e-03
4.226732254028320486e-03
4.002046585083007639e-03
4.119157791137695312e-03
4.345607757568359202e-03
4.811811447143554861e-03
4.329681396484375000e-03
4.614782333374023264e-03
4.202556610107421702e-03
4.603099822998046702e-03
4.389810562133789236e-03
4.201793670654296528e-03
4.792070388793945659e-03
4.413509368896484028e-03
4.719781875610351736e-03
4.555273056030273611e-03
4.705333709716796528e-03
4.603481292724609722e-03
4.602670669555664062e-03
4.504489898681640798e-03
4.978752136230469097e-03
4.920816421508789409e-03
4.905557632446289409e-03
4.850673675537109548e-03
5.202484130859374827e-03
