4.400014877319335938e-04
3.522539138793945399e-04
4.040408134460449392e-04
4.825782775878906077e-04
5.402731895446777734e-04
5.997514724731445226e-04
6.561827659606933637e-04
7.130289077758788716e-04
7.617759704589843490e-04
8.180761337280273958e-04
8.684229850769042578e-04
9.234595298767089800e-04
9.694981575012206771e-04
1.015348434448242257e-03
1.066777706146240312e-03
1.117918491363525469e-03
1.170320510864257882e-03
1.221489906311035200e-03
1.270806789398193273e-03
1.320261955261230451e-03
1.375930309295654227e-03
1.424689292907714826e-03
1.478741168975830069e-03
1.531686782836913984e-03
1.593766212463378854e-03
1.633396148681640634e-03
1.678395271301269488e-03
1.726713180541992109e-03
1.773910522460937431e-03
1.826825141906738333e-03
1.875610351562500026e-03
2.869734764099121302e-03
1.954262256622314557e-03
2.007715702056884609e-03
2.055063247680663941e-03
2.107672691345214688e-03
2.152836322784423741e-03
2.196488380432128854e-03
2.245419025421142422e-03
2.297890186309814280e-03
2.343587875366210781e-03
2.386090755462646432e-03
2.436454296112060443e-03
2.498688697814941458e-03
2.537968158721923880e-03
2.586672306060791224e-03
2.633883953094482300e-03
2.685716152191161901e-03
2.728435993194579939e-03
2.774438858032226597e-03
2.815613746643066614e-03
2.863216400146484548e-03
2.913846969604492066e-03
2.954549789428711094e-03
3.001840114593505669e-03
3.051280975341796875e-03
3.105006217956543003e-03
3.152112960815429705e-03
3.190619945526123116e-03
3.246536254882812292e-03
3.285508155822753924e-03
3.332674503326416016e-03
3.375856876373291206e-03
3.430595397949218542e-03
3.468635082244873099e-03
3.517887592315673863e-03
3.560776710510253802e-03
3.613324165344238090e-03
3.658792972564697300e-03
3.714785575866699340e-03
3.748350143432617031e-03
4.787557125091553012e-03
3.815357685089111432e-03
3.867230415344238316e-03
3.918039798736572439e-03
3.964672088623047083e-03
4.020648002624511649e-03
4.068367481231689731e-03
4.115102291107178116e-03
4.173102378845214462e-03
4.217600822448730816e-03
4.255371093749999931e-03
4.311332702636718958e-03
4.355456829071045061e-03
4.405980110168457135e-03
4.443018436431884523e-03
4.492380619049072231e-03
4.541146755218506033e-03
4.598195552825927630e-03
4.631917476654052318e-03
4.692103862762451311e-03
4.737079143524169922e-03
4.783904552459717144e-03
4.817750453948974748e-03
4.864249229431152205e-03
5.920956134796142786e-03
4.918315410614013637e-03
4.966058731079101528e-03
5.019180774688720981e-03
5.071470737457275599e-03
5.128791332244872839e-03
5.172190666198730850e-03
5.221786499023437118e-03
5.278694629669189627e-03
5.352637767791748082e-03
5.373668670654296702e-03
5.431036949157714427e-03
5.476133823394775321e-03
5.507450103759765209e-03
5.562517642974853377e-03
5.601806640625000069e-03
5.656235218048095981e-03
5.697453022003173481e-03
5.743749141693114957e-03
6.768672466278075929e-03
5.798223018646239853e-03
5.853345394134521276e-03
5.919294357299804618e-03
5.977876186370849332e-03
1.339194059371948305e-02
6.058750152587891007e-03
6.107530593872070347e-03
6.154518127441405834e-03
6.223795413970947647e-03
6.255223751068115547e-03
7.246942520141601805e-03
6.312315464019775495e-03
6.364793777465820555e-03
6.425378322601318741e-03
6.480536460876464878e-03
6.543564796447754080e-03
6.602087020874023403e-03
6.651566028594970391e-03
6.690776348114014019e-03
6.735627651214599713e-03
7.722027301788329801e-03
6.763985157012939245e-03
6.834876537322997873e-03
6.877093315124511476e-03
6.921052932739257812e-03
6.978294849395751988e-03
7.055099010467529193e-03
7.094948291778564210e-03
7.127554416656494383e-03
8.121867179870605885e-03
7.177615165710448872e-03
7.241289615631103099e-03
7.311556339263915877e-03
7.356779575347900321e-03
7.412717342376708672e-03
7.460405826568603307e-03
7.496645450592040807e-03
7.547116279602051128e-03
7.598781585693359028e-03
7.636282444000244002e-03
7.669544219970703472e-03
8.653013706207276015e-03
7.739889621734619314e-03
7.791671752929687361e-03
7.845852375030517439e-03
7.897810935974121024e-03
7.944843769073485495e-03
8.010706901550292136e-03
8.044033050537110000e-03
8.103468418121338723e-03
8.132271766662597934e-03
8.152260780334472101e-03
9.175193309783936241e-03
8.217406272888184288e-03
8.272051811218261719e-03
8.329198360443115789e-03
8.377006053924560339e-03
8.429172039031982908e-03
8.486385345458985138e-03
8.526840209960938333e-03
8.576390743255614749e-03
8.615827560424805034e-03
9.582858085632323802e-03
8.684074878692627300e-03
8.742070198059082378e-03
8.803269863128661277e-03
8.845846652984618724e-03
8.890957832336425157e-03
8.959813117980957101e-03
9.937198162078856797e-03
9.024798870086669922e-03
9.070308208465575547e-03
9.116196632385253559e-03
9.172019958496093264e-03
9.215214252471924661e-03
9.255988597869873116e-03
9.291713237762450409e-03
1.025217056274414090e-02
9.355239868164062778e-03
9.442732334136963446e-03
9.487073421478271068e-03
9.537956714630126120e-03
9.591057300567626398e-03
1.054820537567138609e-02
9.640605449676513047e-03
9.708440303802490581e-03
9.767587184906006623e-03
9.817712306976318637e-03
9.885988235473631980e-03
1.084489345550537082e-02
9.918496608734131414e-03
9.990959167480469375e-03
1.005861282348632750e-02
1.012060165405273375e-02
1.014285326004028299e-02
1.106756210327148465e-02
1.020104885101318429e-02
1.026440858840942452e-02
1.032434463500976618e-02
1.038419246673583964e-02
1.129517555236816441e-02
1.044128179550170982e-02
1.050423145294189509e-02
1.058377981185913003e-02
1.061514616012573277e-02
1.066238164901733322e-02
1.069489240646362242e-02
1.163204908370971645e-02
1.072805881500244092e-02
1.079258680343627916e-02
1.085624456405639635e-02
1.180996656417846596e-02
1.092437028884887633e-02
1.099374771118164125e-02
1.106720685958862381e-02
1.111743688583374107e-02
1.116542816162109306e-02
1.204980373382568380e-02
1.116228342056274463e-02
1.120704889297485275e-02
1.127658605575561530e-02
1.131890058517456138e-02
1.228493213653564405e-02
1.143264055252075223e-02
1.150233268737792941e-02
1.155027627944946352e-02
1.248986005783080978e-02
1.162570476531982373e-02
1.168174028396606369e-02
1.173155069351196345e-02
1.178308725357055629e-02
1.267184019088745187e-02
1.181588888168334968e-02
1.187124252319335903e-02
1.191775798797607352e-02
1.286463975906372049e-02
1.202726840972900314e-02
1.210485458374023493e-02
1.213665246963500921e-02
1.308510780334472615e-02
1.220406055450439474e-02
1.229668617248535177e-02
1.233402729034423911e-02
1.320194005966186454e-02
1.237108945846557631e-02
1.242200851440429694e-02
1.337706565856933670e-02
1.247934103012084996e-02
1.255451202392578181e-02
1.262160062789917034e-02
1.357908248901367257e-02
1.269540309906005797e-02
1.278289079666137737e-02
1.283712625503539984e-02
1.383275985717773507e-02
1.288901805877685526e-02
1.295933485031127916e-02
1.300388097763061600e-02
1.394880533218383761e-02
1.310194253921508761e-02
1.313977718353271512e-02
1.411935329437255873e-02
1.319889307022094685e-02
1.326326370239257896e-02
2.333776473999023271e-02
1.336230754852294964e-02
1.431011438369751004e-02
1.344649553298950251e-02
1.351858139038085958e-02
1.355434656143188546e-02
1.448659420013427741e-02
1.362719297409057534e-02
1.369008064270019545e-02
1.462090730667114230e-02
1.377994775772094747e-02
1.384064674377441344e-02
1.479455947875976500e-02
1.389999151229858419e-02
1.397122621536254876e-02
1.407283782958984424e-02
1.495401144027709919e-02
1.410504341125488198e-02
1.416148185729980413e-02
1.507943868637084961e-02
1.424974441528320361e-02
1.429338932037353509e-02
1.523283481597900377e-02
1.439738512039184619e-02
1.446549654006958063e-02
1.530044317245483378e-02
1.448296785354614286e-02
1.540392875671386767e-02
1.457417011260986328e-02
1.465808391571044901e-02
1.556446790695190444e-02
1.472780942916870200e-02
1.479106187820434549e-02
1.569907188415527177e-02
1.486811161041259703e-02
1.490545749664306564e-02
1.585012197494506739e-02
1.499426126480102490e-02
1.505708694458007812e-02
1.598145246505737471e-02
1.514245033264160177e-02
1.605713605880737180e-02
1.523039102554321275e-02
1.526419639587402351e-02
1.619090795516967690e-02
1.534390211105346631e-02
1.629055261611938449e-02
1.539018154144287075e-02
1.544928312301635694e-02
1.639354228973388672e-02
1.560043811798095779e-02
1.563245534896850683e-02
1.655188083648681530e-02
1.570977210998535101e-02
1.666336774826049708e-02
1.582638978958129938e-02
1.586661577224731529e-02
1.680947065353393527e-02
1.597391843795776395e-02
1.690340042114257812e-02
1.606312036514282240e-02
1.611054897308349457e-02
1.701150655746459794e-02
1.617439508438110393e-02
1.710054397583007924e-02
1.626015663146972504e-02
1.719933986663818234e-02
1.635578393936157338e-02
1.639846801757812583e-02
1.732533931732177859e-02
1.651782751083373871e-02
1.744245529174804840e-02
1.657932281494140653e-02
1.752418756484985449e-02
1.667480468749999931e-02
1.675023555755615276e-02
1.765526294708251800e-02
1.685545444488525252e-02
1.779044628143310394e-02
1.693074464797973688e-02
1.790868759155273340e-02
1.700148582458495955e-02
1.793496608734130790e-02
1.707553148269653348e-02
1.799178123474121094e-02
1.715799570083618303e-02
1.811530590057373186e-02
1.728386878967285226e-02
1.820218801498412961e-02
1.733998537063598591e-02
1.828233957290649470e-02
1.742873191833495955e-02
1.838849067687988240e-02
1.754389762878418024e-02
1.846762418746948284e-02
1.759869098663329953e-02
1.853617906570434459e-02
1.774688243865966963e-02
1.859608650207519517e-02
1.775102853775024567e-02
1.876902341842651492e-02
1.795024871826171944e-02
1.888710975646972628e-02
1.809555053710937625e-02
1.898418664932250907e-02
1.815454959869384696e-02
1.904921054840087724e-02
1.818711042404174902e-02
1.910043001174926633e-02
1.830654382705688629e-02
1.917796373367309723e-02
1.836102008819580009e-02
1.927454948425293135e-02
1.935503005981445424e-02
1.850293397903442216e-02
1.943573951721191267e-02
1.858525753021240262e-02
1.948938369750976424e-02
1.861712217330932506e-02
1.958671808242797713e-02
1.878456592559814287e-02
1.969471216201782240e-02
1.978179693222045787e-02
1.889918327331542927e-02
1.982580423355102470e-02
1.899306774139404227e-02
1.992277622222900224e-02
1.908374547958373996e-02
2.001428604125976562e-02
2.005126953124999889e-02
1.922606468200683746e-02
2.011708021163940291e-02
1.927873373031616100e-02
2.021106719970703139e-02
2.027985572814941517e-02
1.944652795791625838e-02
2.038511991500854478e-02
1.955914497375488281e-02
2.045735836029052845e-02
2.050866603851318401e-02
1.968410730361938588e-02
2.058090209960937444e-02
1.979548215866088964e-02
2.069437980651855566e-02
2.074306964874267703e-02
1.985314130783081069e-02
2.081799030303954981e-02
1.999356985092163100e-02
2.091010332107543987e-02
2.097290754318237305e-02
2.013154745101928753e-02
2.104757785797119196e-02
2.111377239227294964e-02
2.025933027267455902e-02
2.121762752532958818e-02
2.127053260803222698e-02
2.042785167694091686e-02
2.136270046234130943e-02
2.140246629714965751e-02
2.051245689392089747e-02
2.142880201339721763e-02
2.154009580612182770e-02
2.065801382064819461e-02
2.158322572708129897e-02
2.160633087158203222e-02
2.075930356979370159e-02
2.170332908630371108e-02
2.092752456665038924e-02
2.182513952255249121e-02
2.185410261154174805e-02
2.105571746826171917e-02
2.195164203643798842e-02
2.197663068771362263e-02
2.116403818130493247e-02
2.212395906448364272e-02
2.220629215240478571e-02
2.138838768005370955e-02
2.231590032577514607e-02
2.230412006378173703e-02
2.234914541244506850e-02
2.152190208435058455e-02
2.241978645324706892e-02
2.247552871704101493e-02
2.250098228454589996e-02
2.167805433273315568e-02
2.260965347290038938e-02
2.261555433273315305e-02
2.266503334045410004e-02
2.188138723373413141e-02
2.277709722518921065e-02
2.284086465835571261e-02
2.289316654205322127e-02
2.205571413040161022e-02
2.297398328781127819e-02
2.302831411361694336e-02
2.308350086212158231e-02
2.313066482543945160e-02
2.227891683578491280e-02
2.320035934448242201e-02
2.326785564422607575e-02
3.506697177886963085e-02
2.240692615509033356e-02
2.338573694229125963e-02
2.341177701950073256e-02
2.342901229858398299e-02
2.346383094787597712e-02
2.269821166992187431e-02
2.361638784408569280e-02
2.365372657775878865e-02
2.368449926376342898e-02
2.374854803085327259e-02
2.376574516296386594e-02
2.297676086425781347e-02
2.392726898193359500e-02
2.390353918075561676e-02
2.391017198562622043e-02
2.398073911666869992e-02
2.318933963775634752e-02
2.407571792602539174e-02
2.413363933563232588e-02
2.418232202529907102e-02
2.424183845520019517e-02
2.425146818161010714e-02
2.428428649902343583e-02
2.351659774780273313e-02
2.442842483520507937e-02
2.447634935379028320e-02
2.447479009628296051e-02
2.453370332717895452e-02
2.459532976150512543e-02
2.461140871047973536e-02
2.470884561538696372e-02
2.384526014328003027e-02
2.472286939620971583e-02
2.479354381561279380e-02
2.483046770095825168e-02
2.489712715148925670e-02
2.498553276062011677e-02
2.501160383224487402e-02
2.503879308700561468e-02
2.510085344314575209e-02
2.514707565307617090e-02
2.431926250457763783e-02
2.524188041687011608e-02
2.521530866622924763e-02
2.531924247741699358e-02
2.536061286926269420e-02
2.545953989028930733e-02
2.550150871276855510e-02
2.554154396057128906e-02
2.556925535202026270e-02
2.560544967651367035e-02
2.563461780548095814e-02
2.569055795669555539e-02
2.576376199722290108e-02
2.578452348709106556e-02
2.581639051437377777e-02
2.586583614349365068e-02
2.592253446578979617e-02
2.590824604034423773e-02
2.599027633666992076e-02
2.606072664260864272e-02
2.610148429870605413e-02
2.528914928436279408e-02
2.620460748672485268e-02
2.626063346862793010e-02
2.627578258514404186e-02
2.634899377822876032e-02
2.628295660018921051e-02
2.634421110153198353e-02
2.642432928085327107e-02
2.652438640594482339e-02
2.652208089828491169e-02
2.654870271682739299e-02
2.663753986358642634e-02
2.664154529571533328e-02
2.675977230072021373e-02
2.758328437805175615e-02
2.676499366760254003e-02
2.690344095230102692e-02
2.692070245742797865e-02
2.696229696273803877e-02
2.700041055679321123e-02
2.704960823059082003e-02
2.704208612442016504e-02
2.713617801666259877e-02
2.710321426391601451e-02
2.714598178863525391e-02
2.724108219146728627e-02
2.733563423156738434e-02
2.835350275039673004e-02
2.755087852478027219e-02
2.744970798492431599e-02
2.752516984939575029e-02
2.835532903671264537e-02
2.760643243789672949e-02
2.765789031982422014e-02
2.768080711364746122e-02
2.771424055099487235e-02
2.775748252868652510e-02
2.783157110214233565e-02
2.785912036895751842e-02
2.793662786483764801e-02
2.796019315719604562e-02
2.887782573699951283e-02
2.803514003753661971e-02
2.811678886413574233e-02
2.812190055847168038e-02
2.818951606750488142e-02
2.819071054458618247e-02
2.823479413986205999e-02
2.829782962799072196e-02
2.840976953506469879e-02
2.843830347061157213e-02
2.936197757720947210e-02
2.853271007537841811e-02
2.855826616287231515e-02
2.856267452239990082e-02
2.864581584930419797e-02
2.869964361190795871e-02
2.873155117034912123e-02
2.961838483810424680e-02
2.880496263504028417e-02
2.883362770080566406e-02
2.885295152664184640e-02
2.891890525817870927e-02
2.895089149475097573e-02
2.902962446212768721e-02
2.985551834106445201e-02
2.908942937850952232e-02
2.913338184356689328e-02
2.918865203857421917e-02
2.924663305282592871e-02
2.849589824676513825e-02
3.021721601486206110e-02
3.025541782379150349e-02
2.945089340209960938e-02
2.945452451705932520e-02
2.956795454025268680e-02
3.044960975646972615e-02
2.963819265365600503e-02
2.958935737609863156e-02
3.055078506469726535e-02
2.977448225021362208e-02
2.976228475570678877e-02
2.984019756317138686e-02
3.073101282119751129e-02
2.992585659027099595e-02
2.994993209838867076e-02
3.091595649719238240e-02
3.005287408828735338e-02
3.008114576339721707e-02
3.101420402526855469e-02
3.020640850067138686e-02
3.026034593582153237e-02
3.112989187240600489e-02
3.039697408676147322e-02
3.037964344024658356e-02
3.131831169128417719e-02
3.038713455200195424e-02
3.042747259140014815e-02
3.135610103607177485e-02
3.062907695770263755e-02
3.057230234146118136e-02
3.151929378509521484e-02
3.078885555267334151e-02
3.081716299057006905e-02
3.175232172012329435e-02
3.089862346649169950e-02
3.175902128219604270e-02
3.096621513366699247e-02
3.099723815917968667e-02
3.194059848785400085e-02
3.109642505645751967e-02
3.198437929153442189e-02
3.122298002243041951e-02
3.122132301330566434e-02
3.217307329177856307e-02
3.127984523773193193e-02
3.220061302185058677e-02
3.137679815292358093e-02
3.140481233596801453e-02
3.240680694580078125e-02
3.154460906982421708e-02
3.239861011505126842e-02
3.163009881973266602e-02
3.250630140304565374e-02
3.170782804489135492e-02
3.264808416366576926e-02
3.178977727890014426e-02
3.271614789962768582e-02
3.189689636230468722e-02
3.277781724929809681e-02
3.205989837646484181e-02
3.294991493225097462e-02
3.209418773651123019e-02
3.305516958236694169e-02
3.214893817901611633e-02
3.304239749908446933e-02
3.224226236343383928e-02
3.315552711486816073e-02
3.230600595474242970e-02
3.327632665634155246e-02
3.241364240646362610e-02
3.332342863082885659e-02
3.251826763153076172e-02
3.344208717346191378e-02
3.263418674468994418e-02
3.355618953704833651e-02
3.279067754745483565e-02
3.359500885009765458e-02
3.361759424209594810e-02
3.284561634063720703e-02
3.380154848098754911e-02
3.293040752410889005e-02
3.386643648147583119e-02
3.390937805175781028e-02
3.306357860565185824e-02
3.397190093994140875e-02
3.318675994873046542e-02
3.405958414077758789e-02
3.327940464019775446e-02
3.420947074890137024e-02
3.422009468078613531e-02
3.336871623992920116e-02
3.426179170608520397e-02
3.353307723999023743e-02
3.447066307067871149e-02
3.440691232681274137e-02
3.363297700881957841e-02
3.452906131744384877e-02
3.367495775222778542e-02
3.461302757263183538e-02
3.478767395019530945e-02
3.382024526596069669e-02
3.477918148040771290e-02
3.485371112823486273e-02
3.401882171630859347e-02
3.484504938125610601e-02
3.491636991500854381e-02
4.837501525878906000e-02
3.415257692337036327e-02
3.503312349319458174e-02
3.507078886032104215e-02
3.431885242462158481e-02
3.518007278442383118e-02
3.524586200714110995e-02
3.528005123138427956e-02
3.451689481735229631e-02
3.541113376617431585e-02
3.535982847213745006e-02
3.464499473571777677e-02
3.553336381912231695e-02
3.551757812499999750e-02
3.563300609588623130e-02
3.483465671539306974e-02
3.575875282287597351e-02
3.574773311614989901e-02
3.491010427474975503e-02
3.587503910064697432e-02
3.581302881240844976e-02
3.589235544204712192e-02
3.596735954284668163e-02
3.513443231582641380e-02
3.602874040603637473e-02
3.608750104904175082e-02
3.612627744674682534e-02
3.620190382003784374e-02
3.621249914169311773e-02
3.545605659484863531e-02
3.628755331039428683e-02
3.633321285247802929e-02
3.640123128890990906e-02
3.643075227737426619e-02
3.648366212844848799e-02
3.649233818054199024e-02
3.656296491622924860e-02
3.571071147918700867e-02
3.660983562469482394e-02
3.668987035751342801e-02
3.680521011352538840e-02
3.678470849990844727e-02
3.686599254608154130e-02
3.695120573043823159e-02
3.688132762908935547e-02
3.611908674240112138e-02
3.706014156341552734e-02
3.708449125289917103e-02
3.707037210464477622e-02
3.715824365615844754e-02
3.720782518386840654e-02
3.724117755889892745e-02
3.731500625610351812e-02
3.743259429931640458e-02
3.743838310241699024e-02
3.746407747268677008e-02
3.661628723144531167e-02
3.758992433547973799e-02
3.762870788574218528e-02
3.763803243637085100e-02
3.763227462768554965e-02
3.774035453796386469e-02
3.777257919311523271e-02
3.776690244674682506e-02
3.782120227813720592e-02
3.785385608673095398e-02
3.790484905242919728e-02
3.797337770462036466e-02
3.803269624710083063e-02
3.807453632354736162e-02
3.817801952362060575e-02
3.821316719055176114e-02
3.828060388565063255e-02
3.824410438537597517e-02
3.840637445449829324e-02
3.833745241165160966e-02
3.837607383728027649e-02
3.842502355575561773e-02
3.851362943649291881e-02
3.849632740020751676e-02
3.856605052947997825e-02
3.862560987472533902e-02
3.870983123779296597e-02
3.874214887619018693e-02
3.871306419372558261e-02
3.892204523086548185e-02
3.887370586395264005e-02
3.886523962020874134e-02
3.889776468276977262e-02
3.895187616348266824e-02
3.902479171752929604e-02
3.989605665206909235e-02
3.913346052169799916e-02
3.914633750915527677e-02
3.921778678894043135e-02
3.918621540069579939e-02
3.930594921112060686e-02
3.927443027496337752e-02
3.938689947128296009e-02
3.944196939468383456e-02
4.033194303512573076e-02
3.950868368148803544e-02
3.959893226623534962e-02
3.965525388717651423e-02
3.965035200119018666e-02
3.963310718536376676e-02
4.057198762893676758e-02
3.982048034667969028e-02
3.988886356353759516e-02
3.990956783294677401e-02
3.994857549667358426e-02
3.998789072036743053e-02
4.089900255203247209e-02
4.003973722457885437e-02
4.012787818908691156e-02
4.012699604034423995e-02
4.020930767059326116e-02
4.022120952606201422e-02
4.029717206954955971e-02
4.120435476303100503e-02
4.041115045547485213e-02
4.043431282043456754e-02
4.049062967300415261e-02
4.131641149520873940e-02
4.049521923065185769e-02
4.052469253540039174e-02
4.063452720642089788e-02
4.147759675979614119e-02
4.079498767852782898e-02
4.079158306121825894e-02
4.079373598098754578e-02
4.169353246688842912e-02
4.092892408370971818e-02
4.094921112060546931e-02
4.188137769699096929e-02
4.105551719665527510e-02
4.107671976089477539e-02
4.199402809143066434e-02
4.114745378494262529e-02
4.115968227386474637e-02
4.213329076766967468e-02
4.132706642150878878e-02
4.136671066284179632e-02
4.222626686096191129e-02
4.143775224685668918e-02
4.150081872940063199e-02
4.236561775207519503e-02
4.161136150360107699e-02
4.236307621002197155e-02
4.173258781433105552e-02
4.176094055175780945e-02
4.185821771621704018e-02
4.263630390167236217e-02
4.181300401687622348e-02
4.187638759613036832e-02
4.288233041763305636e-02
4.200770378112792663e-02
4.295215368270874357e-02
4.207427263259887890e-02
4.208994626998901339e-02
4.307622909545898160e-02
4.221608877182006503e-02
4.303629398345946988e-02
4.225810527801513589e-02
4.317411661148071178e-02
4.249698877334594921e-02
4.247467517852783481e-02
4.335687160491943221e-02
4.254657506942748774e-02
4.341753482818603432e-02
4.264507293701171736e-02
4.348323345184326033e-02
4.271762132644653376e-02
4.361327886581421037e-02
4.276248455047607089e-02
4.368117332458495983e-02
4.287635564804077176e-02
4.372827768325805720e-02
4.296017646789550976e-02
4.387073993682861356e-02
4.315781354904174583e-02
4.394351005554199274e-02
4.315297126770019365e-02
4.409350872039794617e-02
4.423704385757445956e-02
4.323297500610351340e-02
4.408537626266479520e-02
4.415586471557617076e-02
4.343675374984741488e-02
4.368616104125976757e-02
4.447741508483886441e-02
4.357065916061401284e-02
4.448928117752075362e-02
4.370700836181640875e-02
4.457936048507690763e-02
4.373025894165039062e-02
4.376039028167724720e-02
4.470538854598998801e-02
4.472259044647217130e-02
4.394572019577026173e-02
4.479725599288940374e-02
4.399955511093139870e-02
4.490715980529785128e-02
4.411607027053832814e-02
4.414779424667358149e-02
4.505614757537841630e-02
4.510680675506591880e-02
4.429386854171753207e-02
4.527081489562988226e-02
4.430083274841308677e-02
4.435419797897338645e-02
4.525795936584472989e-02
4.533354043960571150e-02
4.615907907485961720e-02
4.542682647705078430e-02
4.634195327758788840e-02
4.472996473312378096e-02
4.557787179946899692e-02
4.568361282348632618e-02
4.572116613388061551e-02
4.570355176925659096e-02
4.579709768295288363e-02
4.581049680709838728e-02
4.501435041427612194e-02
4.587250232696533231e-02
4.595889806747436440e-02
4.596839427947998352e-02
4.606528997421264343e-02
4.602057456970214816e-02
4.612267971038818554e-02
4.611018180847167858e-02
4.620730400085449469e-02
4.622038364410400307e-02
4.627919912338256808e-02
4.549646139144897239e-02
4.630157947540283064e-02
4.645247220993042186e-02
4.645498991012573381e-02
4.638681411743163924e-02
4.564772844314575473e-02
4.653602600097656028e-02
4.655655860900878573e-02
4.751883029937744446e-02
4.678323268890380998e-02
4.672570228576659879e-02
4.605371713638305858e-02
4.688597440719604464e-02
4.695220947265624917e-02
4.693974494934081976e-02
4.707816839218139510e-02
4.712728500366211021e-02
4.706706762313842690e-02
4.712049484252929521e-02
4.713071107864379855e-02
4.718823909759521651e-02
4.730113506317138589e-02
4.739055633544921736e-02
4.737188816070556779e-02
4.819807052612304354e-02
4.743396759033203375e-02
4.749494075775146512e-02
4.752315998077392273e-02
4.759132385253906500e-02
4.761043548583984708e-02
4.760927438735961664e-02
4.773977518081665150e-02
4.767292022705078153e-02
4.786164999008178655e-02
4.790586948394775363e-02
4.782362699508666687e-02
4.780639648437499944e-02
4.792248010635376254e-02
4.792878389358520841e-02
4.883157014846802035e-02
4.810967683792113925e-02
4.815279960632324469e-02
4.826975584030151339e-02
4.826192617416381891e-02
4.831245422363281139e-02
4.920896291732788225e-02
4.843584775924682922e-02
