3.414440155029296615e-04
3.891086578369140538e-04
4.371619224548339649e-04
5.151295661926269835e-04
5.789542198181152214e-04
6.437849998474121137e-04
7.010078430175780730e-04
7.629632949829101346e-04
8.189535140991211068e-04
8.792829513549804731e-04
9.335374832153320226e-04
9.824466705322266319e-04
1.039762496948242170e-03
1.090545654296874983e-03
1.141762733459472570e-03
1.199553012847900382e-03
1.252436637878418055e-03
1.303625106811523481e-03
1.360614299774169905e-03
1.418147087097168047e-03
1.472842693328857465e-03
1.522855758666992118e-03
1.586918830871582135e-03
1.648335456848144505e-03
1.691803932189941311e-03
1.744480133056640651e-03
2.793266773223876832e-03
1.843037605285644583e-03
1.893529891967773429e-03
1.947832107543945356e-03
2.004199028015136563e-03
2.061138153076172083e-03
2.114765644073486172e-03
2.167289257049560651e-03
2.218534946441650182e-03
2.271113395690917917e-03
2.318682670593261771e-03
2.363150119781494245e-03
2.410178184509277448e-03
2.455916404724121233e-03
2.509398460388183663e-03
2.560207843780517786e-03
2.609829902648925799e-03
2.661321163177490096e-03
2.715148925781249965e-03
2.769942283630370990e-03
2.814533710479736380e-03
2.877991199493408220e-03
2.921495437622070174e-03
2.970302104949951259e-03
3.012280464172363299e-03
3.059790134429931762e-03
3.106744289398193169e-03
3.158888816833496128e-03
3.209049701690673724e-03
3.265655040740966710e-03
3.306879997253417847e-03
3.367035388946533394e-03
3.411455154418945382e-03
3.466966152191162161e-03
3.513374328613281215e-03
3.545403480529785156e-03
3.602478504180908064e-03
3.651909828186035000e-03
3.719162940979003733e-03
4.821226596832275078e-03
3.781578540802001988e-03
3.846869468688964965e-03
3.914537429809569931e-03
3.950788974761963203e-03
4.006438255310058871e-03
4.056129455566406111e-03
4.098498821258544575e-03
4.147119522094726285e-03
4.199500083923339740e-03
4.249093532562256241e-03
4.301536083221435720e-03
4.353752136230468542e-03
4.404416084289550573e-03
4.461038112640381033e-03
4.505047798156738489e-03
4.550595283508301198e-03
4.615714550018310339e-03
4.655008316040039167e-03
4.701011180877685824e-03
4.742510318756103238e-03
4.801363945007324462e-03
4.854855537414551163e-03
4.896459579467773819e-03
5.992784500122070625e-03
4.974143505096435477e-03
5.046405792236328090e-03
5.089836120605468681e-03
5.141656398773192943e-03
5.201461315155028915e-03
5.247187614440917795e-03
5.300550460815429445e-03
5.338220596313476320e-03
5.385253429412841658e-03
5.443637371063232526e-03
5.506112575531006172e-03
5.543155670166015694e-03
5.594654083251953194e-03
5.668838024139404713e-03
5.700612068176269184e-03
5.733876228332519288e-03
6.809809207916259731e-03
5.820877552032470426e-03
5.854532718658446953e-03
5.911991596221923516e-03
5.973529815673827952e-03
6.015872955322265972e-03
6.062746047973632812e-03
6.127243041992187604e-03
6.182501316070556849e-03
6.245863437652587717e-03
6.297364234924316719e-03
6.345105171203613108e-03
6.393029689788818672e-03
1.535454988479614293e-02
6.466188430786132778e-03
6.510901451110840017e-03
6.576776504516601562e-03
6.626238822937011511e-03
6.674017906188964983e-03
6.735196113586425573e-03
6.776897907257079835e-03
6.866369247436523299e-03
7.933351993560790877e-03
6.877872943878173689e-03
6.960856914520263845e-03
7.021834850311279089e-03
7.082190513610839983e-03
7.156982421875000312e-03
7.182586193084716970e-03
7.255949974060058559e-03
7.315423488616943498e-03
8.323311805725097656e-03
7.323811054229736536e-03
7.394785881042480365e-03
7.473185062408447578e-03
7.520036697387695243e-03
7.570803165435791016e-03
7.661106586456298446e-03
7.670302391052246510e-03
7.743320465087890660e-03
8.798785209655761441e-03
7.742879390716553116e-03
7.812130451202392752e-03
7.885541915893554826e-03
7.939953804016113698e-03
7.988386154174804965e-03
8.042697906494139862e-03
8.100087642669678498e-03
8.144431114196777621e-03
8.175566196441649836e-03
8.225948810577391954e-03
9.283053874969481728e-03
8.348853588104247422e-03
8.370122909545897605e-03
8.442659378051758229e-03
8.504166603088378351e-03
8.531105518341065147e-03
8.589551448822022039e-03
8.624327182769776085e-03
8.683629035949706754e-03
8.751394748687744626e-03
9.810550212860107491e-03
8.813812732696532648e-03
8.892209529876708360e-03
8.911304473876953403e-03
8.973031044006348281e-03
9.036211967468262343e-03
9.073603153228759072e-03
9.149584770202636580e-03
1.018486022949218785e-02
9.202320575714111744e-03
9.270663261413574982e-03
9.318971633911132466e-03
9.386088848114013811e-03
9.443209171295166571e-03
9.484038352966309149e-03
1.054637432098388602e-02
9.581990242004394254e-03
9.620535373687743447e-03
9.660680294036865651e-03
9.725985527038573733e-03
9.766011238098145156e-03
9.801318645477294714e-03
1.081264495849609299e-02
9.892170429229735565e-03
9.958713054656983046e-03
1.001564502716064536e-02
1.011183261871337856e-02
1.013997077941894594e-02
1.018927335739135825e-02
1.122334241867065444e-02
1.029049873352050858e-02
1.033592939376831027e-02
1.036650657653808566e-02
1.045572757720947266e-02
1.049138545989990179e-02
1.150548696517944385e-02
1.051330804824829150e-02
1.060404300689697307e-02
1.067377090454101583e-02
1.071977615356445312e-02
1.169873714447021429e-02
1.076952219009399449e-02
1.084181547164917055e-02
1.090840578079223591e-02
1.098146915435791078e-02
1.199802398681640639e-02
1.101218461990356376e-02
1.107415199279785170e-02
1.114402532577514655e-02
1.120227336883544873e-02
1.127377033233642641e-02
1.131979942321777351e-02
1.235452413558959898e-02
1.135422229766845648e-02
1.143114089965820319e-02
1.149070739746093674e-02
1.254391193389892654e-02
1.155281305313110400e-02
1.164210557937622043e-02
1.167933225631713826e-02
1.175519227981567348e-02
1.180936336517333929e-02
1.284881830215454067e-02
1.184129714965820312e-02
1.193763732910156292e-02
1.196089506149291930e-02
1.199463605880737339e-02
1.299110412597656236e-02
1.208760023117065423e-02
1.215281248092651284e-02
1.221133470535278390e-02
1.321169614791870180e-02
1.230236530303955092e-02
1.238456964492797886e-02
1.242107868194580050e-02
1.249886751174926827e-02
1.343663454055786174e-02
1.255374908447265576e-02
1.262010335922241280e-02
1.268751144409179660e-02
1.364079236984252867e-02
1.276881933212280218e-02
1.281934261322021512e-02
1.379405736923217801e-02
1.292908668518066330e-02
1.294957160949707087e-02
1.391746044158935491e-02
1.303609848022460951e-02
1.312613487243652344e-02
1.315578937530517516e-02
1.415683984756469643e-02
1.325273036956787186e-02
1.330422878265380936e-02
1.339743137359619175e-02
1.436034679412841880e-02
1.342330694198608405e-02
1.351830005645751967e-02
1.355802774429321240e-02
1.450732469558715758e-02
1.362341403961181592e-02
1.369483232498168966e-02
1.467504262924194253e-02
1.376814365386962863e-02
1.380367517471313421e-02
1.483219623565673780e-02
1.390803575515747043e-02
1.402625083923339858e-02
1.405427217483520494e-02
1.501101732254028244e-02
1.414324522018432610e-02
1.420443773269653397e-02
1.516910076141357415e-02
2.400706052780151450e-02
1.524228334426879806e-02
1.436991453170776388e-02
1.444949865341186440e-02
1.540486097335815388e-02
1.450672864913940367e-02
1.456073522567749058e-02
1.560576677322387737e-02
1.465142011642456103e-02
1.473333597183227456e-02
1.481358528137207038e-02
1.574074029922485282e-02
1.488902807235717787e-02
1.495258331298828132e-02
1.589369535446167117e-02
1.504461050033569294e-02
1.600057363510131933e-02
1.508247852325439453e-02
1.517128467559814529e-02
1.616293191909790039e-02
1.524489879608154248e-02
1.532565593719482401e-02
1.628101587295532199e-02
1.537955522537231418e-02
1.544273614883422824e-02
1.642346620559692258e-02
1.553684949874877853e-02
1.558808803558349616e-02
1.657808065414428586e-02
1.569788694381714020e-02
1.575418949127197280e-02
1.671911716461181585e-02
1.584503412246704088e-02
1.684849023818969782e-02
1.590567588806152469e-02
1.599269390106201200e-02
1.696252107620239286e-02
1.606070995330810547e-02
1.614484786987304549e-02
1.711001634597778334e-02
1.620119333267211817e-02
1.719629287719726465e-02
1.629831552505493081e-02
1.636915922164916895e-02
1.733081340789794852e-02
1.645074605941772294e-02
1.744107246398925865e-02
1.647836208343505734e-02
1.654722690582275529e-02
1.756899118423461970e-02
1.670311212539672685e-02
1.769879817962646470e-02
1.676831007003784166e-02
1.685402393341064314e-02
1.782398462295532379e-02
1.696047067642211803e-02
1.794343233108520660e-02
1.704301118850708174e-02
1.805908441543578949e-02
1.711816310882568332e-02
1.720825672149658286e-02
1.817486286163329939e-02
1.734071493148803614e-02
1.829052925109863129e-02
1.735871553421020411e-02
1.742672204971313504e-02
1.841083288192749134e-02
1.753990173339843583e-02
1.851639509201049791e-02
1.762150764465332184e-02
1.864264488220214802e-02
1.770846843719482352e-02
1.780194282531738156e-02
1.878306150436401256e-02
1.789378166198730621e-02
1.885747194290161161e-02
1.801086664199829171e-02
1.894891262054443359e-02
1.902637243270874010e-02
1.810258626937866211e-02
1.818027496337890764e-02
1.912205934524536036e-02
1.827661991119384696e-02
1.924463510513305803e-02
1.838794231414794811e-02
1.936100482940673884e-02
1.847547769546508886e-02
1.942124366760254045e-02
1.857122182846069475e-02
1.953911542892456180e-02
1.866003274917602678e-02
1.964878559112548731e-02
1.876003980636596624e-02
1.969285249710082952e-02
1.882822990417480635e-02
1.982169151306152274e-02
1.897019624710083105e-02
1.992516994476318387e-02
1.907640695571899414e-02
1.999682188034057617e-02
1.914746761322021554e-02
2.012532234191894559e-02
2.017915248870849609e-02
1.924552440643310589e-02
2.030831098556518458e-02
1.934908866882324371e-02
2.034219264984130776e-02
1.945205926895141740e-02
2.042581081390380804e-02
1.957922458648681668e-02
2.054028511047363212e-02
1.968816757202148521e-02
2.065385580062866280e-02
1.975882768630981418e-02
2.073509693145752023e-02
2.082166433334350572e-02
1.990851402282714858e-02
2.087707042694091769e-02
2.002275228500366086e-02
2.099153041839599623e-02
2.014581680297851396e-02
2.103812217712402316e-02
2.016646146774292089e-02
2.115805387496948187e-02
2.124350309371948395e-02
2.036119937896728460e-02
2.134582996368408064e-02
2.043541669845581193e-02
2.141120672225952162e-02
2.147148370742797685e-02
2.059569120407104409e-02
2.155010700225830009e-02
2.071074485778808677e-02
2.168622732162475697e-02
2.081259965896606334e-02
2.178107023239135576e-02
2.181205749511718611e-02
2.088771104812622154e-02
2.190428018569946442e-02
2.197795152664184723e-02
2.107750415802002106e-02
2.207107067108154269e-02
2.117739439010619951e-02
2.213348627090454268e-02
2.221096754074096749e-02
2.130353689193725461e-02
2.226515769958496010e-02
2.236243724822998061e-02
2.145798206329345773e-02
2.245556831359863184e-02
2.248026847839355510e-02
2.157786369323730358e-02
2.257870912551879911e-02
2.172266721725463895e-02
2.266890287399292089e-02
2.270468950271606334e-02
2.186838865280151326e-02
2.284643173217773549e-02
2.293545722961425753e-02
2.204978227615356570e-02
2.295770645141601701e-02
2.301465272903442313e-02
2.305088758468627763e-02
2.216994524002075320e-02
2.315540075302123871e-02
2.226348876953124917e-02
2.326221942901611495e-02
2.330079317092895522e-02
2.246574878692626787e-02
2.340174913406372140e-02
2.345699310302734250e-02
2.348656177520751925e-02
2.356846570968627874e-02
2.269154310226440333e-02
2.365347623825073131e-02
2.368593931198120089e-02
2.373152256011962918e-02
2.287702322006225641e-02
2.385817766189575126e-02
2.392831325531005748e-02
2.394528865814209151e-02
2.307142972946166909e-02
2.402407169342040891e-02
2.407885789871215890e-02
2.410838603973388533e-02
2.327668905258178586e-02
2.423067092895507882e-02
2.427897930145263630e-02
2.434560298919677748e-02
2.346128463745117063e-02
2.438918352127075057e-02
2.444998741149902177e-02
2.451771974563598730e-02
2.366334438323974484e-02
2.468134880065918010e-02
2.467377901077270549e-02
2.468828678131103349e-02
2.477165937423705944e-02
2.396462440490722615e-02
2.485633134841918820e-02
3.744751453399658425e-02
2.493113279342651367e-02
2.506776332855224776e-02
2.417096376419067272e-02
2.518005132675170746e-02
2.514941930770873968e-02
2.520830631256103585e-02
2.528723955154418834e-02
2.434518337249755998e-02
2.532431840896606431e-02
2.543126821517944364e-02
2.541847705841064620e-02
2.547930955886840848e-02
2.461116790771484403e-02
2.561970233917236495e-02
2.564957380294799819e-02
2.569236278533935589e-02
2.573682785034179729e-02
2.572488307952880762e-02
2.492060661315918108e-02
2.588717460632324052e-02
2.594584465026855344e-02
2.602761983871459961e-02
2.601375579833984514e-02
2.607078790664672796e-02
2.610124349594116280e-02
2.526815891265869057e-02
2.620962381362915150e-02
2.623863935470581096e-02
2.628300189971923689e-02
2.634091615676879827e-02
2.637326478958130008e-02
2.639741659164428558e-02
2.644054412841796708e-02
2.660502910614013714e-02
2.566404581069946234e-02
2.665116548538207925e-02
2.669666528701782060e-02
2.676074743270874176e-02
2.683202028274535994e-02
2.685575723648071442e-02
2.689725875854492160e-02
2.689368009567260839e-02
2.698344707489013644e-02
2.708917379379272364e-02
2.706537723541259724e-02
2.713036298751831180e-02
2.718730211257934515e-02
2.725893735885620214e-02
2.634621381759643527e-02
2.731774806976318415e-02
2.738675594329834095e-02
2.741431951522827273e-02
2.754116058349609375e-02
2.752604246139526284e-02
2.757321119308471513e-02
2.762757778167724762e-02
2.771994352340698131e-02
2.771811485290527274e-02
2.777691841125488198e-02
2.782165765762329226e-02
2.785971641540527233e-02
2.791211843490600669e-02
2.798381090164184584e-02
2.797701835632324108e-02
2.803586483001709040e-02
2.808816432952880929e-02
2.812343597412109500e-02
2.815558910369873186e-02
2.827861547470092787e-02
2.832123517990112194e-02
2.834685802459716714e-02
2.834162712097167830e-02
2.848364591598510909e-02
2.849366188049316448e-02
2.853535413742065360e-02
2.858283042907714885e-02
2.859609842300414942e-02
2.864605188369750977e-02
2.872714996337890486e-02
2.873845100402832101e-02
2.878804683685302901e-02
2.890102624893188532e-02
2.890292406082153182e-02
2.897233009338378781e-02
2.899498224258422949e-02
2.993629455566406208e-02
2.908160209655761760e-02
2.916330575942993261e-02
2.921207666397094768e-02
2.927457571029663114e-02
2.928428649902343681e-02
2.934368848800659318e-02
2.934595108032226479e-02
2.939966440200805775e-02
2.946241140365600530e-02
2.954321146011352692e-02
2.959024906158447266e-02
3.055482864379882937e-02
2.967810630798339844e-02
2.970853328704833873e-02
2.979071855545043987e-02
2.984030008316039886e-02
2.992826938629150266e-02
2.994331359863281264e-02
2.997864961624145674e-02
3.094641685485839677e-02
3.008946180343628068e-02
3.011512756347656250e-02
3.024200916290283037e-02
3.017943382263183622e-02
3.029748916625976674e-02
3.128788232803345060e-02
3.038060426712036258e-02
3.055294990539550795e-02
3.048925876617431668e-02
3.059527158737182506e-02
3.057505130767822210e-02
3.060845613479614216e-02
3.066227912902831990e-02
3.155989170074462863e-02
3.077464103698730399e-02
3.076939582824706962e-02
3.083061695098876856e-02
3.179933071136474554e-02
3.092923641204833873e-02
3.099948883056640597e-02
3.104245662689208984e-02
3.113641262054443401e-02
3.117800474166870089e-02
3.213890552520751870e-02
3.126902580261230191e-02
3.131590127944946372e-02
3.130591154098510964e-02
3.223819017410278071e-02
3.142844200134277399e-02
3.235398530960083285e-02
3.155333518981933566e-02
3.148564577102661022e-02
3.250157833099365234e-02
3.166069746017455971e-02
3.175185918807983676e-02
3.263533115386962891e-02
3.184329271316528598e-02
3.183550357818603488e-02
3.281872749328613309e-02
3.197821378707885881e-02
3.203096389770507951e-02
3.207541704177856168e-02
3.301975965499878013e-02
3.218371152877807367e-02
3.222201108932495200e-02
3.311324834823608371e-02
3.221422433853149414e-02
3.227183580398559903e-02
3.325180530548095537e-02
3.245299577713012945e-02
3.253479480743408370e-02
3.350641489028930581e-02
3.265523672103881614e-02
3.259208679199218639e-02
3.361625909805297796e-02
3.275241851806640764e-02
3.284415483474731334e-02
3.375958919525146734e-02
3.291831254959106529e-02
3.296392202377319142e-02
3.385178804397583063e-02
3.298270225524902594e-02
3.395396947860717524e-02
3.307492733001708707e-02
3.314046382904052568e-02
3.407569646835326843e-02
3.325102567672729575e-02
3.419001102447509488e-02
3.331447601318359569e-02
3.336236238479614591e-02
3.430593729019165011e-02
3.349026203155517495e-02
3.440682172775268860e-02
3.361357212066650585e-02
3.447949409484863531e-02
3.365936517715453768e-02
3.374942541122436662e-02
3.467092037200927845e-02
3.383664608001708818e-02
3.477519035339355497e-02
3.395441293716430775e-02
3.485060453414916964e-02
3.399282932281494363e-02
3.493041276931762446e-02
3.414172410964965571e-02
3.505676984786987305e-02
3.419751882553100780e-02
3.519304752349853432e-02
3.432345867156982172e-02
3.530316591262817189e-02
3.441130161285400196e-02
3.530228614807128656e-02
3.449328660964965515e-02
3.547591686248779269e-02
3.449298858642577820e-02
3.552909612655639343e-02
3.465661287307739147e-02
3.561127662658691156e-02
3.484595298767089594e-02
3.569920539855957198e-02
3.576185464859008706e-02
3.485573291778564647e-02
3.589039325714111356e-02
3.506849050521850669e-02
3.600172996520996371e-02
3.519036293029784851e-02
3.612484931945800920e-02
3.516776323318481640e-02
3.615867376327514676e-02
3.624666929244994840e-02
3.545138597488403653e-02
3.630831718444824108e-02
3.549226284027099526e-02
3.640356540679931530e-02
3.646022796630859347e-02
3.563418388366699358e-02
3.653428554534911971e-02
3.660973310470581193e-02
3.577067375183105163e-02
3.672728776931762779e-02
3.588877916336059848e-02
3.686469078063964872e-02
3.597539424896240012e-02
3.693217277526855691e-02
3.698465108871459850e-02
3.610264301300048634e-02
3.710749864578247181e-02
3.702082633972168108e-02
3.622056007385254101e-02
3.723517417907715177e-02
3.719571590423584317e-02
3.635390043258666937e-02
3.735101222991943359e-02
5.188900709152221430e-02
3.742667913436889537e-02
3.744926929473876842e-02
3.662888288497925110e-02
3.759917497634887584e-02
3.756090402603149553e-02
3.672338962554931585e-02
3.764716863632202454e-02
3.778715372085571234e-02
3.691905021667480497e-02
3.784522533416748158e-02
3.789033651351928628e-02
3.797291755676269337e-02
3.708281993865966686e-02
3.808070659637451116e-02
3.804786443710327093e-02
3.718455076217651312e-02
3.817916870117187694e-02
3.822240829467773299e-02
3.827922344207763949e-02
3.836241722106933927e-02
3.749883890151977511e-02
3.844891786575317660e-02
3.850101470947265431e-02
3.853142261505126953e-02
3.853779315948486356e-02
3.774224519729614535e-02
3.874713182449340820e-02
3.875856399536133090e-02
3.880133152008056335e-02
3.884598731994629017e-02
3.791310548782348550e-02
3.885450839996337780e-02
3.895988225936889565e-02
3.902673244476318609e-02
3.908704519271850863e-02
3.813463926315307367e-02
3.910617828369140903e-02
3.914393663406372237e-02
3.921620607376098688e-02
3.936314105987549078e-02
3.929398059844970564e-02
3.844142436981200922e-02
3.946230173110962247e-02
3.949223756790161410e-02
3.953729867935180942e-02
3.964703559875488309e-02
3.961440801620483287e-02
3.966236352920532449e-02
3.971580266952514510e-02
3.979148864746093889e-02
3.987517118453979409e-02
3.898565530776977595e-02
3.989070892333984597e-02
3.993646144866943443e-02
4.002228498458862416e-02
4.013351202011108260e-02
4.006870031356811468e-02
4.015450954437255887e-02
4.016657590866088562e-02
4.022903680801391546e-02
4.026624441146850475e-02
4.026530742645263727e-02
4.036978483200073103e-02
4.040834665298462247e-02
4.050976991653442577e-02
4.052613973617553988e-02
4.060786008834838673e-02
4.062188863754272183e-02
4.067073583602905107e-02
4.077752351760863953e-02
4.075540781021118331e-02
4.079803466796874667e-02
4.087795734405517273e-02
4.086820363998413391e-02
4.099018573760986051e-02
4.103372573852539368e-02
4.108025550842284851e-02
4.112208843231201366e-02
4.115183353424071988e-02
4.121343135833740318e-02
4.127384901046753096e-02
4.134223222732544278e-02
4.141673564910888783e-02
4.148182153701782116e-02
4.239304065704345426e-02
4.154561281204223466e-02
4.153404951095580888e-02
4.159673452377319475e-02
4.157366037368774581e-02
4.161872863769531389e-02
4.167253255844115961e-02
4.170837640762328768e-02
4.264741897583007590e-02
4.197520256042480691e-02
4.196049928665161050e-02
4.197828292846679521e-02
4.199198484420776228e-02
4.205682277679443498e-02
4.218773603439331110e-02
4.223427534103393888e-02
4.303341388702392606e-02
4.233932495117187500e-02
4.232752799987792719e-02
4.243177413940429910e-02
4.252297878265380582e-02
4.252908468246460044e-02
4.340526819229126310e-02
4.255798578262329213e-02
4.257218122482300110e-02
4.269161224365234514e-02
4.273165941238403487e-02
4.368667602539062778e-02
4.283994197845458762e-02
4.282041072845459151e-02
4.291530847549438615e-02
4.384161472320556585e-02
4.312371730804443609e-02
4.302576303482055775e-02
4.315398693084716852e-02
4.316228866577148660e-02
4.319142580032348661e-02
4.418467044830322321e-02
4.340820789337158231e-02
4.325122356414794894e-02
4.329730987548827820e-02
4.428222894668579213e-02
4.351630210876464983e-02
4.352435827255249357e-02
4.363526344299316351e-02
4.370309352874755804e-02
4.455421447753906555e-02
4.367390871047973494e-02
4.380565404891968023e-02
4.480561733245849720e-02
4.400922298431396429e-02
4.398219347000122126e-02
4.404486894607544112e-02
4.500151634216308788e-02
4.407389402389526312e-02
4.507812976837158314e-02
4.418919324874878013e-02
4.424810171127319114e-02
4.428128004074096541e-02
4.529604673385620450e-02
4.437209367752074918e-02
4.445206403732299832e-02
4.446723461151123186e-02
4.545668363571166853e-02
4.457890987396240234e-02
4.461698532104492465e-02
4.560629367828369224e-02
4.472259044647217130e-02
4.474300146102905273e-02
4.578402996063232755e-02
4.494837284088135099e-02
4.581160068511962863e-02
4.491809368133545255e-02
4.577875614166259516e-02
4.505033254623413280e-02
4.600345373153686551e-02
4.516758680343627846e-02
4.605594158172607311e-02
4.524587154388427790e-02
4.532896041870117243e-02
4.626859664916992132e-02
4.531433582305908342e-02
4.629217624664306446e-02
4.548467874526977706e-02
4.647232770919799971e-02
4.556944608688354159e-02
4.660823583602904940e-02
4.565023660659790067e-02
4.572517395019531222e-02
4.667135000228881531e-02
4.584443807601928933e-02
4.674471616744994840e-02
4.589306831359863531e-02
4.687508106231689370e-02
4.602519989013671708e-02
4.695312976837158481e-02
4.608229875564575501e-02
4.709223985671997376e-02
4.713727712631225752e-02
4.618957519531249889e-02
4.714167118072509766e-02
4.634791374206542747e-02
4.738162994384765431e-02
4.648487806320190235e-02
4.739705801010132141e-02
4.661487817764282254e-02
4.663386583328246737e-02
4.754168748855591015e-02
4.759780883789062333e-02
4.676404953002930021e-02
4.682340621948242326e-02
4.779061079025268693e-02
4.691585063934326089e-02
4.692233562469482616e-02
4.792169332504272322e-02
4.703950166702270536e-02
4.712776899337768610e-02
4.712054252624511830e-02
4.804893255233764343e-02
4.819089412689209206e-02
4.645872116088867188e-02
4.834650278091430498e-02
4.826490402221679521e-02
4.745092630386352206e-02
4.837207078933716126e-02
4.840485811233520563e-02
4.842540025711059709e-02
4.940295219421386719e-02
4.849372386932373352e-02
4.865479230880737083e-02
4.867445468902587696e-02
4.879289627075195090e-02
4.875077962875366128e-02
4.882586479187011469e-02
4.795239210128784263e-02
4.890877008438110352e-02
4.889141559600829884e-02
4.901085138320922935e-02
4.912455320358276312e-02
4.910581350326537892e-02
4.916349649429321150e-02
4.919039726257324469e-02
4.932143449783325112e-02
4.928336143493652205e-02
4.848123550415039257e-02
4.934805631637573242e-02
4.945800065994263028e-02
4.948904752731322909e-02
4.949805974960327232e-02
4.960891008377075334e-02
4.961038112640380610e-02
4.975993633270263394e-02
4.976686239242553850e-02
4.885832786560058427e-02
4.987148523330688782e-02
4.989704608917236439e-02
4.992367267608642523e-02
5.000621557235717524e-02
5.003784179687500305e-02
5.013087987899780135e-02
5.024536132812500167e-02
5.020691156387328824e-02
5.027572631835937333e-02
5.027190923690796204e-02
5.032919645309448520e-02
5.036894559860229797e-02
5.042051315307616993e-02
5.042191505432128823e-02
5.045282363891601812e-02
5.049678802490234486e-02
5.057955026626587136e-02
5.057595729827880915e-02
5.063543558120727622e-02
5.070038795471191323e-02
5.072094678878784346e-02
5.075651884078979242e-02
5.087323665618896651e-02
5.094186305999755943e-02
5.090434789657592718e-02
5.104347944259643444e-02
5.103160858154296570e-02
5.102036952972412165e-02
5.208005428314208679e-02
5.031325578689575112e-02
5.216239690780639926e-02
5.131439924240112360e-02
5.133281230926513977e-02
5.143862962722778320e-02
5.142958164215087613e-02
5.148600101470947321e-02
5.244071483612060269e-02
5.157500505447387695e-02
5.159923315048217662e-02
5.167859315872192633e-02
5.170819520950317716e-02
6.883239269256591353e-02
5.171997547149657926e-02
5.273079633712768333e-02
5.191171646118163813e-02
5.194000482559204407e-02
5.197865724563598827e-02
5.204678535461425976e-02
5.211030006408691462e-02
5.210487365722656083e-02
5.307700395584106362e-02
5.226432561874389676e-02
5.232970476150512751e-02
5.236504793167114091e-02
5.233747482299804660e-02
5.240620613098144476e-02
5.344059467315673967e-02
5.254935264587402149e-02
5.259414672851562417e-02
5.269438028335571289e-02
5.353254556655883539e-02
5.279380559921264399e-02
5.281096458435058372e-02
5.291417837142944197e-02
5.381508827209472573e-02
5.296086072921753207e-02
5.291265010833740012e-02
5.390190124511718556e-02
5.309369325637817300e-02
5.308524847030639954e-02
5.409217357635497797e-02
5.323135852813720703e-02
5.331783056259155329e-02
5.338128566741943276e-02
5.430399417877197071e-02
5.348640441894531028e-02
5.348953485488891491e-02
5.441464185714721402e-02
5.356280803680420199e-02
5.442946910858154075e-02
5.446986198425293052e-02
5.366459131240844393e-02
5.462279796600341686e-02
5.382215499877929937e-02
5.387353897094726562e-02
5.475905895233154630e-02
5.392391681671142301e-02
5.492058992385864119e-02
5.404047489166259599e-02
5.498617172241210965e-02
5.415562152862549161e-02
5.510325670242309515e-02
5.423153400421142772e-02
5.512487649917602317e-02
5.430258274078369335e-02
5.533628702163696095e-02
5.450907230377197155e-02
5.455813407897949080e-02
5.537837028503417997e-02
5.459440469741821261e-02
5.559770584106445146e-02
5.478175401687621765e-02
5.570415496826171958e-02
5.476807594299316212e-02
5.580169916152954296e-02
5.489345550537109292e-02
5.582600116729736356e-02
5.485780715942382979e-02
5.594140529632568581e-02
5.502249479293823409e-02
5.606096744537353294e-02
5.510165691375732561e-02
5.610515832901000893e-02
5.611058235168456948e-02
5.530297279357910406e-02
5.624653339385986273e-02
5.536240339279174805e-02
5.625902891159057645e-02
5.552541494369506864e-02
5.642798900604248380e-02
5.637221097946167048e-02
5.566739320755004911e-02
5.663439035415649553e-02
5.668158769607543890e-02
5.585847854614257868e-02
5.678761482238769281e-02
5.584844112396240151e-02
5.691761016845703347e-02
5.687180757522582869e-02
5.602393150329589705e-02
5.693795442581176675e-02
5.699919700622558399e-02
5.613235712051391907e-02
5.714582681655883817e-02
5.717760324478149414e-02
5.714081287384033259e-02
5.634615659713745200e-02
5.728014469146728432e-02
5.731938123703003013e-02
5.748387336730956948e-02
5.740735530853271346e-02
5.669118404388427679e-02
5.752900123596191295e-02
5.761500120162963562e-02
5.760707139968872237e-02
5.680357933044433844e-02
5.771202087402343972e-02
5.771864414215088085e-02
5.777659177780151284e-02
5.693355083465576061e-02
5.796302080154418918e-02
5.793061733245849498e-02
5.707935571670532532e-02
5.805191993713378767e-02
5.807820796966552818e-02
5.815932035446166881e-02
5.820463180541992493e-02
5.831065177917480608e-02
5.733880043029784823e-02
5.835930347442627036e-02
5.839834928512573076e-02
5.841395854949951033e-02
5.857388973236084262e-02
5.853745937347411971e-02
5.858422040939331027e-02
5.859748840332031083e-02
5.865424633026122825e-02
5.781728267669677956e-02
5.879550933837890403e-02
5.882130146026611633e-02
5.900517702102660994e-02
5.822668313980102622e-02
5.905519247055053544e-02
5.909559488296509122e-02
5.822511911392212053e-02
5.919997692108154574e-02
5.832771301269531333e-02
5.929278373718261524e-02
5.927053451538086271e-02
5.846949100494384932e-02
6.011036157608032338e-02
5.931634426116943332e-02
5.940156221389770314e-02
5.943713188171386580e-02
6.036844015121459878e-02
5.962879657745361051e-02
5.959600925445556613e-02
5.970854520797729686e-02
5.971798419952392689e-02
5.971079111099242970e-02
5.980157852172851562e-02
5.987446308135986606e-02
5.991149187088012917e-02
5.995150804519653459e-02
6.000489473342895258e-02
6.088321685791015653e-02
6.012143135070800726e-02
6.019922733306884433e-02
6.016099214553832786e-02
6.026762962341308816e-02
6.118361473083495927e-02
6.043082714080810769e-02
6.041266918182373186e-02
6.045215368270873829e-02
6.144321203231811745e-02
6.050676584243774164e-02
6.056821584701538308e-02
6.147320985794067078e-02
6.063261747360229603e-02
6.071555614471435547e-02
6.164772987365722823e-02
6.081092596054077370e-02
6.074574232101440097e-02
6.098624467849731584e-02
6.092538595199584878e-02
6.193140506744385099e-02
6.104582548141479492e-02
6.110012292861938255e-02
6.117208242416381780e-02
6.121041059494018721e-02
6.216801166534424022e-02
6.131737947463989508e-02
6.140110969543457337e-02
6.227629661560058622e-02
6.148187160491943443e-02
6.149646043777465959e-02
6.240930557250976701e-02
6.156504392623901589e-02
6.254757881164550726e-02
6.168412685394287359e-02
6.174276351928711243e-02
6.279150247573853094e-02
6.189990758895873996e-02
6.194205999374389343e-02
6.271468400955200473e-02
6.200347661972045732e-02
6.295478343963623047e-02
6.215305328369140347e-02
6.206060647964477262e-02
6.308087110519408625e-02
6.223268508911132535e-02
6.318290472030639593e-02
6.218678951263427457e-02
6.227683067321777149e-02
6.326183557510375866e-02
6.329087257385253296e-02
6.249639272689819225e-02
6.248145580291748075e-02
6.352509260177612027e-02
6.269722700119018111e-02
6.348773241043090265e-02
6.278537750244141125e-02
6.364856719970703181e-02
6.283480644226074885e-02
6.291773557662963534e-02
6.367193698883057140e-02
6.371806144714355080e-02
6.381517887115478738e-02
6.397108316421508400e-02
6.319328308105469361e-02
6.416120529174804132e-02
6.331173419952391968e-02
6.418066978454589622e-02
6.325428009033202958e-02
6.428040027618407704e-02
6.431041479110717607e-02
6.345826148986816184e-02
6.443891286849975919e-02
6.450330734252929243e-02
6.363039493560790349e-02
6.448070287704467385e-02
6.460649251937866655e-02
6.362394094467163641e-02
6.461453914642334428e-02
6.377115488052367831e-02
6.487401008605957198e-02
6.487763404846191850e-02
6.407783985137939509e-02
6.486762523651122547e-02
6.489254713058471846e-02
6.406985998153685857e-02
6.500143527984619807e-02
6.507438898086548296e-02
6.499813556671142634e-02
6.510159492492675892e-02
6.423146486282348133e-02
6.516462087631225142e-02
6.526790618896484431e-02
6.526957750320434848e-02
6.532459497451782726e-02
6.454138040542602150e-02
6.554996013641357921e-02
6.555551767349243608e-02
6.565897703170776867e-02
6.563797950744629239e-02
6.577143192291259877e-02
6.581882715225219338e-02
6.560970783233642523e-02
6.481365919113159235e-02
6.588194370269775946e-02
6.589789152145385243e-02
6.593228101730347346e-02
6.513600111007690485e-02
6.597980737686157116e-02
6.517109870910645086e-02
6.615685701370238592e-02
6.620447158813476396e-02
6.629593372344970426e-02
6.539564371109009289e-02
6.627721786499023160e-02
6.639657497406005471e-02
6.637020587921142745e-02
6.652329444885253518e-02
6.661008358001709040e-02
6.671587705612182229e-02
6.650304079055785467e-02
6.664326906204223744e-02
6.671938896179199774e-02
6.679377794265746460e-02
6.668537139892577459e-02
6.667371749877930298e-02
6.681787252426146795e-02
6.687127828598021795e-02
6.710187196731567938e-02
6.706750392913818359e-02
6.719257116317749190e-02
6.714952230453491433e-02
6.724166870117187500e-02
6.725928068161010631e-02
6.731043815612793024e-02
6.736221313476561945e-02
6.749719858169556108e-02
6.754189252853393111e-02
6.764358520507812722e-02
6.756380319595337025e-02
6.678680181503296454e-02
6.772032022476195956e-02
6.777924776077270952e-02
6.780256271362304632e-02
6.780560970306397095e-02
6.787836313247680442e-02
6.805450677871703602e-02
6.799482107162475863e-02
6.794151544570922741e-02
6.800482273101807196e-02
6.887006759643554688e-02
6.815127611160277932e-02
6.812340497970581499e-02
6.822669506072998047e-02
6.835850000381470115e-02
6.834462642669678067e-02
6.842314481735228826e-02
6.839298725128173384e-02
6.928467273712157759e-02
6.844059705734252541e-02
6.948210000991821012e-02
6.862879991531371793e-02
6.943832397460937556e-02
6.864932775497437079e-02
6.880136251449585350e-02
6.969689846038817915e-02
8.867915391921997459e-02
6.891821861267090343e-02
6.887049913406372015e-02
6.888640165328979714e-02
6.896215677261352539e-02
6.903433322906493697e-02
6.915089607238769642e-02
6.910877466201782726e-02
6.910847902297972967e-02
7.005199670791625866e-02
6.937108755111694169e-02
6.940266132354735995e-02
6.943289279937743530e-02
6.941786050796508456e-02
7.040622472763061190e-02
6.952252149581909790e-02
6.962704420089721458e-02
7.056981563568115456e-02
7.055179119110106811e-02
6.978861331939696655e-02
7.065028190612793191e-02
6.979856967926025002e-02
7.074593067169189509e-02
7.000394105911254827e-02
7.075067996978759433e-02
6.992370843887328602e-02
7.097212076187134344e-02
6.997025489807129350e-02
7.110084533691406194e-02
7.018936157226562944e-02
7.113174676895141213e-02
7.108807086944579634e-02
7.037183761596679799e-02
7.134343862533569502e-02
7.144155740737914706e-02
7.055776357650757336e-02
7.058544874191284568e-02
7.151149034500121904e-02
7.157503604888916515e-02
7.064191341400145874e-02
7.172616481781006470e-02
7.073263406753539650e-02
7.164881467819213257e-02
7.177180767059326838e-02
7.089756965637207531e-02
7.180547237396239790e-02
7.190749883651732788e-02
7.200689792633056807e-02
7.105480194091796931e-02
7.198880195617675393e-02
7.217156171798705389e-02
7.195640802383422574e-02
7.282063007354735995e-02
7.219611644744873546e-02
7.136640787124633178e-02
7.235586881637573464e-02
7.230660915374756414e-02
7.238158464431762584e-02
7.144278526306152566e-02
7.160104990005493331e-02
7.265859603881835715e-02
7.266352415084838257e-02
7.184303522109986018e-02
7.265418767929077148e-02
7.270167589187621904e-02
7.280143976211547741e-02
7.293112516403198187e-02
7.290548801422119807e-02
7.303457498550415539e-02
7.215378999710082841e-02
7.303422927856445535e-02
7.306982278823852262e-02
7.316782712936401034e-02
7.320837736129760798e-02
7.225219964981079157e-02
7.331805229187011996e-02
7.339432239532470148e-02
7.241794347763061412e-02
7.334330081939696711e-02
7.347721576690674494e-02
7.343277454376220814e-02
7.360402345657349188e-02
7.370687007904053178e-02
7.356558084487914428e-02
7.369015455245971069e-02
7.367843151092529075e-02
7.373643398284912553e-02
7.296231985092163641e-02
7.404399871826171375e-02
7.300877809524536355e-02
7.390848875045775979e-02
7.391616344451903964e-02
7.413931131362914984e-02
7.406119823455810380e-02
7.423534870147704967e-02
7.415560722351073608e-02
7.409022808074951227e-02
7.410894393920898493e-02
7.432482719421386330e-02
7.435515880584717130e-02
7.436688423156738448e-02
7.439695835113525890e-02
7.449048280715941939e-02
7.453041553497313787e-02
7.470186233520507979e-02
7.386574268341064564e-02
7.503401994705199973e-02
7.556077957153320424e-02
7.478246927261351928e-02
7.488575696945190541e-02
7.494464635848999134e-02
7.491735935211181474e-02
7.584280967712402066e-02
7.501830339431762862e-02
7.513392686843872736e-02
7.511823892593383345e-02
7.507146358489989735e-02
7.522108316421509400e-02
7.616526365280151811e-02
7.522964000701903853e-02
7.535968542098998857e-02
7.546833038330078014e-02
7.542840242385864813e-02
7.632349491119384821e-02
7.553828716278075672e-02
7.563432931900024303e-02
7.571896314620971125e-02
7.656054496765136996e-02
7.579082489013672097e-02
7.587689876556397151e-02
7.683755636215210127e-02
7.599951028823852262e-02
7.612574338912964089e-02
7.609541654586791937e-02
7.699988842010498102e-02
7.635218143463134988e-02
7.625733852386475109e-02
7.725713491439818725e-02
7.636139154434204435e-02
7.635353565216064509e-02
7.646049976348877342e-02
7.726945877075194757e-02
7.736677169799804910e-02
7.727821826934815064e-02
7.662685632705688865e-02
7.737641811370848943e-02
7.741668701171874889e-02
7.831058025360107533e-02
7.748929262161255438e-02
7.758311510086059182e-02
7.758207321166991910e-02
7.764492988586425837e-02
7.768069267272949274e-02
7.768670082092285489e-02
7.782523632049560824e-02
7.810260057449340543e-02
7.720987319946288896e-02
7.716658592224120983e-02
7.817345619201659934e-02
7.741754531860350896e-02
7.828395128250122126e-02
7.745305299758911688e-02
7.833039999008178933e-02
7.832801342010498047e-02
7.840434312820435125e-02
7.754489898681640736e-02
7.848533391952514093e-02
7.857174158096313921e-02
7.860624313354491743e-02
7.868662357330322155e-02
7.781398296356201172e-02
7.874241352081298717e-02
7.883653163909912220e-02
7.775616168975829634e-02
7.893697023391724188e-02
7.905483961105347346e-02
7.822357416152954379e-02
7.907730102539062278e-02
7.911865711212158481e-02
7.914445638656615600e-02
7.925133228302001787e-02
7.930052042007446067e-02
7.931890010833740623e-02
7.938543319702148771e-02
7.848415374755859930e-02
7.938852071762085572e-02
7.943411111831664984e-02
7.950248718261718195e-02
7.953084945678710882e-02
7.960367441177368386e-02
7.958298683166503684e-02
7.967747449874877652e-02
7.973385095596313699e-02
7.980051755905151478e-02
7.898013114929199052e-02
7.996073007583617831e-02
7.990698814392090121e-02
8.005389451980590709e-02
8.003874778747559204e-02
8.025509834289551447e-02
7.923096895217895952e-02
7.922954797744750921e-02
8.015606164932251310e-02
8.033494472503661943e-02
8.038698673248291515e-02
8.027486085891723244e-02
8.131004810333251898e-02
8.042078018188476840e-02
8.050818681716918890e-02
8.048012256622313898e-02
8.075696706771851030e-02
8.072888612747192161e-02
8.064870357513427568e-02
8.068836927413940152e-02
8.078096628189086748e-02
8.170006990432739091e-02
8.084247827529907060e-02
8.092254638671875222e-02
8.086835145950317660e-02
8.101353168487548939e-02
8.099664926528930831e-02
8.117357730865477905e-02
8.116528511047363392e-02
8.119008302688598966e-02
8.126124143600463312e-02
8.128301143646239624e-02
8.131465673446655607e-02
8.138565301895141213e-02
8.153101682662963756e-02
8.151122331619262140e-02
8.160609245300293191e-02
8.158027410507201482e-02
8.167330265045165405e-02
8.266199827194213590e-02
8.177245616912841297e-02
8.176063776016234685e-02
8.182097911834716741e-02
8.279832124710083396e-02
8.112178087234496460e-02
8.292292356491089145e-02
8.194011211395263450e-02
8.200331687927246704e-02
8.213658094406127430e-02
8.216223001480102428e-02
8.217722177505493164e-02
8.304461717605590709e-02
8.308561563491821678e-02
8.237322807312011386e-02
8.231537103652954157e-02
8.238991260528565064e-02
8.329224586486816406e-02
8.338464260101317860e-02
8.253814697265625389e-02
8.252884387969970648e-02
8.350443363189696822e-02
8.267187118530273937e-02
8.347685575485229437e-02
8.273806095123291404e-02
8.366506814956664595e-02
8.263583183288573941e-02
8.294218778610229492e-02
8.384188175201416626e-02
8.284175634384155495e-02
8.391812562942504994e-02
8.409360408782959317e-02
8.321706771850585771e-02
8.394039154052734819e-02
8.306734800338745617e-02
8.407180070877075251e-02
8.334682703018188310e-02
8.411608695983886774e-02
8.335771083831787498e-02
8.432806968688964788e-02
8.359084129333496649e-02
8.451480627059936024e-02
8.366771459579468162e-02
8.367172479629517157e-02
8.375451087951660267e-02
8.474525690078735241e-02
8.386276483535766435e-02
8.392184972763061523e-02
8.387358903884888084e-02
8.401062488555907648e-02
8.488301515579223244e-02
8.409024953842163252e-02
8.498062610626221092e-02
8.498732805252075251e-02
8.505752801895141713e-02
8.422703266143799494e-02
8.522938728332520031e-02
8.439603090286254550e-02
8.526068449020385298e-02
8.441744565963744951e-02
8.543068170547485352e-02
8.535836696624755915e-02
8.451457738876343162e-02
8.550294876098632479e-02
8.458190202713013195e-02
8.559382677078247736e-02
8.565472126007080134e-02
8.471600294113158791e-02
8.574144840240478793e-02
8.479637622833252619e-02
8.583099126815796343e-02
8.581135272979736883e-02
8.592905521392822654e-02
8.500828742980956476e-02
8.620292663574219416e-02
8.608918428421021007e-02
8.612668991088867632e-02
8.607899188995361828e-02
8.617575883865356834e-02
8.530012607574462280e-02
8.625443696975708396e-02
8.646318435668945424e-02
8.635874032974243109e-02
8.552483797073363869e-02
8.653594970703125389e-02
8.656357049942016435e-02
8.658122539520263228e-02
8.668369293212890847e-02
8.672627925872802845e-02
8.680375814437865656e-02
8.676728010177611750e-02
8.690119743347167469e-02
8.603323221206665705e-02
8.695998430252074862e-02
8.704998254776001587e-02
8.712729692459106334e-02
8.711794376373291349e-02
8.624693393707275058e-02
8.718211650848388394e-02
8.724954366683959628e-02
8.737045288085937278e-02
8.727810859680175393e-02
8.644646167755126731e-02
8.743705034255981612e-02
8.739487409591674416e-02
8.758600711822510376e-02
8.760496854782104381e-02
8.759491205215454157e-02
8.758309841156006192e-02
8.772324800491332342e-02
8.778743505477905329e-02
8.775248527526854914e-02
8.791022062301635798e-02
8.781244754791259211e-02
8.793402194976807085e-02
8.792612552642822821e-02
8.805953979492187056e-02
8.809379816055297463e-02
8.813781499862670399e-02
8.819250106811522827e-02
8.824677944183349776e-02
8.820803403854370062e-02
8.833949565887451449e-02
8.838269233703613392e-02
8.930226802825927401e-02
8.842309474945068970e-02
8.847582578659057839e-02
8.851486444473266602e-02
