3.820323944091796636e-04
3.128600120544433637e-04
3.600382804870605230e-04
4.286813735961914019e-04
4.900336265563964627e-04
5.417609214782714714e-04
5.963063240051269878e-04
6.428241729736327691e-04
6.943821907043456598e-04
7.418179512023925434e-04
7.941317558288574045e-04
8.381271362304687804e-04
8.798050880432129080e-04
9.281444549560547048e-04
9.656429290771483941e-04
1.013195514678954991e-03
1.057097911834716788e-03
1.109924316406249922e-03
1.148142814636230434e-03
1.200697422027587925e-03
1.249325275421142621e-03
1.296589374542236319e-03
1.340334415435791120e-03
1.393067836761474566e-03
1.429436206817626901e-03
1.478281021118163984e-03
1.514503955841064444e-03
1.565709114074707127e-03
1.604747772216796918e-03
1.651477813720703168e-03
1.709368228912353438e-03
1.755516529083251970e-03
1.801509857177734358e-03
1.846263408660888663e-03
1.891634464263916050e-03
1.943612098693847743e-03
1.974294185638427943e-03
2.014844417572021675e-03
2.052183151245117083e-03
2.095432281494140434e-03
2.143709659576416206e-03
2.188899517059326137e-03
2.230687141418457101e-03
2.278969287872314575e-03
2.318899631500244158e-03
2.371165752410888533e-03
2.410135269165039097e-03
3.411855697631836076e-03
2.474396228790283394e-03
2.513043880462646328e-03
2.557640075683593854e-03
2.602615356445312465e-03
2.654385566711425608e-03
2.693324089050293160e-03
2.741746902465820156e-03
2.794225215911865217e-03
2.837216854095458898e-03
2.878406047821044887e-03
2.923946380615234392e-03
2.964694499969482405e-03
3.013386726379394410e-03
3.052370548248290946e-03
3.094220161437988368e-03
3.141503334045410174e-03
3.178758621215820382e-03
3.227038383483886788e-03
3.272955417633056745e-03
3.320045471191406406e-03
3.361642360687255859e-03
3.399302959442138464e-03
3.450903892517089705e-03
3.496086597442626866e-03
3.539350032806396623e-03
3.584456443786620920e-03
3.620822429656982405e-03
3.657205104827880929e-03
3.705813884735107300e-03
3.756318092346191267e-03
3.785991668701171962e-03
3.827340602874756016e-03
3.875615596771240286e-03
3.912453651428222760e-03
3.957736492156982595e-03
4.001274108886719062e-03
4.990737438201903881e-03
4.063329696655273472e-03
4.100959300994872631e-03
4.150304794311523299e-03
4.197258949279785573e-03
4.243474006652831615e-03
4.284334182739257639e-03
4.331107139587402240e-03
4.381020069122314869e-03
4.428141117095947543e-03
4.470472335815429792e-03
4.505894184112548863e-03
4.568765163421631068e-03
4.595179557800293385e-03
4.636428356170654332e-03
4.682559967041016041e-03
4.719746112823486155e-03
4.786636829376220842e-03
4.806919097900390694e-03
4.857211112976073976e-03
4.899346828460693012e-03
4.939386844635009974e-03
4.987967014312743967e-03
5.961000919342041016e-03
5.030183792114257570e-03
5.083699226379394948e-03
5.126190185546874827e-03
5.173377990722656528e-03
5.218000411987304930e-03
5.278170108795166016e-03
5.309617519378662456e-03
5.354957580566406181e-03
5.402657985687255721e-03
5.450484752655029679e-03
5.502390861511230642e-03
1.230777978897094720e-02
5.588178634643554792e-03
6.511597633361816163e-03
5.621552467346191406e-03
5.681731700897216762e-03
5.719268321990966450e-03
5.775651931762695347e-03
5.828323364257812118e-03
5.867857933044434010e-03
5.915832519531249827e-03
5.969271659851073906e-03
6.014428138732910191e-03
6.057801246643066025e-03
6.098971366882323906e-03
6.154296398162842179e-03
6.194250583648681571e-03
7.134242057800293038e-03
6.240940093994140972e-03
6.272237300872802318e-03
6.333165168762207309e-03
6.386730670928954939e-03
6.428248882293700894e-03
6.449615955352783550e-03
6.511876583099365443e-03
6.558904647827148646e-03
7.484583854675292726e-03
6.613349914550781597e-03
6.665318012237548585e-03
6.705811023712157995e-03
6.772770881652832344e-03
6.816680431365966693e-03
6.860072612762451068e-03
6.905212402343750312e-03
6.951065063476562743e-03
6.984455585479736398e-03
7.033648490905761337e-03
7.072253227233886788e-03
7.979688644409179202e-03
7.098653316497802700e-03
7.155942916870117361e-03
7.241461277008056502e-03
7.251222133636475026e-03
7.318367958068847448e-03
7.370743751525878767e-03
7.401165962219238663e-03
7.437825202941894531e-03
7.485044002532958811e-03
7.522332668304443533e-03
7.558524608612060547e-03
7.558224201202392960e-03
8.506743907928467421e-03
7.605016231536865234e-03
7.626547813415527656e-03
7.715890407562256068e-03
7.759954929351806779e-03
7.818055152893067100e-03
7.874939441680908064e-03
7.920703887939452292e-03
7.968108654022216381e-03
8.002600669860839011e-03
8.045847415924073029e-03
8.984668254852294991e-03
8.102488517761231163e-03
8.163466453552245539e-03
8.223500251770019670e-03
8.233664035797118655e-03
8.299877643585204870e-03
9.227254390716553567e-03
8.337352275848388533e-03
8.399469852447509835e-03
8.443610668182372977e-03
8.491230010986328819e-03
8.535945415496825825e-03
8.577473163604736051e-03
8.623292446136474401e-03
9.565446376800536971e-03
8.689689636230468056e-03
8.751213550567626953e-03
8.801686763763427040e-03
8.840401172637939869e-03
8.889429569244385043e-03
8.936731815338135390e-03
8.963711261749267301e-03
9.914062023162840964e-03
9.009089469909668108e-03
9.071285724639893341e-03
9.096398353576659601e-03
9.162468910217285226e-03
9.244024753570556641e-03
1.018766164779663121e-02
9.276540279388427110e-03
9.328985214233398091e-03
9.406924247741699219e-03
9.443891048431397178e-03
9.495608806610107699e-03
1.037218809127807631e-02
9.550373554229735912e-03
9.612653255462646346e-03
9.651875495910644878e-03
9.710335731506347309e-03
1.056606292724609347e-02
9.727842807769775113e-03
9.799489974975586146e-03
9.868731498718261511e-03
9.927451610565185547e-03
9.975543022155761511e-03
1.088188171386718708e-02
9.989876747131348073e-03
1.006052732467651450e-02
1.013047456741333029e-02
1.106507778167724679e-02
1.015227079391479471e-02
1.021278381347656174e-02
1.028445959091186558e-02
1.030729770660400446e-02
1.037276506423950168e-02
1.128248214721679771e-02
1.040462970733642585e-02
1.047736167907714795e-02
1.051363945007324253e-02
1.056890726089477518e-02
1.147243976593017613e-02
1.063027143478393471e-02
1.066058397293090897e-02
1.071563720703124986e-02
1.075685501098632736e-02
1.167889118194580071e-02
1.084775209426879806e-02
1.090177059173583901e-02
1.091367959976196310e-02
1.184666395187377978e-02
1.100136280059814398e-02
1.103292465209960993e-02
1.106851339340209940e-02
1.110652446746826158e-02
1.207323551177978509e-02
1.124401330947875921e-02
1.127185106277465813e-02
1.218657493591308524e-02
1.131899833679199212e-02
1.137984752655029318e-02
1.145279645919799853e-02
1.236453533172607484e-02
1.149748325347900446e-02
1.156794309616088895e-02
1.164427280426025453e-02
1.161773443222045843e-02
1.254197835922241273e-02
1.172833442687988212e-02
1.178954839706420829e-02
1.268199920654296958e-02
1.182221174240112235e-02
1.189227104187011788e-02
1.195471763610839872e-02
1.285538434982299791e-02
1.202703952789306585e-02
1.208382844924926758e-02
1.210009574890136795e-02
1.301116466522216769e-02
1.219768047332763644e-02
1.224867820739746101e-02
