4.276442527770996267e-04
4.007649421691894683e-04
4.642176628112792817e-04
5.483150482177734809e-04
6.095385551452637066e-04
6.756877899169921788e-04
7.432889938354492014e-04
8.024168014526367014e-04
8.723258972167969184e-04
9.306287765502930034e-04
9.867167472839355816e-04
1.053767204284667899e-03
1.107268333435058654e-03
1.163065433502197266e-03
1.217436790466308637e-03
1.270325183868408229e-03
1.330909729003906198e-03
1.386821269989013672e-03
1.447601318359375069e-03
1.507146358489990304e-03
1.569921970367431537e-03
1.630573272705078099e-03
1.704618930816650295e-03
1.756951808929443264e-03
1.808767318725586042e-03
1.862757205963134826e-03
2.951936721801757743e-03
1.938171386718749939e-03
1.997284889221191250e-03
2.053911685943603412e-03
2.110581398010253924e-03
2.177939414978027465e-03
2.230172157287597760e-03
2.290074825286865338e-03
2.343096733093261684e-03
2.401289939880371042e-03
2.448379993438720703e-03
2.500596046447753958e-03
2.556040287017822144e-03
2.609283924102783012e-03
2.663471698760986293e-03
2.710785865783691545e-03
2.768228054046631068e-03
2.827029228210449236e-03
2.885668277740478706e-03
2.931261062622070399e-03
2.991006374359130981e-03
3.036117553710937413e-03
3.093392848968505669e-03
3.137443065643310408e-03
3.196799755096435634e-03
3.245418071746826276e-03
3.297469615936279332e-03
3.356292247772216675e-03
3.407127857208252109e-03
3.462569713592529227e-03
3.523588180541992188e-03
3.575527667999267665e-03
3.631763458251952969e-03
3.685281276702880981e-03
3.731427192687988229e-03
3.781766891479491997e-03
3.835136890411376849e-03
4.996805191040038820e-03
3.942842483520507708e-03
3.999569416046142543e-03
4.064447879791259488e-03
4.119448661804199496e-03
4.179885387420654089e-03
4.232604503631592213e-03
4.302992820739746406e-03
4.342532157897949566e-03
4.398586750030517196e-03
4.450058937072754253e-03
4.498572349548340087e-03
4.553930759429931571e-03
4.601368904113769739e-03
4.659495353698730503e-03
4.712252616882323976e-03
4.767289161682128698e-03
4.827613830566406146e-03
4.858837127685546563e-03
4.924418926239013290e-03
4.968302249908447196e-03
5.026164054870605087e-03
5.078401565551757951e-03
6.239352226257324600e-03
5.148379802703857179e-03
5.212750434875488420e-03
5.265374183654785573e-03
5.332195758819579731e-03
5.384356975555420165e-03
5.447309017181396068e-03
5.495603084564208880e-03
5.554864406585693568e-03
5.606691837310790599e-03
5.661635398864745851e-03
5.711040496826171910e-03
5.764765739440918038e-03
5.820636749267578229e-03
5.871903896331786936e-03
5.918169021606444966e-03
5.978195667266845460e-03
6.040349006652832344e-03
7.170164585113525044e-03
6.134052276611328541e-03
6.184983253479004080e-03
6.259136199951172153e-03
6.298694610595702986e-03
6.352608203887939557e-03
6.413340568542480469e-03
6.468644142150878698e-03
6.511514186859130963e-03
6.572327613830566441e-03
6.625933647155761788e-03
6.697866916656494002e-03
6.743452548980712925e-03
7.866756916046142509e-03
6.793067455291747735e-03
1.534626245498657213e-02
6.945514678955077778e-03
7.012672424316405972e-03
7.061998844146728099e-03
7.120618820190429896e-03
7.168164253234863073e-03
7.229092121124267196e-03
8.329753875732421112e-03
7.298457622528076345e-03
7.371830940246582205e-03
7.444198131561279193e-03
7.504360675811767509e-03
7.573218345642090087e-03
7.610661983489990304e-03
7.641594409942626537e-03
7.702004909515380686e-03
8.770396709442138464e-03
7.779459953308105052e-03
7.816588878631592144e-03
7.871353626251220356e-03
7.956805229187012204e-03
8.009183406829833290e-03
8.069968223571777691e-03
8.133976459503174453e-03
8.180348873138428359e-03
9.282915592193604140e-03
8.271820545196532926e-03
8.333425521850585521e-03
8.388135433197021346e-03
8.437833786010741355e-03
8.473696708679199704e-03
8.507418632507323525e-03
8.587481975555420408e-03
8.643286228179931571e-03
8.679606914520264505e-03
8.733510971069335938e-03
8.791108131408691823e-03
9.844870567321776719e-03
8.835682868957519739e-03
8.899455070495604705e-03
8.995780944824218958e-03
9.044556617736817031e-03
9.075627326965332586e-03
9.147388935089111398e-03
9.201245307922363212e-03
9.256615638732909601e-03
1.037790536880493081e-02
9.319519996643066753e-03
9.382135868072509488e-03
9.436147212982177665e-03
9.486091136932373741e-03
9.531688690185547569e-03
9.575114250183106024e-03
9.644770622253417622e-03
9.705588817596436102e-03
1.072032213211059591e-02
9.736976623535155417e-03
9.842114448547363212e-03
9.912724494934082795e-03
9.973802566528321145e-03
1.002432584762573235e-02
1.111297130584716804e-02
1.007767438888549846e-02
1.014322280883789111e-02
1.023543119430542041e-02
1.034092187881469754e-02
1.037444829940795815e-02
1.042251586914062431e-02
1.047448396682739216e-02
1.153592824935913141e-02
1.056437015533447273e-02
1.060798168182373012e-02
1.067547321319580085e-02
1.074828624725341839e-02
1.077746152877807548e-02
1.191301822662353509e-02
1.084106445312500028e-02
1.091258525848388602e-02
1.098254203796386781e-02
1.103883266448974637e-02
1.110264301300048842e-02
1.219365358352661119e-02
1.110740184783935540e-02
1.124147891998291023e-02
1.130181074142456131e-02
1.135119199752807582e-02
1.144864320755004800e-02
1.246247291564941441e-02
1.150425672531127895e-02
1.157409429550170822e-02
1.164857864379882819e-02
1.169519662857055643e-02
1.269454956054687569e-02
1.175312757492065485e-02
1.189554691314697286e-02
1.188837289810180595e-02
1.197329998016357505e-02
1.201807975769043045e-02
1.308574199676513714e-02
1.205715417861938539e-02
1.216622829437255873e-02
1.226093292236328167e-02
1.328100204467773382e-02
1.223097085952758872e-02
1.234111309051513609e-02
1.242742300033569322e-02
1.243622541427612249e-02
1.253229618072509814e-02
1.356240272521972573e-02
1.256088733673095710e-02
1.267019033432006773e-02
1.269775390624999951e-02
1.379164934158325258e-02
1.276479244232177693e-02
1.288295984268188546e-02
1.293710708618164146e-02
1.300318717956542962e-02
1.405138015747070361e-02
1.305629730224609417e-02
1.311085224151611363e-02
1.319989919662475572e-02
1.425115823745727595e-02
1.330011129379272440e-02
1.334662675857543890e-02
1.338877439498901284e-02
1.346572875976562514e-02
1.455968379974365186e-02
1.356391668319702204e-02
1.361881732940673807e-02
1.467804908752441337e-02
1.371721506118774372e-02
1.378393888473510714e-02
1.383655548095703153e-02
1.487818956375122105e-02
1.393056631088256808e-02
1.396491765975952162e-02
1.504132509231567369e-02
1.403527736663818387e-02
1.415101289749145543e-02
1.420319557189941330e-02
1.523689270019531333e-02
1.424843788146972628e-02
1.435020923614501939e-02
1.441376924514770584e-02
1.542712450027465890e-02
1.452280759811401360e-02
1.459247112274169970e-02
1.563374280929565388e-02
1.462856531143188511e-02
1.472507715225219657e-02
1.475102424621582003e-02
1.579312086105346541e-02
1.486473560333251981e-02
1.493646383285522454e-02
1.596441030502319253e-02
1.498857021331787172e-02
1.511062145233154318e-02
1.614066362380981584e-02
1.519146919250488267e-02
1.525058984756469740e-02
2.668310880661010909e-02
1.536652326583862367e-02
1.641069412231445368e-02
1.537664413452148431e-02
1.548424482345580992e-02
1.553963899612426786e-02
1.658503055572509849e-02
1.565202474594116350e-02
1.573576450347900432e-02
1.672932147979736342e-02
1.580985307693481487e-02
1.591811180114745955e-02
1.594098806381225725e-02
1.700628042221069211e-02
1.605803489685058566e-02
1.704824209213256711e-02
1.611725568771362263e-02
1.622720241546631026e-02
1.721452713012695465e-02
1.619244575500488129e-02
1.631648302078246918e-02
1.735363483428955036e-02
1.644936323165893666e-02
1.649093627929687500e-02
1.750212907791137695e-02
1.657713890075683538e-02
1.663875102996826075e-02
1.767502069473266685e-02
1.676587104797363365e-02
1.779574632644653417e-02
1.684001445770263658e-02
1.694937705993652260e-02
1.795155286788940527e-02
1.701971054077148354e-02
1.710133790969848785e-02
1.810272693634033120e-02
1.718241930007934418e-02
1.818261384963989341e-02
1.723924160003661998e-02
1.734307527542114369e-02
1.834926128387451283e-02
1.741896152496337849e-02
1.745736837387084836e-02
1.848824024200439523e-02
1.756258487701416182e-02
1.854278087615966741e-02
1.760192632675170940e-02
1.769316673278808691e-02
1.880342721939086761e-02
1.784380912780761733e-02
1.883310079574584961e-02
1.794589281082153293e-02
1.800899267196655329e-02
1.902400255203247001e-02
1.811366558074951200e-02
1.912005901336669839e-02
1.823149204254150349e-02
1.924322366714477373e-02
1.828075885772705023e-02
1.836065769195556474e-02
1.936135292053222517e-02
1.845930337905883623e-02
1.946049690246582156e-02
1.855664014816284235e-02
1.958477258682251101e-02
1.865492820739746149e-02
1.969973325729370076e-02
1.872361421585082980e-02
1.880758523941039942e-02
1.986136198043823159e-02
1.898569345474243261e-02
1.996174097061157240e-02
1.900509595870971541e-02
2.006197929382324066e-02
1.911966800689697196e-02
2.020235776901245159e-02
1.926764011383056557e-02
2.031407833099365193e-02
1.936474561691284291e-02
2.039171934127807784e-02
1.944046020507812431e-02
2.047579050064086970e-02
1.955870628356933677e-02
2.057673692703246987e-02
1.964062452316284180e-02
2.066914081573486411e-02
1.974462747573852567e-02
2.078278064727783273e-02
1.983412504196167131e-02
2.088915348052978668e-02
1.996232509613037054e-02
2.096957445144653417e-02
2.005684375762939453e-02
2.112439155578613170e-02
2.016641855239868081e-02
2.121602773666381864e-02
2.030091047286987360e-02
2.131040573120117354e-02
2.039822816848754772e-02
2.139465570449829157e-02
2.051178216934203963e-02
2.151947021484374931e-02
2.061606168746948214e-02
2.159628868103027205e-02
2.070380449295044015e-02
2.169347524642944308e-02
2.077768564224242998e-02
2.179922342300415206e-02
2.091976165771484292e-02
2.190910816192627106e-02
2.198492050170898493e-02
2.107241868972778431e-02
2.213717937469482366e-02
2.117114543914794950e-02
2.218346118927001787e-02
2.129456043243408217e-02
2.232756376266479409e-02
2.138100147247314411e-02
2.237756013870239105e-02
2.245333194732666154e-02
2.148730039596557714e-02
2.258301019668578977e-02
2.161526203155517481e-02
2.261378765106201311e-02
2.270466089248657227e-02
2.174498558044433635e-02
2.279980421066284124e-02
2.184493064880371066e-02
2.291697025299072391e-02
2.194828987121582101e-02
2.298554420471191420e-02
2.306748151779174777e-02
2.212088108062744071e-02
2.316742420196533231e-02
2.224516868591308594e-02
2.329387426376342690e-02
2.328536748886108482e-02
2.237255334854125824e-02
2.339786291122436523e-02
2.348958730697631864e-02
2.256631612777710086e-02
2.360618352890014524e-02
2.267462730407714816e-02
2.362351179122924860e-02
2.369257211685180803e-02
2.280640363693237430e-02
2.382344961166381683e-02
2.383915424346923911e-02
2.294195890426635812e-02
2.397830963134765792e-02
2.403062105178832911e-02
2.314067602157592746e-02
2.417074680328369293e-02
2.422257900238037123e-02
2.321799516677856487e-02
2.431642055511474762e-02
2.435253858566284110e-02
2.342812776565551813e-02
2.443765163421630915e-02
2.449332475662231376e-02
2.358543634414672976e-02
2.463037729263305511e-02
2.467607021331787165e-02
2.368978261947631697e-02
2.475336551666259752e-02
2.385039806365966963e-02
2.492730617523193290e-02
2.495479106903076075e-02
2.402971506118774248e-02
2.504735469818115262e-02
2.417212963104247922e-02
2.513714313507080245e-02
2.518756389617919991e-02
2.524908542633056557e-02
2.525839328765869252e-02
2.535812139511108357e-02
2.440412044525146554e-02
2.544637918472290178e-02
2.548799037933349720e-02
2.554419279098510756e-02
2.465641975402832128e-02
2.566421985626220550e-02
2.569258928298950168e-02
2.577124834060668876e-02
2.487144470214843611e-02
2.580670595169067341e-02
2.589617490768432451e-02
2.595109939575195382e-02
2.505334377288818276e-02
2.603365898132324260e-02
2.612041950225829981e-02
2.617179870605468653e-02
2.524620294570922852e-02
2.623879909515380859e-02
2.634399414062500028e-02
2.641807079315185505e-02
2.549104690551757743e-02
2.644362211227416909e-02
2.652000188827514579e-02
2.655569553375244224e-02
3.986140489578247209e-02
2.576597690582275307e-02
2.673713922500610407e-02
2.674408197402954046e-02
2.681241750717162919e-02
2.587161779403686357e-02
2.687400579452514648e-02
2.694680452346801675e-02
2.696368217468261830e-02
2.707387924194335979e-02
2.714952468872070326e-02
2.623081684112548925e-02
2.722127199172973480e-02
2.735944986343383928e-02
2.736058235168457170e-02
2.735659599304199330e-02
2.649561405181884849e-02
2.751774311065673800e-02
2.756223201751709095e-02
2.759350061416625949e-02
2.765568494796753068e-02
2.776069879531860296e-02
2.779804229736328181e-02
2.685074090957641560e-02
2.786110639572143485e-02
2.792098999023437389e-02
2.795041561126708832e-02
2.799650430679321428e-02
2.805326223373413169e-02
2.807663917541504059e-02
2.814953804016113309e-02
2.820794343948364313e-02
2.833075284957885590e-02
2.734584093093872167e-02
2.837761878967285170e-02
2.839002370834350572e-02
2.845443487167358468e-02
2.850553750991821275e-02
2.859072208404540849e-02
2.865304946899414201e-02
2.865605831146240262e-02
2.874469280242919825e-02
2.778254747390747001e-02
2.881342649459838964e-02
2.890382289886474568e-02
2.888576507568359208e-02
2.897192001342773285e-02
2.901317119598388616e-02
2.910736083984374889e-02
2.916398048400879045e-02
2.921354770660400391e-02
2.927560806274414132e-02
2.931875944137573090e-02
2.934637546539306530e-02
2.939838886260986300e-02
2.940973281860351576e-02
2.949457168579101493e-02
2.955334901809692286e-02
2.960296869277954240e-02
2.960283041000366308e-02
2.968686103820800809e-02
2.975631475448608371e-02
2.983954906463623033e-02
2.989733934402465793e-02
2.991995573043823228e-02
2.901225805282592676e-02
2.992328166961669839e-02
3.004518508911132799e-02
3.011066436767578097e-02
3.010405302047729562e-02
3.112651586532592940e-02
2.932731866836547907e-02
3.123101472854614147e-02
3.030808925628662026e-02
3.039945602416992132e-02
3.047139644622802804e-02
3.049550294876098716e-02
3.056192159652710086e-02
3.062321424484253096e-02
3.064807653427124162e-02
3.066018819808959822e-02
3.072018623352050851e-02
3.084465742111205944e-02
3.090229034423828264e-02
3.093653678894043094e-02
3.094692230224609444e-02
3.107559442520141726e-02
3.107560873031616280e-02
3.115744113922119113e-02
3.120926856994628990e-02
3.125970363616943637e-02
3.224218130111694558e-02
3.141957044601440679e-02
3.143481492996216126e-02
3.146869182586670144e-02
3.148018836975097906e-02
3.154874563217163058e-02
3.157163858413696012e-02
3.167309999465942050e-02
3.168893098831176980e-02
3.171701669692993109e-02
3.276679515838622908e-02
3.184223175048828125e-02
3.187083244323730274e-02
3.191978693008423046e-02
3.200329065322875949e-02
3.203821897506713839e-02
3.210615634918213140e-02
3.212357282638549777e-02
3.309501647949218694e-02
3.221769332885741910e-02
3.230741500854492076e-02
3.234161853790282898e-02
3.240232467651367465e-02
3.246923446655273354e-02
3.349944829940795787e-02
3.258315086364746427e-02
3.261621236801147405e-02
3.265404462814330833e-02
3.269486904144287137e-02
3.374104022979736162e-02
3.286074876785278348e-02
3.284306287765503124e-02
3.287847518920898604e-02
3.291366100311279158e-02
3.298772335052490429e-02
3.305655241012573492e-02
3.303142547607421792e-02
3.313226461410522655e-02
3.413064956665039229e-02
3.332807302474975752e-02
3.339191198348998718e-02
3.338437795639038336e-02
3.433209419250488059e-02
3.348410606384277094e-02
3.349827051162719560e-02
3.453848838806152649e-02
3.358510494232178067e-02
3.363634586334228460e-02
3.465857267379760659e-02
3.383102416992187639e-02
3.383751869201660073e-02
3.483469724655151312e-02
3.391502857208252009e-02
3.393026351928710854e-02
3.497095346450805609e-02
3.404970169067382535e-02
3.409007072448730358e-02
3.509140968322754101e-02
3.420524120330810380e-02
3.422881126403808788e-02
3.522084951400757113e-02
3.436861038208007674e-02
3.443699598312378179e-02
3.546993017196655579e-02
3.451529502868652677e-02
3.458495378494262640e-02
3.559543848037719643e-02
3.461481094360351757e-02
3.472893476486205860e-02
3.573564052581787442e-02
3.490068435668945007e-02
3.489898920059204129e-02
3.593436479568481307e-02
3.503809690475463701e-02
3.605749130249023132e-02
3.512097597122192105e-02
3.508429527282715121e-02
3.614154338836669811e-02
3.526779174804687417e-02
3.630079746246337585e-02
3.536806344985961997e-02
3.544496059417724665e-02
3.640014886856079296e-02
3.550480127334594560e-02
3.650287151336670255e-02
3.559785604476928961e-02
3.659092426300048634e-02
3.568620443344116405e-02
3.573238611221313255e-02
3.680617094039916742e-02
3.590467453002929576e-02
3.697026491165161105e-02
3.602936267852783342e-02
3.695191621780395674e-02
3.608490467071533148e-02
3.707749128341674555e-02
3.617112398147583063e-02
3.722289323806762806e-02
3.633510828018188255e-02
3.728964090347289956e-02
3.633534193038940457e-02
3.639193534851074135e-02
3.743248939514159934e-02
3.756510257720947071e-02
3.665394544601440624e-02
3.666070222854614369e-02
3.770572423934936274e-02
3.679424524307250977e-02
3.778011083602905024e-02
3.684499740600585826e-02
3.788798809051513450e-02
3.694066047668456698e-02
3.798900604248046931e-02
3.703264951705932673e-02
3.810617685317993497e-02
3.806538820266723577e-02
3.723793268203735157e-02
3.728371620178222434e-02
3.832697153091430692e-02
3.835627079010009433e-02
3.749061346054077121e-02
3.845546722412109680e-02
3.752387046813964594e-02
3.856620311737060658e-02
3.765125036239624218e-02
3.867134571075439564e-02
3.869733095169067272e-02
3.782722473144531361e-02
3.883107423782348328e-02
3.785709381103515708e-02
3.890746593475341575e-02
3.900164604187011941e-02
3.809575080871582115e-02
3.908265829086303433e-02
3.812270164489746371e-02
3.917202711105347013e-02
3.916646718978882002e-02
3.826400756835937611e-02
3.933549880981445507e-02
3.840848207473755022e-02
3.941779851913452398e-02
3.945087909698486578e-02
3.859496593475341547e-02
3.960750341415405357e-02
3.964025497436523410e-02
3.875804662704467746e-02
3.975949048995972013e-02
3.974883794784545704e-02
3.887996196746826283e-02
5.509936809539794922e-02
3.985688209533691517e-02
3.992687225341796931e-02
4.000526905059814675e-02
3.909306287765502985e-02
4.007349014282226424e-02
4.015593767166137501e-02
4.022971630096435630e-02
3.937251806259155218e-02
4.035965442657470786e-02
4.038299083709716991e-02
3.946060657501220675e-02
4.047777652740478654e-02
4.052176475524902483e-02
4.058938264846801564e-02
3.963003158569335799e-02
4.071959972381591908e-02
4.069925308227539257e-02
4.075246810913085715e-02
3.991060018539428766e-02
4.091089487075805914e-02
4.095643997192383035e-02
4.104942321777343972e-02
4.103600740432739036e-02
4.009026050567626731e-02
4.116720676422119113e-02
4.122300148010253629e-02
4.126450538635254017e-02
4.129019975662231307e-02
4.031984090805054016e-02
4.131405115127563532e-02
4.139169216156005776e-02
4.139039754867553794e-02
4.144531011581421148e-02
4.152131080627441406e-02
4.153400659561157227e-02
4.073851585388183622e-02
4.174077749252319558e-02
4.177941799163818054e-02
4.185271263122558594e-02
4.186667203903197965e-02
4.195648908615112055e-02
4.197556972503661832e-02
4.203859567642211775e-02
4.207829952239990068e-02
4.211855411529540766e-02
4.228295564651489424e-02
4.128180742263794223e-02
4.236099720001220564e-02
4.237937211990356473e-02
4.237524032592773771e-02
4.250750780105590904e-02
4.254239559173583762e-02
4.256211280822753962e-02
4.261857032775878684e-02
4.263775825500488309e-02
4.263029575347900696e-02
4.277890920639038086e-02
4.279641151428222740e-02
4.285539150238037304e-02
4.290765047073364508e-02
4.206361293792724304e-02
4.298331022262573409e-02
4.307798147201537947e-02
4.305930137634277066e-02
4.315385580062866544e-02
4.321321487426757479e-02
4.331242799758910911e-02
4.332558870315551813e-02
4.337961196899414035e-02
4.346082687377929993e-02
4.352725505828857616e-02
4.356741905212402344e-02
4.358035087585448997e-02
4.363781690597533930e-02
4.374310493469238392e-02
4.375429868698119812e-02
4.384231328964233176e-02
4.383623123168945562e-02
4.392091751098632646e-02
4.396808147430419922e-02
4.402594804763793751e-02
4.408529758453369474e-02
4.414396047592163141e-02
4.518330812454223605e-02
4.426225185394287026e-02
4.427051782608032449e-02
4.430115938186645480e-02
4.429371118545532421e-02
4.441493272781372320e-02
4.436161041259765320e-02
4.446605682373046958e-02
4.449854850769043024e-02
4.554324865341186773e-02
4.469246149063110102e-02
4.468126773834228682e-02
4.478620290756225863e-02
4.477041959762573242e-02
4.484218597412109597e-02
4.487414836883545088e-02
4.501803159713745062e-02
4.594672441482543918e-02
4.502022266387939453e-02
4.508529901504516879e-02
4.514029264450072909e-02
4.515584707260131975e-02
4.530967473983764371e-02
4.629579782485961775e-02
4.541233539581299161e-02
4.540345191955566517e-02
4.547781467437744113e-02
4.643868446350097462e-02
4.561623811721801647e-02
4.558314800262450867e-02
4.564308166503906056e-02
4.668573617935180969e-02
4.578396558761596569e-02
4.584569931030273160e-02
4.587608098983764898e-02
4.591883182525634960e-02
4.688838958740234458e-02
4.595453262329101535e-02
4.604790687561035462e-02
4.703363418579101229e-02
4.617124557495116965e-02
4.619567871093750028e-02
4.633823156356811634e-02
4.633416175842285101e-02
4.736123323440551841e-02
4.644259214401245256e-02
4.652104139328003263e-02
4.745804309844970509e-02
4.656962633132934876e-02
4.667292356491088701e-02
4.667460680007934348e-02
4.770457029342651395e-02
4.682515382766723466e-02
4.771428108215332309e-02
4.683477401733398410e-02
4.694254636764526312e-02
4.702329397201537864e-02
4.806909799575805747e-02
4.717228889465332337e-02
4.720021486282348355e-02
4.721765995025634793e-02
4.826529741287231140e-02
4.730256319046020203e-02
4.735955715179443470e-02
4.743721961975097545e-02
4.841884613037109042e-02
4.752516746520996094e-02
4.751099348068237027e-02
4.853535890579223355e-02
4.759221076965332309e-02
4.865074157714843750e-02
4.781188726425170815e-02
4.777045965194701843e-02
4.880965709686279491e-02
4.789527654647827287e-02
4.885147809982300082e-02
4.795522689819335660e-02
4.900987386703491155e-02
4.816575527191162276e-02
4.820486068725585854e-02
4.922065258026123158e-02
4.822505235671997043e-02
4.924604177474975475e-02
4.842416048049926619e-02
4.934339761734008595e-02
4.847650527954101840e-02
4.944762468338012584e-02
4.861392736434936440e-02
4.959990501403808288e-02
4.862232208251952847e-02
4.868655920028686773e-02
4.968316078186035128e-02
4.879540920257568332e-02
4.979479312896728516e-02
4.896808147430419672e-02
4.994862556457519559e-02
4.906103372573852872e-02
5.002576828002929660e-02
4.921300649642944280e-02
5.016943931579589955e-02
4.918506860733032338e-02
5.025417566299438671e-02
4.942136287689209012e-02
4.945619583129882979e-02
5.038918972015380554e-02
5.050461053848266657e-02
4.957295656204223355e-02
4.962337732315063449e-02
5.063692569732666099e-02
4.971581697463989258e-02
5.070162773132324413e-02
4.982668876647949191e-02
5.093529939651489369e-02
5.090040683746337863e-02
5.002130270004272183e-02
5.003925323486328042e-02
5.097249746322631697e-02
5.103087425231933594e-02
5.020144939422607755e-02
5.110529422760010099e-02
4.943691968917846707e-02
5.222681045532226451e-02
5.034033298492431724e-02
4.959348440170287947e-02
5.236995220184326172e-02
5.135859966278075867e-02
5.240343809127807895e-02
5.150312900543212863e-02
5.252916097640990961e-02
5.168462514877319308e-02
5.171214103698730524e-02
5.177243709564208901e-02
5.184844493865967130e-02
5.097963333129882507e-02
5.197779417037964172e-02
5.197587966918945646e-02
5.202486991882324108e-02
5.204296588897704828e-02
5.216030597686767412e-02
5.218826532363891879e-02
5.127738475799560602e-02
5.226321220397948941e-02
5.234121799468994390e-02
5.239441156387329018e-02
5.244496107101440097e-02
5.250657796859740933e-02
5.165107011795044140e-02
5.261415004730224387e-02
5.258775949478149137e-02
5.266729354858398771e-02
5.264598131179809570e-02
5.187689065933227817e-02
5.285979986190796065e-02
5.283719062805175559e-02
5.285783767700195229e-02
5.312134027481078824e-02
5.315185070037841547e-02
5.307812690734863004e-02
5.322310924530029158e-02
5.319180727005004550e-02
5.322029590606689592e-02
5.330971479415893416e-02
5.330023765563964705e-02
5.338106393814086997e-02
5.359080076217651034e-02
5.348429441452026700e-02
5.352906227111816490e-02
5.362912893295287975e-02
5.363430261611938643e-02
5.368341684341430831e-02
5.378877639770508062e-02
5.379056453704834234e-02
5.384636163711548074e-02
5.390740871429443304e-02
5.389961242675780917e-02
5.400233030319213923e-02
5.404063940048217662e-02
5.413399219512939758e-02
5.415715456008911299e-02
5.415232419967651312e-02
5.432920694351196095e-02
5.437527656555175837e-02
5.443340301513671653e-02
5.445205450057983426e-02
5.448959112167358482e-02
5.458210229873657060e-02
5.452028274536133146e-02
5.465874195098877064e-02
5.463218688964843750e-02
5.471427440643310269e-02
5.578472614288330217e-02
5.486301183700561385e-02
5.489179134368896151e-02
5.488459825515747126e-02
5.509577035903930747e-02
5.507447004318237471e-02
7.304533004760742354e-02
5.609195709228515653e-02
5.517438411712646817e-02
5.522109746932983565e-02
5.528050661087036133e-02
5.530231714248657476e-02
5.629420995712280246e-02
5.542708873748779241e-02
5.548327922821044700e-02
5.552428722381591575e-02
5.559954166412353627e-02
5.557743072509765958e-02
5.669192552566528626e-02
5.575169086456299022e-02
5.575014591217040960e-02
5.586159944534301730e-02
5.685813665390014593e-02
5.605866909027099748e-02
5.605476379394531278e-02
5.608853816986084095e-02
5.615693092346191184e-02
5.624040365219116350e-02
5.717031955718994418e-02
5.628613948822021318e-02
5.634523630142211637e-02
5.639442205429077287e-02
5.642349720001220426e-02
5.741134643554687833e-02
5.641838073730468667e-02
5.653205156326293612e-02
5.751882314682006669e-02
5.664128303527832253e-02
5.762800216674804354e-02
5.682747364044189731e-02
5.680991649627685491e-02
5.779465198516845620e-02
5.684075355529785017e-02
5.692371129989624162e-02
5.793114185333252120e-02
5.698243856430054016e-02
5.801554203033447432e-02
5.710455894470214955e-02
5.721693992614745872e-02
5.809490919113158985e-02
5.727818012237548967e-02
5.824634552001953236e-02
5.739305973052978571e-02
5.839663743972778320e-02
5.755211830139159851e-02
5.758089542388915988e-02
5.858543634414672963e-02
5.762720346450805886e-02
5.859602451324463085e-02
5.780113935470580777e-02
5.875770568847656083e-02
5.792662620544433705e-02
5.795661449432373130e-02
5.893387317657470398e-02
5.803334236145019781e-02
5.899651527404785323e-02
5.804803133010864175e-02
5.903424263000488226e-02
5.813646793365478266e-02
5.921363830566406250e-02
5.838642120361327986e-02
5.939613580703735629e-02
5.844839811325073381e-02
5.941727638244628795e-02
5.853778839111328097e-02
5.951274394989013866e-02
5.858598470687866044e-02
5.962558984756469865e-02
5.870945215225219921e-02
5.974762678146362110e-02
5.883020639419555414e-02
5.979116439819336104e-02
5.893583774566650557e-02
5.978032350540161272e-02
5.985114574432372908e-02
6.001267433166503767e-02
5.912065267562865989e-02
6.012504816055298101e-02
6.013873100280761608e-02
5.930512189865112110e-02
6.026024103164672602e-02
6.032613277435303067e-02
5.945555686950683427e-02
6.045058250427245983e-02
5.955226659774780218e-02
6.060586929321289118e-02
6.063147068023681807e-02
5.975550651550293191e-02
6.066540241241455411e-02
6.071726560592651672e-02
5.988040447235107311e-02
6.086202383041381531e-02
6.090850114822387446e-02
6.090859413146972740e-02
6.095173597335815097e-02
6.012181520462036438e-02
6.103235244750976340e-02
6.111625671386718833e-02
6.028306961059570063e-02
6.117017984390258484e-02
6.126070022583007812e-02
6.137371063232421875e-02
6.132436752319336132e-02
6.042409896850586132e-02
6.142513513565063532e-02
6.148396968841552540e-02
6.161738157272338839e-02
6.160799741744995422e-02
6.075905323028564509e-02
6.176401615142822210e-02
6.184969425201416321e-02
6.189713954925537415e-02
6.185724496841430581e-02
6.103135824203491377e-02
6.199982643127441295e-02
6.201253652572631669e-02
6.211784362792968639e-02
6.201157093048095814e-02
6.216048479080200223e-02
6.220549345016479492e-02
6.243525028228760071e-02
6.146536350250244446e-02
6.234298944473266879e-02
6.251484394073486550e-02
6.254205465316772794e-02
6.163737773895263533e-02
6.260361671447753351e-02
6.267902612686157560e-02
6.270050287246703435e-02
6.184772729873657532e-02
6.285272359848022294e-02
6.291834354400634155e-02
6.291285991668700561e-02
6.200313568115234375e-02
6.379521608352661799e-02
6.292819261550902654e-02
6.302551269531249389e-02
6.305128574371338113e-02
6.315477609634399803e-02
6.420980691909790317e-02
6.324814319610595759e-02
6.334328413009643333e-02
6.343388795852661355e-02
6.352816104888915627e-02
6.263550519943236750e-02
6.358574390411377009e-02
6.452820539474486694e-02
6.362176418304443803e-02
6.377196311950683594e-02
6.383634805679321012e-02
6.379381179809570646e-02
6.484278202056885376e-02
6.382257699966430164e-02
6.396059274673461525e-02
6.405650138854980524e-02
6.409087657928466686e-02
6.406946897506714256e-02
6.409788131713867188e-02
6.424720287322997769e-02
6.424105882644653986e-02
6.430794954299927368e-02
6.525756835937500389e-02
6.438597202301026001e-02
6.444824934005737027e-02
6.448628187179565596e-02
6.460062503814696655e-02
6.461462736129761075e-02
6.466931581497192827e-02
6.571899175643920732e-02
6.480060100555419533e-02
6.479814052581786554e-02
6.481918811798095814e-02
6.494849205017089178e-02
6.585279941558837280e-02
6.497741937637328824e-02
6.506221532821655773e-02
6.515287160873413363e-02
6.522237062454223910e-02
6.612433671951294112e-02
6.532936573028563787e-02
6.532847881317138672e-02
6.629699468612670898e-02
6.534131765365600031e-02
6.641058444976806474e-02
6.559056997299193836e-02
6.563511371612548717e-02
6.655908107757568803e-02
6.555781841278075783e-02
6.560640573501587414e-02
6.667634487152099276e-02
6.584112405776977595e-02
6.674647092819213645e-02
6.592920064926147128e-02
6.593760728836059459e-02
6.692429304122925193e-02
6.605650663375854659e-02
6.610607385635375310e-02
6.707722187042236550e-02
6.614957571029662919e-02
6.713410854339599276e-02
6.633937835693359819e-02
6.634842872619628462e-02
6.637004613876343329e-02
6.734357357025146096e-02
6.662634849548339233e-02
6.756858825683594028e-02
6.658692836761474776e-02
6.772647380828857033e-02
6.676705121994018499e-02
6.761723756790161133e-02
6.682990550994873102e-02
6.772876739501952625e-02
6.684722661972046509e-02
6.796710014343261552e-02
6.710135936737060547e-02
6.808980226516724021e-02
6.712182521820068970e-02
6.817950725555420310e-02
6.727960348129272128e-02
6.826957941055297741e-02
6.829119443893433283e-02
6.738022327423096036e-02
6.835081577301024836e-02
6.753714084625243863e-02
6.842221498489380049e-02
6.849428176879883423e-02
6.761237382888793390e-02
6.860444307327270841e-02
6.861444473266602173e-02
6.778937578201293945e-02
6.882424831390381026e-02
6.790650606155396174e-02
6.882563114166259655e-02
6.894081830978393555e-02
6.897311687469481756e-02
6.815055370330810880e-02
6.896478176116943581e-02
6.911055564880370927e-02
6.912740945816039928e-02
6.820337295532226396e-02
6.931304931640625000e-02
6.924390554428100364e-02
6.936482906341552568e-02
6.947942256927490401e-02
6.947895050048828736e-02
6.850995302200317549e-02
6.951732635498046597e-02
6.957820653915405829e-02
6.960571050643921120e-02
6.970367908477782815e-02
6.976485252380371094e-02
6.883604526519775113e-02
6.986819982528685857e-02
6.976840734481810913e-02
6.988053798675536443e-02
6.993245601654052290e-02
6.999983310699463279e-02
7.000935316085815652e-02
7.005465984344481922e-02
7.012498855590820757e-02
7.018672227859497348e-02
7.036017417907715343e-02
7.034257650375366766e-02
7.037467241287231889e-02
6.954080820083617664e-02
7.052949190139770619e-02
7.054966449737548606e-02
7.055953741073608954e-02
7.065046548843384455e-02
7.079655885696410633e-02
7.072878837585448719e-02
6.987740993499755304e-02
7.091813802719115767e-02
7.093683242797851896e-02
7.088728666305542381e-02
7.095652580261230247e-02
7.111618280410766935e-02
7.120806694030762385e-02
7.115285634994507336e-02
7.125641822814941795e-02
7.130220413208007701e-02
7.139091730117798351e-02
7.141517162322998102e-02
7.139743566513061246e-02
7.144781351089476984e-02
7.151044845581054632e-02
7.157941341400146651e-02
7.165840625762939786e-02
7.165400505065917802e-02
7.169009923934936690e-02
7.177773714065552313e-02
7.186356067657470592e-02
7.184429645538330245e-02
7.197885274887085016e-02
7.197257280349730890e-02
7.204056978225707730e-02
7.199301719665526789e-02
7.205619096755981612e-02
7.311280488967895896e-02
7.221760988235473300e-02
7.231017589569091464e-02
7.233204126358032393e-02
7.239974737167358121e-02
7.257991313934325506e-02
7.265789031982422541e-02
7.258734703063965399e-02
7.268978834152221846e-02
7.347850799560547153e-02
7.260360956192016268e-02
7.365564107894898016e-02
7.274890422821045366e-02
7.285415172576904796e-02
7.378387212753295676e-02
7.295360803604125643e-02
7.292819976806640125e-02
7.309411764144897738e-02
9.409954071044922264e-02
7.309814929962157870e-02
7.315358877182007169e-02
7.323429107666015736e-02
7.323117256164550504e-02
7.426383972167968639e-02
7.334096193313598133e-02
7.343787670135498713e-02
7.344365596771240678e-02
7.349965572357178289e-02
7.356956720352172963e-02
7.359219551086425282e-02
7.363353013992308960e-02
7.378099918365478571e-02
7.479426622390747403e-02
7.391391992568970004e-02
7.484630107879639005e-02
7.389954805374145119e-02
7.495103597640991044e-02
7.409431457519531639e-02
7.498509883880614957e-02
7.398142337799072654e-02
7.512669801712036632e-02
7.510088205337524248e-02
7.423179864883422407e-02
7.522238016128540705e-02
7.441301107406615711e-02
7.550224304199218417e-02
7.451246500015258623e-02
7.544365406036376842e-02
7.457188367843628485e-02
7.554813146591186912e-02
7.563713312149047963e-02
7.475236415863037442e-02
7.573240280151366521e-02
7.483954191207885243e-02
7.595732927322387806e-02
7.501543283462525080e-02
7.604564905166626143e-02
7.519483804702759011e-02
7.612328052520751787e-02
7.525074720382690652e-02
7.525715112686157116e-02
7.627034425735473855e-02
7.536423683166504350e-02
7.636581182479858232e-02
7.537261962890624833e-02
7.633386135101317971e-02
7.645807027816772794e-02
7.551790714263915960e-02
7.658692121505737693e-02
7.654160022735595481e-02
7.663362503051757146e-02
7.569528579711913563e-02
7.672389030456543135e-02
7.680582761764526145e-02
7.681959152221679021e-02
7.591112613677979126e-02
7.603922128677367831e-02
7.707503795623779630e-02
7.612815380096435436e-02
7.714112997055053156e-02
7.717625141143798218e-02
7.719079017639160489e-02
7.716206550598143921e-02
7.741672515869141291e-02
7.742424726486206443e-02
7.644081115722656250e-02
7.748094558715820646e-02
7.747766256332397350e-02
7.752588510513305775e-02
7.764028787612914373e-02
7.757631540298462469e-02
7.772136449813843440e-02
7.776333332061767523e-02
7.777747869491577482e-02
7.776288032531737671e-02
7.786370515823363980e-02
7.790155172348021961e-02
7.800890207290649137e-02
7.804206848144530639e-02
7.896164417266846036e-02
7.818328380584717296e-02
7.819570779800415206e-02
7.829587459564209262e-02
7.835604190826415960e-02
7.756172418594360629e-02
7.759108304977417603e-02
7.850523948669434204e-02
7.848845243453979326e-02
7.760483741760254572e-02
7.865406036376952625e-02
7.870629310607910045e-02
7.877904653549194780e-02
7.888525724411010742e-02
7.883607864379882368e-02
7.887451410293579157e-02
7.892005681991577648e-02
7.899030208587647095e-02
7.897791147232055553e-02
7.913685083389282449e-02
7.917200565338135265e-02
7.915076017379760187e-02
7.916880369186402033e-02
7.932840108871459794e-02
7.932876825332640935e-02
7.947065830230712336e-02
7.943952560424805132e-02
7.945265293121338279e-02
7.973648071289062000e-02
7.978007078170776256e-02
7.981488466262817716e-02
7.985124349594116544e-02
7.992103576660156139e-02
7.994946718215942272e-02
8.002312421798705999e-02
8.005759000778198131e-02
8.006831645965575839e-02
8.012608289718628485e-02
8.004005193710327093e-02
8.006730556488036998e-02
8.013096809387207364e-02
8.110562562942505438e-02
8.020076036453246959e-02
8.025765419006347656e-02
8.122077703475952259e-02
8.038443326950073242e-02
8.037951469421386608e-02
8.047703981399535744e-02
8.152978658676147961e-02
8.056937932968138982e-02
8.069633483886719250e-02
8.160673618316650890e-02
8.073640584945679377e-02
8.080676317214965931e-02
8.182454347610473855e-02
8.091798305511474498e-02
8.103623628616332675e-02
8.106034755706786887e-02
8.193113565444946900e-02
8.097238779067993109e-02
8.203375816345215288e-02
8.124678134918213168e-02
8.197616338729858676e-02
8.208148956298827459e-02
8.211954832077025812e-02
8.137686967849731834e-02
8.234176635742188055e-02
8.226488590240478571e-02
8.148672103881836326e-02
8.250345706939697654e-02
8.245009899139404963e-02
8.161244153976440763e-02
8.259650468826293390e-02
8.174769401550292802e-02
8.286834001541137917e-02
8.190824508666992576e-02
8.275475025177002342e-02
8.198866367340088002e-02
8.299294710159302313e-02
8.214970111846923995e-02
8.300821781158447543e-02
8.313109874725341242e-02
8.227375745773315985e-02
8.326066732406615933e-02
8.319559335708617831e-02
8.329780340194702093e-02
8.334033250808715876e-02
8.252804279327392856e-02
8.342374801635742132e-02
8.348732471466063787e-02
8.364540815353393999e-02
8.270532608032227229e-02
8.372879505157471147e-02
8.376269578933716320e-02
8.288880586624144953e-02
8.388551473617553156e-02
8.390082836151123435e-02
8.400396108627319891e-02
8.394264698028564009e-02
8.404994964599608875e-02
8.322263002395630105e-02
8.412892341613770197e-02
8.422075986862181951e-02
8.415852785110473910e-02
8.335797309875488115e-02
8.437584400177002009e-02
8.434565067291259488e-02
8.443927288055419478e-02
8.446326971054077259e-02
8.358093976974487194e-02
8.458006143569946067e-02
8.469969987869262196e-02
8.466217994689941018e-02
8.470194101333618220e-02
8.478294610977173129e-02
8.492443561553955633e-02
8.495729684829711470e-02
8.399334192276000643e-02
8.503637790679931252e-02
8.506425380706787720e-02
8.505161523818970115e-02
8.515380859375000500e-02
8.521970272064209595e-02
8.528365135192871038e-02
8.532537698745727706e-02
8.536432981491089145e-02
8.634502172470093218e-02
8.545902252197265514e-02
8.557327985763549250e-02
8.564473867416382002e-02
8.564694881439209595e-02
8.562792539596557340e-02
8.566861629486083318e-02
8.574963569641112782e-02
8.578131675720214455e-02
8.591951608657837081e-02
8.594377517700195479e-02
8.598465681076049305e-02
8.602717399597167858e-02
8.607976675033569836e-02
8.705751657485961970e-02
8.609889984130859875e-02
8.630093097686768189e-02
8.629614353179931863e-02
8.626658678054809071e-02
8.631195783615112915e-02
8.638833522796630915e-02
8.641714334487915483e-02
8.656521081924438421e-02
8.653047084808349054e-02
8.666891813278197743e-02
8.772292613983154186e-02
8.668747186660766268e-02
8.681100130081176314e-02
8.689730405807495617e-02
8.683037519454955833e-02
8.704114198684692605e-02
8.708680868148803433e-02
8.806628227233886941e-02
8.617819786071777288e-02
8.809241533279418834e-02
8.711292266845703514e-02
8.721927881240844338e-02
8.835066795349121038e-02
8.733293056488036776e-02
8.828427791595458429e-02
8.748059272766113559e-02
8.750819921493530051e-02
8.744892120361327792e-02
8.762814283370971846e-02
8.857781887054443082e-02
8.770764589309693049e-02
8.765505075454711748e-02
8.864398241043090765e-02
8.781566619873046320e-02
8.880462169647217185e-02
8.775312900543212613e-02
8.890775442123413641e-02
8.813803911209106001e-02
8.881010055541992132e-02
8.814604282379150113e-02
8.893327951431274914e-02
8.802534580230712835e-02
8.912320375442504827e-02
8.908000230789184237e-02
8.819677591323853150e-02
8.929304838180542048e-02
8.840318918228148859e-02
8.938862562179565596e-02
8.844557523727417103e-02
8.955241441726684293e-02
8.870439052581786943e-02
8.969828128814696933e-02
8.881783962249756303e-02
8.890811204910278875e-02
8.895939350128173606e-02
8.987735748291016125e-02
8.904192447662354071e-02
8.914274454116821733e-02
9.004949092864990290e-02
8.918367147445678544e-02
8.918204307556151789e-02
9.022817611694336493e-02
9.022999048233032449e-02
8.933686971664428489e-02
9.040176630020141380e-02
9.047918319702148715e-02
8.951059818267821655e-02
9.050663948059081698e-02
8.954149484634399414e-02
9.061501026153565008e-02
9.061631202697753573e-02
8.974064350128173329e-02
9.069638490676880382e-02
9.073610305786132535e-02
8.982148647308349498e-02
9.084513187408446711e-02
9.097581863403320090e-02
9.006252288818358820e-02
9.104184150695800171e-02
9.012725114822388306e-02
9.026197433471679077e-02
9.130986690521240845e-02
9.126353502273559792e-02
9.132813215255737582e-02
9.033761501312255471e-02
9.135571241378784291e-02
9.135881423950195646e-02
9.148364782333373579e-02
9.152645349502563921e-02
9.152242422103881725e-02
9.072754859924316018e-02
9.167247295379638006e-02
9.175324678421020730e-02
9.172360658645629938e-02
9.176166296005248968e-02
9.188660621643066073e-02
9.190825939178466630e-02
9.200074672698974054e-02
9.207609891891480047e-02
9.210263490676880160e-02
9.213084459304810014e-02
9.126981019973755271e-02
9.234184265136718972e-02
9.241106271743775025e-02
9.238853216171265259e-02
9.157530784606933427e-02
9.252988815307616743e-02
9.260079383850097767e-02
9.256224155426025224e-02
9.170037984848022905e-02
9.263462066650390847e-02
9.268510103225707786e-02
9.279121398925781194e-02
9.196282148361206721e-02
9.286899566650390347e-02
9.288701057434081698e-02
9.308388471603393222e-02
9.306201457977295033e-02
9.314871072769165261e-02
9.305457115173339233e-02
9.315879583358764593e-02
9.321548223495483565e-02
9.328795194625855158e-02
9.332510471343993808e-02
9.333692789077759067e-02
9.343535423278809260e-02
9.336927890777588224e-02
9.352079868316649780e-02
9.349756240844726840e-02
9.364681005477905329e-02
9.372122287750243863e-02
9.374381065368651844e-02
9.467280626296997736e-02
9.381003856658935713e-02
9.388985872268676425e-02
9.399468421936035822e-02
9.402814149856567050e-02
9.401877403259277510e-02
1.162397623062133845e-01
9.404757499694824108e-02
9.493865966796874445e-02
9.413045644760131836e-02
9.419975757598876565e-02
9.416194438934326338e-02
9.432447433471680132e-02
9.430721282958984264e-02
9.438732385635376088e-02
9.531471014022827037e-02
9.453002214431763250e-02
9.436841487884521651e-02
9.453958749771118608e-02
9.468250274658203403e-02
9.556637763977050837e-02
9.463694095611571711e-02
9.476622343063353937e-02
9.479090929031372403e-02
9.580754756927489790e-02
9.500493288040161299e-02
9.498384952545166349e-02
9.512700796127319947e-02
9.594311714172362726e-02
9.521159410476684459e-02
9.509310960769652710e-02
9.629677772521973156e-02
9.535193681716919167e-02
9.530226945877075251e-02
9.624310255050659568e-02
9.553087711334228016e-02
9.561585903167724165e-02
9.664085388183593639e-02
9.562518835067748690e-02
9.568202495574951172e-02
9.661639928817748746e-02
9.578507661819457564e-02
9.580989360809326338e-02
9.685379743576050249e-02
9.589147567749023438e-02
9.695041656494141069e-02
9.606148958206177368e-02
9.608911514282227062e-02
9.706075429916381780e-02
9.611109018325805775e-02
9.618393898010253740e-02
9.717428684234619141e-02
9.627303600311279408e-02
9.632154703140258234e-02
9.730289459228515236e-02
9.640943527221679243e-02
9.647214651107788308e-02
9.742295026779174139e-02
9.657659053802490623e-02
9.663713693618775080e-02
9.766786098480224887e-02
9.673056364059448575e-02
9.677184343338013361e-02
9.783701419830322099e-02
9.684452295303344616e-02
9.698682069778442882e-02
9.704268693923950861e-02
9.799802541732788308e-02
9.714504003524780662e-02
9.714841604232787864e-02
9.817210197448730802e-02
9.732579708099364790e-02
9.742641925811768022e-02
9.839135885238647905e-02
9.749608516693114568e-02
9.845176458358764759e-02
9.758810520172118974e-02
9.766311883926391546e-02
9.875637531280517800e-02
9.779442548751830777e-02
9.878127336502075251e-02
9.785204648971557173e-02
9.883278131484984907e-02
9.800944566726683960e-02
9.801120519638061024e-02
9.904977321624755526e-02
9.815968990325928123e-02
9.821065664291381281e-02
9.824795722961425504e-02
9.931835174560546542e-02
9.839206695556640403e-02
9.841675281524658869e-02
9.849430084228515125e-02
9.849500656127929688e-02
9.954196691513061968e-02
9.856346607208252286e-02
9.875247240066528653e-02
9.866322278976440152e-02
9.963160991668701394e-02
9.873952388763428123e-02
9.872985839843749500e-02
9.987271547317505549e-02
9.886428117752074640e-02
9.996372938156128374e-02
9.896984338760375643e-02
9.915303230285645031e-02
1.001427984237670959e-01
9.909847497940063588e-02
1.001156735420227067e-01
1.002170944213867237e-01
9.920986890792846125e-02
1.003338956832885709e-01
9.948059558868407870e-02
9.958078861236571711e-02
9.958183526992797630e-02
9.959095239639281782e-02
9.977385282516479381e-02
9.984117031097411443e-02
9.984441280364990401e-02
9.996065616607666127e-02
9.986677169799804132e-02
1.000026512145996138e-01
9.995609760284424050e-02
1.010458588600158664e-01
1.000977826118469305e-01
1.001048684120178223e-01
1.012117075920104942e-01
1.002158808708190907e-01
1.011895561218261741e-01
1.003477382659912071e-01
1.003484392166137662e-01
1.013437628746032687e-01
1.005253124237060480e-01
1.004794549942016613e-01
1.015691208839416548e-01
1.005847764015197765e-01
1.006371569633483926e-01
1.016425657272338884e-01
1.009054803848266624e-01
1.008440184593200617e-01
1.018402504920959406e-01
1.009720444679260282e-01
1.010105586051940896e-01
1.010701274871826233e-01
1.020731234550476124e-01
1.011802983283996565e-01
1.012448859214782754e-01
1.022641539573669461e-01
1.013305020332336409e-01
1.014559960365295360e-01
1.024857735633850075e-01
1.015928578376770058e-01
1.025366353988647478e-01
1.016447114944458024e-01
1.027363038063049266e-01
1.017671847343444846e-01
1.026840233802795432e-01
1.029198598861694319e-01
1.019412255287170388e-01
1.029362988471984874e-01
1.019658279418945296e-01
1.030060243606567422e-01
1.022324490547180109e-01
1.031175327301025457e-01
1.032427430152893094e-01
1.034038162231445263e-01
1.021939516067504883e-01
1.034349560737609919e-01
1.034140515327453547e-01
1.035606884956359885e-01
1.024089360237121632e-01
1.036367106437683094e-01
1.036185359954834018e-01
1.035951614379882757e-01
1.037712335586547796e-01
1.026109766960144054e-01
1.049657440185546853e-01
1.027655768394470231e-01
1.039448404312133811e-01
1.040569782257080023e-01
1.041868805885314969e-01
1.041622781753540061e-01
1.041505002975463834e-01
1.051426696777343767e-01
1.041682529449462907e-01
1.042654561996460005e-01
1.042231392860412664e-01
1.041773366928100547e-01
1.042925930023193420e-01
1.043313431739807118e-01
1.042624998092651356e-01
1.043850207328796409e-01
1.043985128402709905e-01
1.044887733459472640e-01
1.054687786102294911e-01
1.044675350189208929e-01
1.045641636848449740e-01
1.046089458465576105e-01
1.045745468139648443e-01
1.037079048156738237e-01
1.037851262092590321e-01
1.037962484359741255e-01
1.030380845069885226e-01
1.029352998733520513e-01
1.028527188301086442e-01
1.040543150901794417e-01
1.030376791954040472e-01
1.050903296470642040e-01
1.030279946327209428e-01
1.042711162567138694e-01
1.041928410530090360e-01
1.034030914306640625e-01
1.044063234329223600e-01
1.042668318748474071e-01
1.045526742935180692e-01
1.045176172256469666e-01
1.037124419212341331e-01
1.046422719955444336e-01
1.046974277496337952e-01
1.047745347023010254e-01
1.047451615333557101e-01
1.049239850044250549e-01
1.049394226074218811e-01
1.040091800689697255e-01
1.060521268844604459e-01
1.051468610763549860e-01
1.051420354843139587e-01
1.052135872840881392e-01
1.053434920310974132e-01
1.062496852874755815e-01
1.053968882560730042e-01
1.053817939758300848e-01
1.054003596305847223e-01
1.065259981155395469e-01
1.055926156044006414e-01
1.065382766723632774e-01
1.056835222244262712e-01
1.057653903961181668e-01
1.066452383995056125e-01
1.059199976921081504e-01
1.067701935768127497e-01
1.059145450592040988e-01
1.060971808433532754e-01
1.070012187957763705e-01
1.070009136199951139e-01
1.062217187881469710e-01
1.071415185928344671e-01
1.062592315673828169e-01
1.073455953598022455e-01
1.063089132308960016e-01
1.073566389083862316e-01
1.064815020561218212e-01
1.074308586120605452e-01
1.075322222709655801e-01
1.065771555900573708e-01
1.076167654991149886e-01
1.066629385948181102e-01
1.076794457435607949e-01
1.076598691940307551e-01
1.069356727600097590e-01
1.079359292984008734e-01
1.068639636039733914e-01
1.081570076942443837e-01
1.079789018630981506e-01
1.070655941963195856e-01
1.081429481506347712e-01
1.081886053085327204e-01
1.081881475448608354e-01
1.081955504417419500e-01
1.074346065521240290e-01
1.084348249435424794e-01
1.074684906005859419e-01
1.084661197662353527e-01
1.085789251327514693e-01
1.086753535270690851e-01
1.086128735542297302e-01
1.087292361259460383e-01
1.086812305450439442e-01
1.086195921897888245e-01
1.097151470184326155e-01
1.087193107604980530e-01
1.096948480606079052e-01
1.088993954658508262e-01
1.088819122314453186e-01
1.099100852012634272e-01
1.089926075935363781e-01
1.089833378791809082e-01
1.101816534996032659e-01
1.091779971122741749e-01
1.092004799842834495e-01
1.101883673667907737e-01
1.092939305305480890e-01
1.093070507049560547e-01
1.103063154220580988e-01
1.094966697692871110e-01
1.095377874374389715e-01
1.105012989044189403e-01
1.096326661109924272e-01
1.096945786476135193e-01
1.106454229354858348e-01
1.098728919029235834e-01
1.098177242279052696e-01
1.108966660499572793e-01
1.099769115447997991e-01
1.110138154029846197e-01
1.100329208374023482e-01
1.111013889312744141e-01
1.100864601135253945e-01
1.111960363388061479e-01
1.112319183349609331e-01
1.102042555809021052e-01
1.113102078437805120e-01
1.103492212295532210e-01
1.112396049499511652e-01
1.114918184280395547e-01
1.114593005180358892e-01
1.106705164909362743e-01
1.115305924415588429e-01
1.116966533660888605e-01
1.107678008079528847e-01
1.117831444740295388e-01
1.117631053924560552e-01
1.117998886108398371e-01
1.109315323829650896e-01
1.118227386474609369e-01
1.119692611694335926e-01
1.120139193534851058e-01
1.110942411422729537e-01
1.120707535743713373e-01
1.121089649200439492e-01
1.122474288940429749e-01
1.122189760208129883e-01
1.113646006584167458e-01
1.122855091094970698e-01
1.124259543418884288e-01
1.124830722808837918e-01
1.115671324729919367e-01
1.124301815032958951e-01
1.125703573226928683e-01
1.125775289535522472e-01
1.126205420494079540e-01
1.117419481277465848e-01
1.128417754173278859e-01
1.128447937965393055e-01
1.131253361701965304e-01
1.131877994537353466e-01
1.132039713859558094e-01
1.123484921455383256e-01
1.133408856391906749e-01
1.132769107818603488e-01
1.134126806259155296e-01
1.134646034240722606e-01
1.134142971038818309e-01
1.134360146522521984e-01
1.126231837272644032e-01
1.137157678604125977e-01
1.136180067062377980e-01
1.137428307533264182e-01
1.137834572792053162e-01
1.138750600814819325e-01
1.138962864875793513e-01
1.137961840629577587e-01
1.141763949394226096e-01
1.139132022857665960e-01
1.141404438018798762e-01
1.139796376228332520e-01
1.141666483879089367e-01
1.143426156044006353e-01
1.141666769981384277e-01
1.142620992660522417e-01
1.145256471633911144e-01
1.134083724021911627e-01
1.143693184852600103e-01
1.146048021316528331e-01
1.146688961982727101e-01
1.144519090652465765e-01
1.146759057044982877e-01
1.147554230690002453e-01
1.149788093566894570e-01
1.148788380622863814e-01
1.150894188880920432e-01
1.150460267066955589e-01
1.152281785011291526e-01
1.151923370361328108e-01
1.152307677268981922e-01
1.150432944297790500e-01
1.152108335494995139e-01
1.154001045227050770e-01
1.160931205749511780e-01
1.154649901390075728e-01
1.153071475028991655e-01
1.154618859291076660e-01
1.155455970764160123e-01
1.154305624961853016e-01
1.166457152366638245e-01
1.199610757827758722e-01
1.184114766120910600e-01
1.158460760116577087e-01
1.159626245498657227e-01
1.159293842315673867e-01
1.168572807312011769e-01
1.159903240203857405e-01
1.160516905784606950e-01
1.159773397445678644e-01
1.162312889099121060e-01
1.160802221298217751e-01
1.162887811660766602e-01
