4.338121414184570226e-04
3.669118881225586068e-04
4.258632659912109483e-04
4.941463470458984158e-04
5.590057373046874696e-04
6.191802024841309071e-04
6.827592849731444879e-04
7.321286201477050738e-04
7.901954650878906640e-04
8.432555198669433334e-04
8.967304229736327778e-04
9.494113922119140365e-04
1.000580787658691354e-03
1.049680709838867257e-03
1.098713874816894566e-03
1.154453754425048854e-03
1.205487251281738351e-03
1.258325576782226606e-03
1.312487125396728576e-03
1.363258361816406267e-03
1.418936252593994097e-03
1.467027664184570278e-03
1.524038314819335877e-03
1.584675312042236250e-03
1.635036468505859410e-03
1.681168079376220686e-03
1.727671623229980495e-03
1.779370307922363342e-03
1.832270622253418055e-03
1.883420944213867266e-03
1.926639080047607387e-03
1.984772682189941354e-03
2.038772106170654193e-03
2.082111835479736380e-03
2.128920555114746128e-03
2.181878089904784948e-03
2.225809097290038906e-03
2.269763946533203108e-03
2.318239212036132726e-03
2.363584041595459019e-03
2.414126396179199201e-03
2.464160919189453246e-03
2.513570785522461007e-03
2.559146881103515660e-03
2.612197399139404384e-03
2.657251358032226493e-03
2.713780403137207049e-03
2.767984867095947370e-03
2.811717987060547048e-03
3.889172077178955269e-03
2.873456478118896398e-03
2.926712036132812604e-03
2.979414463043212821e-03
3.025820255279540807e-03
3.077564239501953073e-03
3.130216598510742170e-03
3.184616565704345703e-03
3.229026794433593854e-03
3.281300067901611432e-03
3.327810764312744227e-03
3.374664783477783394e-03
3.430931568145752144e-03
3.464868068695068151e-03
3.513636589050293021e-03
3.561055660247802648e-03
3.618988990783691267e-03
3.663768768310546667e-03
3.731963634490966745e-03
3.767535686492920043e-03
3.818712234497070347e-03
3.868610858917236137e-03
3.918538093566894739e-03
3.973016738891601771e-03
4.004182815551757431e-03
4.048135280609130998e-03
4.095788002014160052e-03
4.142527580261230573e-03
4.189629554748535573e-03
4.228117465972900009e-03
5.294172763824462648e-03
4.302644729614257466e-03
4.371678829193115581e-03
4.414858818054198837e-03
4.489121437072754288e-03
4.517557621002196884e-03
4.565012454986572092e-03
4.605705738067626849e-03
4.660222530364990096e-03
4.724717140197754253e-03
4.775238037109374827e-03
4.833116531372070625e-03
4.869618415832519497e-03
4.909636974334716415e-03
4.964590072631835938e-03
5.003137588500976632e-03
5.057144165039062673e-03
5.097699165344238108e-03
5.139141082763671632e-03
5.189096927642822613e-03
6.251206398010253698e-03
5.253605842590332309e-03
5.306067466735839462e-03
5.367310047149658446e-03
5.426959991455078056e-03
5.471081733703613524e-03
5.525717735290527552e-03
5.591170787811279227e-03
5.642163753509521658e-03
5.684728622436523333e-03
5.738813877105713307e-03
5.790700912475585729e-03
5.823061466217040703e-03
5.866997241973877231e-03
5.908360481262206823e-03
5.959739685058593542e-03
6.004309654235840191e-03
7.052822113037109444e-03
6.065671443939209088e-03
6.133849620819091693e-03
1.380394935607910135e-02
6.244814395904541363e-03
6.288166046142578021e-03
6.338961124420165738e-03
6.390502452850341589e-03
6.436266899108886684e-03
6.482367515563964948e-03
7.502408027648926024e-03
6.544768810272216797e-03
6.620795726776123290e-03
6.683373451232909809e-03
6.733753681182861293e-03
6.773071289062499931e-03
6.831705570220947266e-03
6.882574558258056779e-03
6.916258335113525252e-03
7.935156822204589636e-03
6.976904869079589462e-03
7.033648490905761337e-03
7.104997634887695417e-03
7.154219150543213168e-03
7.209777832031250000e-03
7.280988693237304757e-03
7.290272712707519288e-03
7.334895133972167691e-03
8.360242843627930034e-03
7.390418052673339809e-03
7.478876113891601632e-03
7.535927295684814731e-03
7.584030628204345599e-03
7.631206512451171528e-03
7.696733474731445000e-03
7.738056182861327743e-03
7.786090373992919818e-03
7.817811965942382535e-03
7.853505611419677249e-03
7.887046337127685131e-03
8.899507522583007327e-03
7.979161739349364957e-03
8.025050163269042969e-03
8.097188472747802665e-03
8.136634826660155487e-03
8.187947273254394046e-03
8.255312442779541224e-03
8.269884586334229348e-03
8.311514854431151580e-03
8.357276916503906042e-03
9.406945705413817527e-03
8.426847457885742673e-03
8.525569438934326588e-03
8.555011749267578056e-03
8.594408035278319757e-03
8.638067245483398507e-03
8.698778152465820243e-03
9.704427719116210868e-03
8.772740364074707239e-03
8.839628696441649558e-03
8.889791965484618655e-03
8.968222141265868447e-03
8.998749256134032717e-03
9.044768810272217283e-03
1.007724523544311496e-02
9.093885421752928924e-03
9.159224033355712821e-03
9.218397140502930173e-03
9.283237457275390903e-03
9.319751262664795546e-03
9.359869956970214705e-03
9.404630661010741563e-03
1.040536165237426758e-02
9.463477134704589150e-03
9.522657394409179271e-03
9.572708606719970356e-03
9.636201858520508645e-03
9.699394702911376745e-03
9.748446941375731728e-03
1.073373556137085030e-02
9.813122749328613559e-03
9.884045124053955633e-03
9.946095943450927040e-03
9.997937679290771346e-03
1.004295110702514704e-02
1.100105047225952148e-02
1.010495424270629883e-02
1.016781806945800740e-02
1.023085355758666937e-02
1.028605699539184536e-02
1.126444339752197266e-02
1.031936645507812444e-02
1.040535688400268631e-02
1.046467542648315402e-02
1.051032543182373047e-02
1.055947780609130943e-02
1.151846647262573173e-02
1.063115119934082003e-02
1.068716049194335868e-02
1.073493242263793938e-02
1.079530000686645431e-02
1.175606489181518603e-02
1.085390329360961907e-02
1.091287612915039021e-02
1.098150968551635763e-02
1.103046655654907164e-02
1.108031988143920975e-02
1.112950325012206955e-02
1.211658239364623961e-02
1.116457700729370055e-02
1.125205993652343694e-02
1.129617452621459878e-02
1.137040853500366142e-02
1.233217239379882750e-02
1.142798423767089899e-02
1.148306608200073270e-02
1.154013633728027260e-02
1.253733396530151353e-02
1.159344673156738337e-02
1.166513442993164125e-02
1.171114683151245131e-02
1.178073644638061475e-02
1.271716594696045005e-02
1.183756828308105483e-02
1.190860033035278341e-02
1.195950508117675851e-02
1.294309139251709033e-02
1.204304695129394462e-02
1.209941864013671861e-02
1.213346004486083943e-02
1.221857309341430747e-02
1.314576864242553676e-02
1.229730844497680699e-02
1.236330032348632868e-02
1.332065105438232436e-02
1.241916179656982373e-02
1.247243404388427741e-02
1.345260143280029366e-02
1.254399299621582024e-02
1.259444713592529352e-02
1.357042789459228516e-02
1.267604589462280329e-02
1.275459766387939536e-02
1.284324407577514676e-02
1.380908966064453049e-02
1.281627178192138589e-02
1.288324356079101514e-02
1.295327663421630936e-02
1.392946720123290974e-02
1.306519031524658141e-02
1.310410261154174721e-02
1.314172506332397447e-02
1.414344310760498082e-02
1.324164390563964920e-02
1.328418493270874107e-02
1.331969261169433510e-02
1.431177854537963798e-02
1.345131874084472615e-02
1.351051330566406181e-02
1.445451498031616148e-02
1.355892181396484326e-02
1.365163803100586000e-02
1.463063240051269524e-02
2.310413360595703000e-02
1.467404603958129966e-02
1.381385803222656174e-02
1.388896226882934543e-02
1.485120296478271464e-02
1.392319440841674819e-02
1.400451898574829081e-02
1.404666423797607498e-02
1.502107381820678642e-02
1.414505004882812486e-02
1.422660589218139628e-02
1.519212245941162047e-02
1.426401376724243178e-02
1.435360908508300816e-02
1.531932353973388707e-02
1.442966461181640660e-02
1.448744058609008865e-02
1.551739692687988288e-02
1.455752849578857352e-02
1.463719129562377971e-02
1.470435380935668918e-02
1.560756444931030336e-02
1.477579355239868122e-02
1.573165416717529214e-02
1.482535839080810491e-02
1.490542411804199156e-02
1.586328268051147294e-02
1.500735998153686530e-02
1.505048274993896554e-02
1.599326133728027483e-02
1.514204502105712807e-02
1.521967649459838798e-02
1.615180730819702065e-02
1.526477813720703187e-02
1.534382104873657261e-02
1.627105474472045898e-02
1.540442943572998061e-02
1.637247085571288951e-02
1.548391103744506912e-02
1.553391218185424735e-02
1.649992227554321345e-02
1.564951896667480385e-02
1.569653034210205175e-02
1.664216041564941378e-02
1.577925920486450070e-02
1.674025297164917145e-02
1.585257530212402441e-02
1.592140436172485504e-02
1.685846567153930636e-02
1.600138425827026326e-02
1.699048519134521359e-02
1.609336137771606376e-02
1.617973566055297754e-02
1.713251113891601715e-02
1.622347354888915849e-02
1.719753980636596832e-02
1.634575605392456221e-02
1.642318725585937417e-02
1.736026763916015750e-02
1.652025222778320465e-02
1.749242544174194405e-02
1.660135269165038951e-02
1.758927106857299805e-02
1.661114692687988212e-02
1.670044422149658328e-02
1.764990568161010909e-02
1.680872917175292927e-02
1.773859024047851410e-02
1.688191890716552596e-02
1.786826372146606279e-02
1.699149847030639524e-02
1.707919597625732339e-02
1.801194429397583174e-02
1.715035438537597726e-02
1.807534456253051883e-02
1.717706203460693526e-02
1.817027807235717732e-02
1.734795093536376995e-02
1.744837760925293038e-02
1.833843231201172028e-02
1.750095605850219768e-02
1.842547655105590890e-02
1.758540153503418066e-02
1.847412347793579018e-02
1.757992029190063449e-02
1.857321023941040095e-02
1.774086713790893471e-02
1.870342731475830092e-02
1.785890817642211970e-02
1.878406286239624190e-02
1.793715000152587905e-02
1.887468576431274372e-02
1.802681446075439509e-02
1.897607803344726618e-02
1.812721729278564398e-02
1.909856796264648368e-02
1.822271347045898576e-02
1.916965007781982339e-02
1.832633495330810575e-02
1.927911758422851465e-02
1.840755224227905162e-02
1.935109853744506822e-02
1.849343061447143721e-02
1.943736553192138700e-02
1.859742641448974484e-02
1.952899456024169769e-02
1.869935750961303558e-02
1.963628053665161105e-02
1.879629135131835951e-02
1.973745346069336049e-02
1.978190898895263589e-02
1.891250133514404269e-02
1.987669706344604575e-02
1.899845361709594574e-02
1.996323585510254017e-02
1.909883975982665932e-02
2.003481864929199108e-02
1.918540239334106529e-02
2.018413305282592760e-02
2.024233579635619992e-02
1.933626413345336872e-02
2.027801275253295760e-02
1.944830417633056779e-02
2.037255764007568290e-02
1.953601121902465848e-02
2.046617746353149303e-02
2.051032781600952218e-02
1.963753700256347726e-02
2.060243844985961900e-02
1.971276044845580999e-02
2.068835020065307520e-02
1.984905004501342704e-02
2.080953359603881711e-02
2.084610939025878865e-02
1.999974012374878055e-02
2.093141317367553864e-02
2.011386632919311482e-02
2.103194475173950084e-02
2.109382152557372908e-02
2.022268772125244279e-02
2.118662595748901228e-02
2.032320261001586970e-02
2.124806404113769448e-02
2.132545232772826982e-02
2.047010898590087905e-02
2.137332677841186426e-02
2.146397590637207087e-02
2.058862924575805692e-02
2.156034708023071150e-02
2.069754362106323090e-02
2.160283565521240248e-02
2.167245388031005873e-02
2.082603693008422754e-02
2.179398059844970745e-02
2.187031507492065430e-02
2.097797870635986425e-02
2.193291902542114299e-02
2.199509143829345842e-02
2.111508846282959123e-02
2.204743146896362416e-02
2.210799455642700057e-02
2.125039100646972795e-02
2.220757484436035323e-02
2.226047277450561579e-02
2.138651609420776437e-02
2.231475591659545787e-02
2.237161397933960100e-02
2.152658700942993233e-02
2.250102758407592635e-02
2.164483070373535156e-02
2.254769086837768444e-02
2.261370897293090917e-02
2.183679819107055622e-02
2.274779081344604353e-02
2.276010036468505832e-02
2.191887617111205888e-02
2.287951469421386705e-02
2.292680978775024289e-02
2.293738842010498158e-02
2.211112737655639496e-02
2.306444168090820285e-02
2.308162689208984389e-02
2.317395925521850697e-02
2.229161262512207101e-02
2.323703765869140556e-02
2.325392007827758664e-02
2.328058958053588756e-02
2.241979360580444169e-02
2.338445663452148535e-02
2.347656965255737194e-02
2.353491783142089983e-02
2.265566587448120117e-02
2.361203193664550629e-02
2.366802215576171986e-02
2.370101690292358496e-02
2.274621486663818207e-02
2.380396842956543010e-02
2.383803844451904200e-02
2.391918659210204995e-02
2.392916440963745173e-02
3.509680271148681724e-02
2.400988101959228641e-02
2.404787778854370131e-02
2.406253099441528487e-02
2.414007425308227484e-02
2.328070402145385881e-02
2.424563646316528487e-02
2.428117990493774275e-02
2.431523799896240234e-02
2.440698385238647405e-02
2.353455305099487471e-02
2.451824903488159305e-02
2.452181100845336748e-02
2.457902908325195271e-02
2.464679241180419908e-02
2.379822492599487430e-02
2.467964410781860185e-02
2.478323936462402399e-02
2.482022285461425726e-02
2.485094070434570174e-02
2.485950946807861245e-02
2.496808528900146609e-02
2.401250123977661036e-02
2.501794099807739397e-02
2.508716583251953056e-02
2.512881278991699330e-02
2.518195867538451996e-02
2.524561643600463715e-02
2.528108835220337081e-02
2.441816329956054618e-02
2.532829284667968694e-02
2.540440320968627777e-02
2.552036285400390708e-02
2.546027421951294056e-02
2.549137115478515569e-02
2.558571815490722628e-02
2.566256523132324358e-02
2.570355892181396332e-02
2.482391357421874847e-02
2.580676317214965904e-02
2.582616806030273507e-02
2.587487220764160198e-02
2.590315341949462821e-02
2.599300146102905343e-02
2.605322837829589927e-02
2.610419511795043779e-02
2.613765239715576047e-02
2.619396924972534207e-02
2.621368885040283037e-02
2.625368356704711748e-02
2.632238388061523479e-02
2.631336450576782227e-02
2.638391256332397322e-02
2.641504764556884891e-02
2.644553184509277483e-02
2.650677204132080231e-02
2.657601594924926744e-02
2.573923826217651423e-02
2.670672178268432631e-02
2.670677423477172893e-02
2.670567750930786036e-02
2.682194948196411216e-02
2.690120458602905315e-02
2.692631483078002791e-02
2.697113990783691490e-02
2.706218481063842746e-02
2.707598924636840654e-02
2.702832460403442258e-02
2.715580940246582059e-02
2.718461513519286957e-02
2.721706867218017661e-02
2.732447147369384752e-02
2.824468851089477484e-02
2.731696128845214830e-02
2.742610216140747154e-02
2.747322320938110421e-02
2.753417968750000028e-02
2.753404855728149372e-02
2.763526201248169001e-02
2.762753486633300753e-02
2.770448207855224707e-02
2.773654222488403445e-02
2.780362844467162975e-02
2.785843133926391504e-02
2.789165973663330217e-02
2.793598651885986425e-02
2.797855138778686593e-02
2.798669576644897614e-02
2.805778980255126814e-02
2.810070037841796986e-02
2.817338943481445188e-02
2.914482831954956152e-02
2.821667671203613448e-02
2.832866430282592746e-02
2.836742639541625990e-02
2.839426040649414146e-02
2.844652175903320326e-02
2.848821640014648562e-02
2.855101585388183580e-02
2.860637664794921792e-02
2.865897178649902399e-02
2.950106859207153251e-02
2.873245000839233509e-02
2.873765468597412262e-02
2.881336450576782102e-02
2.883966684341430706e-02
2.891351461410522627e-02
2.895035743713379045e-02
2.991439342498779241e-02
2.902436494827270383e-02
2.910963773727416951e-02
2.913250446319580120e-02
2.913141250610351562e-02
2.917920112609863337e-02
2.929136753082275252e-02
3.009214878082275280e-02
2.935107707977294839e-02
2.937062978744506975e-02
2.944384813308715751e-02
2.952811479568481431e-02
2.958622932434082017e-02
2.960803031921386760e-02
3.048465251922607283e-02
2.969550132751464996e-02
2.977977514266967607e-02
2.977281332015991114e-02
2.982879161834716894e-02
3.079570293426513519e-02
2.994570016860961803e-02
2.997067689895629994e-02
3.001897573471069489e-02
3.013731718063354659e-02
3.010059595108032296e-02
3.098125457763671944e-02
3.018092155456543121e-02
3.108542203903198395e-02
3.031465530395507924e-02
3.037225484848022489e-02
3.124262094497680733e-02
3.045796155929565360e-02
3.050820589065551813e-02
3.139782667160034152e-02
3.055596828460693457e-02
3.062011003494262765e-02
3.069721698760986481e-02
3.157607793807983704e-02
3.078030347824096610e-02
3.082295179367065471e-02
3.174095869064331304e-02
3.087223768234252999e-02
3.093734741210937486e-02
3.186122894287109208e-02
3.104363441467285212e-02
3.110536575317382826e-02
3.198919296264648299e-02
3.117078781127929563e-02
3.125430822372436690e-02
3.129431724548339955e-02
3.215108633041381669e-02
3.130954027175903570e-02
3.220973491668701477e-02
3.148383140563965066e-02
3.153633356094360379e-02
3.245549917221069586e-02
3.162309408187866100e-02
3.251173734664916659e-02
3.163828611373901284e-02
3.171820878982543890e-02
3.271108865737915039e-02
3.185566186904906921e-02
3.192155361175537387e-02
3.282011032104491938e-02
3.194531679153442272e-02
3.290002822875976590e-02
3.205306291580200390e-02
3.210353612899780051e-02
3.300851583480834961e-02
3.224024534225464200e-02
3.229583501815795621e-02
3.322188138961792297e-02
3.232203960418700978e-02
3.322927951812744418e-02
3.246283292770385520e-02
3.329140186309814675e-02
3.254157066345214622e-02
3.346962690353393749e-02
3.259598731994629156e-02
3.263859987258910939e-02
3.355550765991210938e-02
3.275363206863403376e-02
3.371109008789062444e-02
3.287541151046752957e-02
3.377083778381347740e-02
3.298426389694213839e-02
3.386879444122314203e-02
3.301398992538451954e-02
3.397288084030151284e-02
3.312599897384643777e-02
3.406609773635864424e-02
3.325231790542602234e-02
3.411322832107543945e-02
3.330676078796386552e-02
3.420081138610839983e-02
3.340275764465332198e-02
3.433815956115722490e-02
3.348916769027709961e-02
3.443675518035888700e-02
3.358656644821166742e-02
3.449266433715820340e-02
3.453212976455688477e-02
3.370509147644042830e-02
3.465156078338622880e-02
3.384743690490722712e-02
3.470970153808593944e-02
3.475150585174560658e-02
3.390390157699584711e-02
3.487261772155761386e-02
3.402527093887328796e-02
3.499469995498657310e-02
3.506799221038818526e-02
3.415689706802368247e-02
3.511434078216552762e-02
3.432910442352295199e-02
3.516814708709716658e-02
3.519892215728760015e-02
3.436878204345703014e-02
3.540385961532592496e-02
3.447362899780273549e-02
3.547720193862915344e-02
3.551403284072875838e-02
3.468238353729247853e-02
3.557177066802978682e-02
3.562000274658203014e-02
3.483659982681274608e-02
3.571015357971191184e-02
3.576669216156005970e-02
3.496446132659911804e-02
3.589721679687499917e-02
3.594045400619506891e-02
3.509198188781738337e-02
4.990104675292968833e-02
3.600399255752563532e-02
3.612146854400635071e-02
3.528460264205932756e-02
3.618003368377685491e-02
3.620808601379394559e-02
3.543518304824828935e-02
3.631476402282714927e-02
3.632196664810180553e-02
3.547714710235595759e-02
3.642671585083007840e-02
3.649577379226684459e-02
3.657269001007080328e-02
3.567480564117431890e-02
3.672695875167846652e-02
3.673376083374023382e-02
3.668442249298095592e-02
3.597791671752929854e-02
3.686630725860595703e-02
3.691761255264282282e-02
3.689126968383789340e-02
3.614624977111816073e-02
3.711595296859741128e-02
3.712142229080200168e-02
3.721752643585204967e-02
3.631172180175781111e-02
3.728656768798828403e-02
3.726387739181518527e-02
3.727891445159912248e-02
3.732291460037231307e-02
3.654741048812866488e-02
3.746490955352783231e-02
3.746693611145019559e-02
3.745892286300658847e-02
3.751399278640746987e-02
3.673451900482177512e-02
3.770886421203613337e-02
3.771754503250122209e-02
3.770921945571899248e-02
3.774406194686889815e-02
3.695272922515869390e-02
3.792655229568481223e-02
3.793954133987426786e-02
3.795032501220703403e-02
3.802399396896362360e-02
3.808629989624023188e-02
3.811263322830200223e-02
3.816369056701660045e-02
3.824353456497192605e-02
3.826012611389160295e-02
3.830756425857544112e-02
3.749275922775268527e-02
3.848949432373047208e-02
3.853767395019531278e-02
3.850164413452148576e-02
3.849325656890869446e-02
3.858377218246460127e-02
3.859869718551636047e-02
3.865351438522338784e-02
3.867088317871093806e-02
3.874511957168579046e-02
3.885931253433227289e-02
3.887433052062988503e-02
3.887289285659790289e-02
3.891903400421142800e-02
3.896677017211914312e-02
3.908776044845581332e-02
3.912972211837768832e-02
3.915694475173950306e-02
3.918129920959472628e-02
3.923738956451416210e-02
3.929407835006713812e-02
3.935942649841308455e-02
3.936913728713989369e-02
3.939786434173583873e-02
3.944350481033324918e-02
3.948885202407836914e-02
3.958905220031738031e-02
3.968790769577026228e-02
3.972184419631957786e-02
3.970334768295288169e-02
3.980382919311523104e-02
3.993995189666747769e-02
3.982500553131103349e-02
3.988761663436889843e-02
4.086686611175537054e-02
4.002259969711303988e-02
3.997037649154663169e-02
4.009849071502685769e-02
4.011420488357544251e-02
4.019543886184692716e-02
4.015818595886230802e-02
4.031296730041503823e-02
4.025413751602172768e-02
4.038491249084472795e-02
4.037015914916992215e-02
4.045791864395141546e-02
4.135159492492675865e-02
4.055375099182129128e-02
4.064663410186767495e-02
4.065407276153564647e-02
4.076634168624877763e-02
4.071834564208984264e-02
4.076775074005126870e-02
4.176593780517578319e-02
4.093409061431884516e-02
4.092369794845580888e-02
4.093615531921386552e-02
4.099137067794799555e-02
4.106189489364624190e-02
4.192784070968627597e-02
4.111256599426269670e-02
4.110753774642944558e-02
4.120980978012084989e-02
4.214197158813476340e-02
4.126847505569457980e-02
4.135441064834594754e-02
4.141590356826782560e-02
4.149226188659668052e-02
4.238910675048827847e-02
4.157148838043212696e-02
4.165622949600220060e-02
4.158218622207641296e-02
4.251463413238525113e-02
4.166699409484863476e-02
4.170698165893554910e-02
4.185728788375854548e-02
4.273930072784423717e-02
4.199467182159424133e-02
4.202278375625610046e-02
4.293033123016357089e-02
4.205778837203979353e-02
4.210144996643066378e-02
4.302243709564208818e-02
4.221182823181152122e-02
4.229051351547240961e-02
4.317890167236328181e-02
4.232945203781127846e-02
4.236017704010009571e-02
4.330327749252319003e-02
4.251032590866089117e-02
4.348417758941650058e-02
4.261965513229370311e-02
4.262650489807128656e-02
4.271940469741821594e-02
4.367805242538452121e-02
4.283950805664062805e-02
4.274198770523071622e-02
4.379162549972534513e-02
4.294724225997924999e-02
4.285481214523315097e-02
4.389593124389648549e-02
4.306907415390014843e-02
4.394597053527832253e-02
4.314007520675659096e-02
4.321014404296875250e-02
4.417026042938232422e-02
4.326814651489258035e-02
4.422640562057494895e-02
4.332449436187744279e-02
4.427133560180664118e-02
4.341130971908569586e-02
4.431039571762084711e-02
4.344776630401611661e-02
4.455885648727417325e-02
4.374027729034423578e-02
4.365047216415405412e-02
4.466225624084472351e-02
4.373569965362548995e-02
4.473164081573486467e-02
4.387844085693359125e-02
4.484745979309082142e-02
4.392970323562622043e-02
4.491922378540039174e-02
4.402743577957153598e-02
4.502494096755981640e-02
4.415674924850463562e-02
4.509837627410888394e-02
4.422433853149414229e-02
4.520382165908813643e-02
4.431235790252685547e-02
4.535811901092529075e-02
4.441392183303832786e-02
4.533859491348266740e-02
4.533326387405395286e-02
4.453655958175659069e-02
4.541921854019165261e-02
4.472081184387206865e-02
4.569664716720581166e-02
4.481163978576660489e-02
4.568676471710204912e-02
4.487882375717162919e-02
4.582031488418578796e-02
4.498334646224975281e-02
4.587850332260132169e-02
4.504090547561645508e-02
4.604416608810425054e-02
4.519635438919067383e-02
4.612044572830200501e-02
4.529151916503906111e-02
4.617741107940673967e-02
4.529552459716797153e-02
4.627123355865478405e-02
4.545897960662841769e-02
4.544315338134765486e-02
4.639891147613525724e-02
4.558375597000122181e-02
4.645936489105224887e-02
4.564287185668945007e-02
4.579461097717284906e-02
4.584672451019287248e-02
4.499293327331543163e-02
4.668659687042236300e-02
4.752643585205078292e-02
4.676505565643310214e-02
4.685733795166015930e-02
4.687773704528808844e-02
4.690770864486694391e-02
4.695964574813842746e-02
4.699907064437866544e-02
4.706574440002441601e-02
4.622519016265869141e-02
4.719997167587280246e-02
4.718998670578002791e-02
4.724792718887329407e-02
4.728713989257812833e-02
4.734124183654785101e-02
4.737942457199096485e-02
4.657323837280273604e-02
4.746272325515746987e-02
4.751543283462524719e-02
4.756611824035644753e-02
4.760958671569823913e-02
4.769617319107055664e-02
4.681159496307372991e-02
4.782536983489990567e-02
4.776817798614502175e-02
4.782605171203613281e-02
4.783919811248779630e-02
4.791847944259643860e-02
4.793886423110962219e-02
4.798865318298339844e-02
4.815789461135864397e-02
4.814863443374634011e-02
4.823457002639770785e-02
4.825000047683716126e-02
4.829638481140136747e-02
4.829217433929443304e-02
4.836393833160400335e-02
4.756897211074829351e-02
4.927917480468749917e-02
4.764307022094726313e-02
4.852820396423340038e-02
4.944696187973022378e-02
4.868234634399414007e-02
4.870244503021239901e-02
4.872125387191772461e-02
4.875455141067504966e-02
4.881289958953857755e-02
4.889293909072876115e-02
4.888377428054809654e-02
4.898632764816283902e-02
4.900229930877685741e-02
4.905224084854126199e-02
4.907852172851562278e-02
4.913919687271118414e-02
4.928321361541748019e-02
4.915679931640624944e-02
4.925482511520385548e-02
4.924980640411377036e-02
4.932060003280639565e-02
5.023184537887573353e-02
4.945150852203369224e-02
4.946006536483764371e-02
4.957830905914306641e-02
4.962603807449340876e-02
4.964695215225219810e-02
5.060328960418700867e-02
4.978266954421996932e-02
4.985063076019287387e-02
6.628359079360962580e-02
4.991905927658080860e-02
4.998331069946289340e-02
4.998789072036743247e-02
5.004090785980224582e-02
5.005594491958618303e-02
5.013390302658080749e-02
5.102857828140258678e-02
5.018353462219238281e-02
5.029000997543334878e-02
5.030645132064819058e-02
5.036084651947021762e-02
5.042116403579711970e-02
5.043659210205077986e-02
5.141522169113159346e-02
5.050900459289550670e-02
5.062144994735717773e-02
5.064198970794677596e-02
5.152668476104736023e-02
5.075065612792968583e-02
5.082885026931762557e-02
5.166319847106933677e-02
5.092050552368163757e-02
5.098602771759033064e-02
5.088679313659667802e-02
5.179002046585082925e-02
5.103674888610840177e-02
5.114634990692138589e-02
5.211533546447753851e-02
5.117680549621581726e-02
5.130111932754516380e-02
5.228798151016235407e-02
5.143291711807251171e-02
5.141645669937133789e-02
5.233019828796386941e-02
5.146814346313476757e-02
5.150810241699219083e-02
5.243259191513061773e-02
5.159666061401366882e-02
5.165807247161865318e-02
5.260849237442016824e-02
5.175002813339233537e-02
5.178596496582030945e-02
5.280525445938110546e-02
5.187332153320312750e-02
5.193680047988891851e-02
5.284789323806762806e-02
5.202459335327148243e-02
5.207795619964599582e-02
5.302176713943481529e-02
5.214099645614624079e-02
5.305999040603637945e-02
5.225924968719482255e-02
5.316602230072021290e-02
5.322611808776855219e-02
5.243456602096557839e-02
5.335792779922485241e-02
5.249724149703979825e-02
5.339289665222168163e-02
5.264226675033569641e-02
5.361073017120361606e-02
5.275438785552978571e-02
5.369540691375732089e-02
5.277654886245727872e-02
5.364739894866943359e-02
5.292947292327880582e-02
5.378490924835205300e-02
5.294198513031005832e-02
5.393964052200317383e-02
5.301362514495849831e-02
5.392512321472167636e-02
5.316165447235107755e-02
5.397126197814941517e-02
5.327562332153320396e-02
5.417824268341064203e-02
5.331953048706054854e-02
5.417885541915893471e-02
5.345939397811889926e-02
5.440952777862548967e-02
5.356132507324219000e-02
5.434239149093628152e-02
5.446457624435424583e-02
5.368875026702880915e-02
5.461863756179809876e-02
5.473961353302001648e-02
5.391606807708740345e-02
5.472864389419555831e-02
5.475011587142944447e-02
5.476725816726684543e-02
5.393107175827026312e-02
5.491683483123779158e-02
5.494418144226074358e-02
5.405418872833252231e-02
5.506394386291504212e-02
5.507814407348633062e-02
5.433156013488769226e-02
5.520011901855468445e-02
5.519832134246826366e-02
5.439371347427367914e-02
5.530378341674804799e-02
5.536911487579345564e-02
5.450735807418823076e-02
5.545516967773437417e-02
5.541951179504394503e-02
5.554838180541991910e-02
5.468801259994506697e-02
5.556973218917846818e-02
5.564556598663330383e-02
5.478985071182251171e-02
5.567498683929443526e-02
5.579416990280151173e-02
5.585438251495361550e-02
5.497817516326904130e-02
5.591690301895141380e-02
5.591240882873535489e-02
5.594476938247680553e-02
5.603293657302856751e-02
5.619894981384277594e-02
5.531512260437011774e-02
5.533383607864379716e-02
5.616405010223388811e-02
5.722204446792602400e-02
5.549740314483642828e-02
5.721590042114257924e-02
5.557968616485595842e-02
5.650002241134643305e-02
5.657581567764282532e-02
5.666471958160400335e-02
5.665169715881347712e-02
5.666929483413696289e-02
5.668385982513427651e-02
5.671534538269042830e-02
5.676225662231445396e-02
5.684121131896972823e-02
5.686992406845092773e-02
5.689058065414429044e-02
5.700765132904053040e-02
5.699047088623046542e-02
5.620816469192504994e-02
5.709028005599975364e-02
5.711459636688232672e-02
5.793426036834716658e-02
5.722042083740234292e-02
5.733406782150268777e-02
5.733135223388671764e-02
5.735013961791992493e-02
5.739171266555786327e-02
5.747925996780395286e-02
5.757859706878662442e-02
5.759315729141235157e-02
5.771463632583618414e-02
5.765747785568237083e-02
5.771726131439208762e-02
5.771462678909301813e-02
5.865501880645752203e-02
5.784108400344848550e-02
5.873890638351440124e-02
5.786153078079223772e-02
5.799208402633666826e-02
5.810929775238037054e-02
5.807043313980102262e-02
5.811161756515503124e-02
5.816528797149658064e-02
5.825383901596069280e-02
5.918474674224853682e-02
5.831652164459228543e-02
5.832527160644531555e-02
5.841989994049072432e-02
5.843952894210815291e-02
5.846159458160400668e-02
5.943762779235840094e-02
5.859005451202392578e-02
5.863431930541992271e-02
5.865907907485962136e-02
5.972500085830688421e-02
5.874918222427367998e-02
5.886038541793823381e-02
5.887146234512329046e-02
5.898225784301757563e-02
5.899661779403686523e-02
5.985223531723022489e-02
5.909598827362060741e-02
5.910732984542846347e-02
5.911904573440551758e-02
6.005201339721679549e-02
5.911089181900024137e-02
5.919047355651855385e-02
6.019746065139770785e-02
5.926520347595214816e-02
6.018798589706420704e-02
5.948117256164550670e-02
5.947943687438964760e-02
6.046072721481323547e-02
5.952757835388183816e-02
6.056626081466674749e-02
5.971771955490112055e-02
5.979264974594115933e-02
6.066881895065307645e-02
5.982650279998779491e-02
5.985116243362426786e-02
5.995175600051880216e-02
6.089087247848510437e-02
5.994362354278564425e-02
6.000001668930053655e-02
6.094901800155639454e-02
6.009117364883422713e-02
6.097961664199828824e-02
6.100810289382934543e-02
6.025162220001220592e-02
6.117984771728515736e-02
6.033741712570190457e-02
6.040063858032226896e-02
6.129567861557006642e-02
6.144956111907959317e-02
6.044836759567260437e-02
6.149265766143798689e-02
6.068188428878783930e-02
6.146958351135253795e-02
6.059985399246215626e-02
6.169169425964355497e-02
6.091871976852417103e-02
6.173790931701660101e-02
6.097653865814209317e-02
6.187321901321411050e-02
6.100272655487060797e-02
6.186269998550415067e-02
6.190384149551391574e-02
6.106160163879394837e-02
6.191920995712280051e-02
6.209730386734008817e-02
6.117454528808594083e-02
6.212848186492919700e-02
6.214369297027588085e-02
6.137332677841186857e-02
6.234169721603393527e-02
6.232546091079711748e-02
6.149295568466186385e-02
6.251961469650268999e-02
6.250705718994140070e-02
6.169888734817505216e-02
6.264953851699829601e-02
6.262682199478149248e-02
6.263986110687255748e-02
6.181812286376953125e-02
6.276648998260497825e-02
6.285987377166747658e-02
6.290938615798950806e-02
6.297688484191894809e-02
6.308680772781372070e-02
6.218323230743408314e-02
6.309555530548095759e-02
6.311051130294799416e-02
6.318972349166869507e-02
6.324620962142944725e-02
6.323499917984008734e-02
6.331317901611327459e-02
6.342162132263183538e-02
6.334923982620238592e-02
6.343271017074585127e-02
6.346056938171386330e-02
6.349680185317993497e-02
6.354898929595947932e-02
6.362841367721557007e-02
6.280005455017090288e-02
6.366202831268311102e-02
6.371223211288451482e-02
6.372106552124023882e-02
6.389864921569823886e-02
6.302745103836059071e-02
6.395713329315184936e-02
6.400893688201904352e-02
6.402063846588135210e-02
6.400876760482787642e-02
6.409944772720337081e-02
6.413355350494384655e-02
6.422211170196533148e-02
6.431949377059936745e-02
6.441010713577270674e-02
6.427759647369385432e-02
6.428175210952759289e-02
6.433521509170532504e-02
6.445061445236205389e-02
6.463181257247924139e-02
6.454370975494384821e-02
6.462004899978637806e-02
6.561787843704224021e-02
6.390261173248290572e-02
6.480996847152710461e-02
6.481888532638549472e-02
6.490664243698120173e-02
6.494792699813842218e-02
6.503980875015258345e-02
6.414380311965942050e-02
6.509266138076781616e-02
6.513075351715087724e-02
6.513512134552001953e-02
6.432376384735107033e-02
6.529756069183349776e-02
6.612528085708618830e-02
6.529695510864258479e-02
6.531193017959595337e-02
6.536092519760132447e-02
6.537415027618408148e-02
6.543167352676391990e-02
6.548241615295409546e-02
6.558031082153320535e-02
6.652212381362915261e-02
6.574088573455810769e-02
6.566990375518798329e-02
6.585819005966186968e-02
6.585999727249144953e-02
6.591109514236449807e-02
6.586054086685180775e-02
6.588408231735229381e-02
6.684548139572143999e-02
6.610738754272460493e-02
6.613437891006469782e-02
6.683501720428466908e-02
6.694420576095580500e-02
6.632987737655639260e-02
6.623232364654541016e-02
