3.791666030883788867e-04
3.203868865966796767e-04
3.625035285949707140e-04
4.247570037841796745e-04
4.750061035156249848e-04
5.242657661437987891e-04
5.766654014587402430e-04
6.219124794006347136e-04
6.739401817321777430e-04
7.200860977172852083e-04
7.629537582397460807e-04
8.078002929687499653e-04
8.551955223083495660e-04
8.942675590515136545e-04
9.331607818603515712e-04
9.840226173400878820e-04
1.027646064758300833e-03
1.076567173004150347e-03
1.123371124267578177e-03
1.169686317443847760e-03
1.218075752258300677e-03
1.268491744995117092e-03
1.308336257934570408e-03
1.351277828216552752e-03
1.394937038421630851e-03
1.439442634582519540e-03
1.483130455017089800e-03
1.527178287506103472e-03
1.577210426330566450e-03
1.627085208892822214e-03
1.663343906402587821e-03
1.714088916778564418e-03
1.765081882476806632e-03
1.807026863098144592e-03
1.848688125610351571e-03
1.895549297332763724e-03
1.934535503387451111e-03
1.970534324645996198e-03
2.009317874908447387e-03
2.055463790893554635e-03
2.098085880279541068e-03
2.142448425292968733e-03
2.187535762786865356e-03
2.245914936065673655e-03
2.279233932495117014e-03
2.316420078277587995e-03
2.356345653533935443e-03
2.396242618560790946e-03
3.283560276031494141e-03
2.467284202575683802e-03
2.505819797515869158e-03
2.559340000152587804e-03
2.594811916351318429e-03
2.643027305603027309e-03
2.686591148376464653e-03
2.742149829864501918e-03
2.782213687896728689e-03
2.829120159149170043e-03
2.864556312561035087e-03
2.911679744720458828e-03
2.947974205017090017e-03
2.989997863769531042e-03
3.022034168243408186e-03
3.072671890258788906e-03
3.112258911132812552e-03
3.155858516693115044e-03
3.204474449157715052e-03
3.246338367462158012e-03
3.292315006256103359e-03
3.329980373382568533e-03
3.374946117401122873e-03
3.420095443725585955e-03
3.457605838775634766e-03
3.495600223541259904e-03
3.527169227600097760e-03
3.576097488403320260e-03
3.637647628784179601e-03
3.655328750610351441e-03
3.705222606658935530e-03
3.743450641632080095e-03
3.788692951202392648e-03
3.829565048217773576e-03
3.897817134857177544e-03
3.908514976501464844e-03
3.947937488555907856e-03
3.975028991699218646e-03
4.019083976745605087e-03
4.062728881835937431e-03
5.044219493865967179e-03
4.142856597900390972e-03
4.187390804290771172e-03
4.235570430755615338e-03
4.279346466064453368e-03
4.325335025787353620e-03
4.376873970031737969e-03
4.416389465332031319e-03
4.460020065307617257e-03
4.481081962585449323e-03
4.529910087585449149e-03
4.571104049682616841e-03
4.613606929779052492e-03
4.664905071258544644e-03
4.702396392822265347e-03
4.745867252349853654e-03
4.796054363250732561e-03
4.840312004089355850e-03
4.881844520568847344e-03
4.914598464965820243e-03
4.959561824798583950e-03
4.992792606353759974e-03
5.947453975677490304e-03
5.053362846374511753e-03
5.100319385528564661e-03
5.143861770629882396e-03
5.199344158172607665e-03
5.249457359313964774e-03
5.282769203186035364e-03
5.337963104248047083e-03
5.373604297637939176e-03
5.417647361755370712e-03
