3.006458282470703125e-04
2.008438110351562446e-04
1.999378204345703179e-04
2.006053924560546821e-04
1.999378204345703179e-04
2.000331878662109375e-04
4.000186920166015517e-04
4.001617431640625217e-04
3.004074096679687500e-04
6.013393402099608941e-04
3.998756408691406358e-04
4.000186920166015517e-04
2.000331878662109375e-04
4.007339477539062392e-04
4.004478454589843533e-04
6.000995635986328125e-04
7.007122039794921875e-04
6.012439727783203559e-04
6.000041961669921658e-04
3.999233245849609592e-04
9.017467498779296441e-04
6.002426147460937283e-04
7.997035980224608941e-04
7.017612457275390842e-04
7.997035980224608941e-04
7.010936737060546658e-04
7.997035980224608941e-04
8.000850677490234809e-04
9.016990661621093750e-04
1.101112365722656163e-03
9.016036987304687283e-04
7.999897003173828342e-04
1.101255416870117188e-03
9.996891021728515625e-04
8.361339569091796875e-04
1.200103759765625087e-03
9.007453918457031250e-04
1.000022888183593663e-03
1.101064682006835894e-03
1.000022888183593663e-03
1.301622390747070226e-03
1.100587844848632769e-03
1.200485229492187457e-03
1.100730895996093793e-03
1.199960708618164062e-03
1.300859451293945269e-03
1.200056076049804601e-03
1.334619522094726606e-03
1.300716400146484462e-03
1.200008392333984332e-03
1.500749588012695399e-03
1.301193237304687587e-03
1.399660110473632899e-03
1.622009277343749957e-03
1.301002502441406293e-03
1.418495178222656337e-03
1.700353622436523481e-03
1.400995254516601519e-03
1.501893997192382726e-03
1.501417160034179601e-03
2.110910415649413889e-03
1.714086532592773351e-03
1.399564743041992144e-03
1.901006698608398351e-03
1.700735092163085851e-03
1.701641082763671832e-03
1.687335968017578082e-03
1.901769638061523524e-03
1.901388168334960938e-03
1.701402664184570269e-03
2.101421356201171875e-03
1.700973510742187413e-03
2.002096176147460851e-03
2.050495147705078038e-03
1.901531219482421962e-03
1.901102066040039106e-03
1.900434494018554688e-03
2.000474929809570399e-03
1.900720596313476519e-03
2.000474929809570399e-03
2.033185958862304514e-03
2.106237411499023611e-03
2.002429962158202952e-03
2.112054824829101649e-03
2.301454544067382812e-03
2.104139328002929601e-03
2.301502227783203298e-03
2.501010894775390625e-03
2.300596237182617101e-03
2.401256561279296962e-03
2.302980422973632726e-03
2.306318283081054601e-03
2.501296997070312673e-03
2.300882339477539149e-03
2.402114868164062673e-03
2.501964569091796875e-03
2.501249313354492188e-03
2.701616287231445226e-03
2.726316452026367188e-03
2.601003646850585851e-03
2.403402328491211024e-03
2.801609039306640452e-03
2.643013000488281337e-03
2.618455886840820399e-03
2.729606628417968577e-03
2.500677108764648524e-03
2.801704406738281423e-03
2.801465988159179861e-03
2.701568603515625173e-03
2.840471267700195139e-03
2.938890457153320399e-03
2.700853347778320486e-03
3.127527236938476389e-03
2.801370620727538889e-03
3.048276901245117101e-03
2.900695800781249913e-03
3.171062469482421788e-03
2.900552749633788889e-03
3.001642227172851389e-03
2.901315689086914062e-03
2.903699874877929688e-03
3.043270111083984288e-03
3.141307830810546962e-03
3.015184402465820399e-03
3.202772140502929601e-03
3.201961517333984375e-03
3.542804718017578212e-03
3.001832962036132899e-03
3.446340560913085938e-03
3.169775009155273438e-03
3.402376174926757899e-03
3.437757492065429688e-03
3.312110900878906250e-03
3.602695465087890452e-03
3.313207626342773524e-03
3.500843048095703212e-03
3.334426879882812587e-03
3.548812866210937327e-03
3.334236145019531077e-03
3.717184066772460938e-03
3.402757644653320486e-03
3.723669052124023611e-03
3.602838516235351476e-03
3.556442260742187327e-03
3.742599487304687587e-03
3.602170944213867274e-03
3.794860839843749827e-03
3.583002090454101736e-03
3.802633285522460851e-03
3.712511062622070226e-03
3.735399246215820226e-03
3.701210021972656250e-03
3.936529159545898438e-03
3.802633285522460851e-03
3.621530532836913889e-03
4.020595550537109028e-03
3.801298141479492014e-03
3.933620452880859202e-03
3.885602951049804601e-03
3.909587860107421875e-03
4.103660583496093750e-03
4.118108749389648091e-03
4.002618789672851736e-03
4.033994674682617014e-03
4.202795028686523264e-03
4.031658172607421875e-03
4.202079772949218577e-03
4.201984405517578472e-03
4.201602935791015452e-03
4.303550720214844097e-03
4.223871231079101736e-03
4.201698303222656423e-03
4.202127456665039062e-03
4.201936721801757986e-03
4.609918594360351909e-03
4.202747344970702778e-03
4.429292678833007639e-03
5.003213882446289062e-03
4.302215576171874827e-03
4.322052001953125000e-03
4.328680038452148264e-03
4.612016677856445486e-03
4.400730133056640625e-03
4.415082931518554861e-03
4.778671264648437673e-03
4.511070251464843577e-03
4.601526260375976736e-03
4.739332199096679861e-03
4.601430892944335764e-03
4.745388031005859028e-03
4.703283309936523438e-03
4.803228378295898611e-03
4.421615600585937153e-03
5.021190643310547222e-03
4.802560806274414409e-03
4.904031753540039062e-03
4.916381835937499827e-03
4.871702194213867534e-03
4.737520217895507466e-03
5.102348327636718577e-03
5.004501342773437847e-03
4.902410507202148611e-03
5.003213882446289062e-03
5.002355575561523784e-03
4.991960525512695139e-03
5.047082901000976562e-03
4.938983917236327778e-03
5.219841003417968403e-03
5.106973648071289236e-03
5.090475082397460938e-03
5.044031143188476736e-03
5.244588851928711284e-03
5.002832412719726909e-03
5.504179000854492361e-03
5.270433425903320139e-03
5.508613586425781077e-03
5.202007293701171702e-03
5.410814285278319966e-03
5.202865600585937847e-03
5.418443679809569966e-03
5.430030822753906423e-03
5.341815948486328298e-03
5.304098129272460938e-03
5.416154861450195312e-03
5.502843856811523091e-03
5.433177947998047222e-03
5.703449249267578125e-03
5.704164505004882812e-03
5.792903900146484548e-03
5.600786209106445659e-03
5.551624298095703298e-03
5.419540405273437673e-03
5.702829360961914409e-03
5.903387069702148091e-03
5.598783493041992188e-03
5.703639984130859202e-03
5.904626846313476389e-03
5.804157257080078472e-03
5.755758285522461284e-03
5.944967269897460938e-03
