6.299999999999999990e-05
8.200000000000000095e-05
1.019999999999999992e-04
1.200000000000000030e-04
1.389999999999999905e-04
1.589999999999999888e-04
1.779999999999999898e-04
1.969999999999999909e-04
2.159999999999999919e-04
2.359999999999999902e-04
2.349999999999999930e-04
2.349999999999999930e-04
2.349999999999999930e-04
2.349999999999999930e-04
2.669999999999999847e-04
2.349999999999999930e-04
2.349999999999999930e-04
2.349999999999999930e-04
2.349999999999999930e-04
2.349999999999999930e-04
2.349999999999999930e-04
2.349999999999999930e-04
2.349999999999999930e-04
2.349999999999999930e-04
2.349999999999999930e-04
2.349999999999999930e-04
2.349999999999999930e-04
2.349999999999999930e-04
2.349999999999999930e-04
2.349999999999999930e-04
2.349999999999999930e-04
2.349999999999999930e-04
2.349999999999999930e-04
2.349999999999999930e-04
2.349999999999999930e-04
2.349999999999999930e-04
2.349999999999999930e-04
2.349999999999999930e-04
2.349999999999999930e-04
2.349999999999999930e-04
2.539999999999999940e-04
2.730000000000000222e-04
2.930000000000000204e-04
3.119999999999999944e-04
3.310000000000000225e-04
3.499999999999999964e-04
3.690000000000000246e-04
3.879999999999999985e-04
4.070000000000000267e-04
4.260000000000000006e-04
4.260000000000000006e-04
4.260000000000000006e-04
4.260000000000000006e-04
4.260000000000000006e-04
4.260000000000000006e-04
4.299999999999999894e-04
4.260000000000000006e-04
4.260000000000000006e-04
4.270000000000000249e-04
4.270000000000000249e-04
4.260000000000000006e-04
4.260000000000000006e-04
4.260000000000000006e-04
4.260000000000000006e-04
4.260000000000000006e-04
4.260000000000000006e-04
4.260000000000000006e-04
4.260000000000000006e-04
4.270000000000000249e-04
4.260000000000000006e-04
4.260000000000000006e-04
4.260000000000000006e-04
4.260000000000000006e-04
4.270000000000000249e-04
4.260000000000000006e-04
4.270000000000000249e-04
4.260000000000000006e-04
4.260000000000000006e-04
4.260000000000000006e-04
4.260000000000000006e-04
4.459999999999999989e-04
4.650000000000000270e-04
4.840000000000000010e-04
5.029999999999999749e-04
5.220000000000000031e-04
5.410000000000000312e-04
5.599999999999999509e-04
5.789999999999999791e-04
5.980000000000000072e-04
6.179999999999999513e-04
6.170000000000000354e-04
6.179999999999999513e-04
6.170000000000000354e-04
6.170000000000000354e-04
6.170000000000000354e-04
6.170000000000000354e-04
6.170000000000000354e-04
6.170000000000000354e-04
6.170000000000000354e-04
6.170000000000000354e-04
6.179999999999999513e-04
6.170000000000000354e-04
6.170000000000000354e-04
6.170000000000000354e-04
6.170000000000000354e-04
6.170000000000000354e-04
6.170000000000000354e-04
6.170000000000000354e-04
6.170000000000000354e-04
6.260000000000000373e-04
6.170000000000000354e-04
6.170000000000000354e-04
6.170000000000000354e-04
6.179999999999999513e-04
6.170000000000000354e-04
6.170000000000000354e-04
6.170000000000000354e-04
6.170000000000000354e-04
6.170000000000000354e-04
6.170000000000000354e-04
6.369999999999999794e-04
6.560000000000000076e-04
6.750000000000000357e-04
6.939999999999999555e-04
7.129999999999999836e-04
7.320000000000000118e-04
7.510000000000000399e-04
7.709999999999999840e-04
7.900000000000000121e-04
8.090000000000000403e-04
8.090000000000000403e-04
8.090000000000000403e-04
8.090000000000000403e-04
8.090000000000000403e-04
8.090000000000000403e-04
8.090000000000000403e-04
8.090000000000000403e-04
8.090000000000000403e-04
8.090000000000000403e-04
8.090000000000000403e-04
8.090000000000000403e-04
8.090000000000000403e-04
8.090000000000000403e-04
8.090000000000000403e-04
8.090000000000000403e-04
8.090000000000000403e-04
8.090000000000000403e-04
8.090000000000000403e-04
8.090000000000000403e-04
8.090000000000000403e-04
8.090000000000000403e-04
8.189999999999999581e-04
8.090000000000000403e-04
8.090000000000000403e-04
8.090000000000000403e-04
8.090000000000000403e-04
8.090000000000000403e-04
8.090000000000000403e-04
8.090000000000000403e-04
8.090000000000000403e-04
8.279999999999999600e-04
8.469999999999999881e-04
8.660000000000000163e-04
8.850000000000000444e-04
9.039999999999999642e-04
9.229999999999999923e-04
9.430000000000000448e-04
9.619999999999999645e-04
9.810000000000001011e-04
1.000000000000000021e-03
1.000000000000000021e-03
1.000000000000000021e-03
1.000000000000000021e-03
1.000000000000000021e-03
1.000000000000000021e-03
1.000000000000000021e-03
1.000000000000000021e-03
1.000000000000000021e-03
1.000000000000000021e-03
1.000000000000000021e-03
1.000000000000000021e-03
1.000000000000000021e-03
1.000000000000000021e-03
1.000000000000000021e-03
1.000000000000000021e-03
1.000000000000000021e-03
1.000000000000000021e-03
1.000000000000000021e-03
1.000000000000000021e-03
1.000000000000000021e-03
1.000000000000000021e-03
1.000000000000000021e-03
1.000000000000000021e-03
1.000000000000000021e-03
1.000000000000000021e-03
1.000000000000000021e-03
1.000000000000000021e-03
1.000000000000000021e-03
1.000000000000000021e-03
1.000000000000000021e-03
1.018999999999999941e-03
1.038000000000000077e-03
1.056999999999999997e-03
1.075999999999999917e-03
1.095999999999999969e-03
1.115000000000000106e-03
1.134000000000000025e-03
1.175999999999999962e-03
1.172000000000000082e-03
1.191000000000000001e-03
1.191000000000000001e-03
1.191000000000000001e-03
1.191000000000000001e-03
1.191000000000000001e-03
1.191000000000000001e-03
1.191000000000000001e-03
1.191000000000000001e-03
1.191000000000000001e-03
1.191000000000000001e-03
1.191000000000000001e-03
1.191000000000000001e-03
1.191000000000000001e-03
1.191000000000000001e-03
1.191000000000000001e-03
1.191000000000000001e-03
1.191000000000000001e-03
1.191000000000000001e-03
1.191000000000000001e-03
1.191000000000000001e-03
1.191000000000000001e-03
1.204999999999999908e-03
1.191000000000000001e-03
1.191000000000000001e-03
1.191000000000000001e-03
1.191000000000000001e-03
1.191000000000000001e-03
1.191000000000000001e-03
1.191000000000000001e-03
1.191000000000000001e-03
1.191000000000000001e-03
1.209999999999999921e-03
1.229000000000000058e-03
1.248999999999999893e-03
1.268000000000000030e-03
1.286000000000000034e-03
1.306000000000000086e-03
1.325000000000000006e-03
1.343999999999999926e-03
1.363000000000000062e-03
1.381999999999999982e-03
1.381999999999999982e-03
1.381999999999999982e-03
1.381999999999999982e-03
1.381999999999999982e-03
1.381999999999999982e-03
1.381999999999999982e-03
1.400999999999999902e-03
1.381999999999999982e-03
1.381999999999999982e-03
1.381999999999999982e-03
1.381999999999999982e-03
1.381999999999999982e-03
1.381999999999999982e-03
1.381999999999999982e-03
1.381999999999999982e-03
1.381999999999999982e-03
1.381999999999999982e-03
1.381999999999999982e-03
1.381999999999999982e-03
1.381999999999999982e-03
1.381999999999999982e-03
1.381999999999999982e-03
1.381999999999999982e-03
1.381999999999999982e-03
1.381999999999999982e-03
1.381999999999999982e-03
1.381999999999999982e-03
1.399000000000000070e-03
1.381999999999999982e-03
1.381999999999999982e-03
1.400999999999999902e-03
1.420000000000000038e-03
1.440000000000000091e-03
1.459000000000000010e-03
1.477999999999999930e-03
1.497000000000000067e-03
1.515999999999999986e-03
1.534999999999999906e-03
1.554000000000000043e-03
1.572999999999999962e-03
1.572999999999999962e-03
1.572999999999999962e-03
1.572999999999999962e-03
1.572999999999999962e-03
1.572999999999999962e-03
1.574000000000000095e-03
1.572999999999999962e-03
1.572999999999999962e-03
1.572999999999999962e-03
1.572999999999999962e-03
1.572999999999999962e-03
1.574000000000000095e-03
1.574000000000000095e-03
1.572999999999999962e-03
1.574000000000000095e-03
1.572999999999999962e-03
1.574000000000000095e-03
1.572999999999999962e-03
1.574000000000000095e-03
1.572999999999999962e-03
1.572999999999999962e-03
1.572999999999999962e-03
1.572999999999999962e-03
1.572999999999999962e-03
1.574000000000000095e-03
1.572999999999999962e-03
1.572999999999999962e-03
1.572999999999999962e-03
1.572999999999999962e-03
1.572999999999999962e-03
1.592000000000000099e-03
1.611999999999999935e-03
1.631000000000000071e-03
1.649999999999999991e-03
1.668999999999999911e-03
1.688000000000000047e-03
1.708000000000000100e-03
1.727000000000000019e-03
1.745000000000000023e-03
1.763999999999999943e-03
1.765000000000000076e-03
1.765000000000000076e-03
1.763999999999999943e-03
1.763999999999999943e-03
1.763999999999999943e-03
1.765000000000000076e-03
1.765000000000000076e-03
1.763999999999999943e-03
1.763999999999999943e-03
1.765000000000000076e-03
1.765000000000000076e-03
1.763999999999999943e-03
1.763999999999999943e-03
1.765000000000000076e-03
1.765000000000000076e-03
1.763999999999999943e-03
1.763999999999999943e-03
1.763999999999999943e-03
1.765000000000000076e-03
1.765000000000000076e-03
1.765000000000000076e-03
1.763999999999999943e-03
1.763999999999999943e-03
1.765000000000000076e-03
1.763999999999999943e-03
1.763999999999999943e-03
1.765000000000000076e-03
1.765000000000000076e-03
1.763999999999999943e-03
1.763999999999999943e-03
1.783999999999999996e-03
1.802999999999999915e-03
1.822000000000000052e-03
1.840999999999999972e-03
1.860000000000000108e-03
1.879000000000000028e-03
1.897999999999999948e-03
1.918000000000000000e-03
1.936999999999999920e-03
1.955999999999999839e-03
1.955999999999999839e-03
1.955999999999999839e-03
1.955999999999999839e-03
1.955999999999999839e-03
1.955999999999999839e-03
1.955999999999999839e-03
1.955999999999999839e-03
1.955999999999999839e-03
1.955999999999999839e-03
1.955999999999999839e-03
1.955999999999999839e-03
1.955999999999999839e-03
1.955999999999999839e-03
1.955999999999999839e-03
1.955999999999999839e-03
1.955999999999999839e-03
1.955999999999999839e-03
1.955999999999999839e-03
1.955999999999999839e-03
1.955999999999999839e-03
1.955999999999999839e-03
1.955999999999999839e-03
1.955999999999999839e-03
1.955999999999999839e-03
1.955999999999999839e-03
1.955999999999999839e-03
1.955999999999999839e-03
1.955999999999999839e-03
1.955999999999999839e-03
1.955999999999999839e-03
