-0.061768
0.063477
-0.061768
0.063477
-0.088440
0.001160
-0.088440
0.001160
-0.082275
-0.032593
-0.082275
-0.032593
-0.035095
-0.081238
-0.035095
-0.081238
-0.074463
-0.047729
-0.074463
-0.047729
-0.018799
-0.086426
-0.018799
-0.086426
0.015686
-0.086914
0.015686
-0.086914
0.072632
-0.050476
0.072632
-0.050476
-0.069336
-0.054688
-0.069336
-0.054688
-0.010376
-0.087708
-0.010376
-0.087708
0.023865
-0.084961
0.023865
-0.084961
0.077026
-0.043213
0.077026
-0.043213
0.039917
-0.078491
0.039917
-0.078491
0.083801
-0.027283
0.083801
-0.027283
0.087769
0.006775
0.087769
0.006775
0.057312
0.066833
0.057312
0.066833
-0.066467
-0.057800
-0.066467
-0.057800
-0.006042
-0.087891
-0.006042
-0.087891
0.027954
-0.083496
0.027954
-0.083496
0.078857
-0.039307
0.078857
-0.039307
0.043762
-0.076294
0.043762
-0.076294
0.084900
-0.023132
0.084900
-0.023132
0.087097
0.011169
0.087097
0.011169
0.053833
0.069519
0.053833
0.069519
0.051086
-0.071350
0.051086
-0.071350
0.086670
-0.014404
0.086670
-0.014404
0.085449
0.019897
0.085449
0.019897
0.046387
0.074524
0.046387
0.074524
0.079834
0.036377
0.079834
0.036377
0.030884
0.082092
0.030884
0.082092
-0.002991
0.087769
-0.002991
0.087769
-0.064148
0.059875
-0.064148
0.059875
-0.064758
-0.059570
-0.064758
-0.059570
-0.003601
-0.088013
-0.003601
-0.088013
0.030212
-0.082642
0.030212
-0.082642
0.079834
-0.037048
0.079834
-0.037048
0.045654
-0.074951
0.045654
-0.074951
0.085449
-0.020752
0.085449
-0.020752
0.086670
0.013611
0.086670
0.013611
0.051758
0.070923
0.051758
0.070923
0.052612
-0.069885
0.052612
-0.069885
0.086792
-0.012268
0.086792
-0.012268
0.084900
0.021912
0.084900
0.021912
0.044556
0.075439
0.044556
0.075439
0.078735
0.038391
0.078735
0.038391
0.028748
0.082825
0.028748
0.082825
-0.005188
0.087463
-0.005188
0.087463
-0.065430
0.058105
-0.065430
0.058105
0.056152
-0.067078
0.056152
-0.067078
0.087219
-0.007751
0.087219
-0.007751
0.083496
0.026245
0.083496
0.026245
0.040588
0.077637
0.040588
0.077637
0.076660
0.042175
0.076660
0.042175
0.024414
0.083984
0.024414
0.083984
-0.009644
0.087158
-0.009644
0.087158
-0.068298
0.054749
-0.068298
0.054749
0.072205
0.049805
0.072205
0.049805
0.015930
0.086182
0.015930
0.086182
-0.018250
0.085876
-0.018250
0.085876
-0.073608
0.047729
-0.073608
0.047729
-0.034851
0.080750
-0.034851
0.080750
-0.081604
0.032349
-0.081604
0.032349
-0.088013
-0.001221
-0.088013
-0.001221
-0.061218
-0.063110
-0.061218
-0.063110
