-0.057861
0.059570
-0.057861
0.059570
-0.082947
0.001221
-0.082947
0.001221
-0.077148
-0.030518
-0.077148
-0.030518
-0.032898
-0.076233
-0.032898
-0.076233
-0.069946
-0.044739
-0.069946
-0.044739
-0.017700
-0.081116
-0.017700
-0.081116
0.014587
-0.081604
0.014587
-0.081604
0.068115
-0.047424
0.068115
-0.047424
-0.065125
-0.051270
-0.065125
-0.051270
-0.009644
-0.082275
-0.009644
-0.082275
0.022339
-0.079712
0.022339
-0.079712
0.072266
-0.040588
0.072266
-0.040588
0.037415
-0.073547
0.037415
-0.073547
0.078552
-0.025574
0.078552
-0.025574
0.082275
0.006470
0.082275
0.006470
0.053711
0.062744
0.053711
0.062744
-0.062256
-0.054138
-0.062256
-0.054138
-0.005615
-0.082275
-0.005615
-0.082275
0.026367
-0.078186
0.026367
-0.078186
0.073975
-0.036682
0.073975
-0.036682
0.040894
-0.071411
0.040894
-0.071411
0.079468
-0.021606
0.079468
-0.021606
0.081604
0.010498
0.081604
0.010498
0.050354
0.065125
0.050354
0.065125
0.047729
-0.066833
0.047729
-0.066833
0.081055
-0.013489
0.081055
-0.013489
0.080017
0.018677
0.080017
0.018677
0.043518
0.069702
0.043518
0.069702
0.074707
0.033997
0.074707
0.033997
0.028809
0.076904
0.028809
0.076904
-0.002808
0.082092
-0.002808
0.082092
-0.060059
0.056030
-0.060059
0.056030
-0.060730
-0.055664
-0.060730
-0.055664
-0.003479
-0.082397
-0.003479
-0.082397
0.028259
-0.077393
0.028259
-0.077393
0.074707
-0.034790
0.074707
-0.034790
0.042664
-0.070251
0.042664
-0.070251
0.079895
-0.019470
0.079895
-0.019470
0.081299
0.012695
0.081299
0.012695
0.048645
0.066467
0.048645
0.066467
0.049316
-0.065491
0.049316
-0.065491
0.081299
-0.011475
0.081299
-0.011475
0.079468
0.020508
0.079468
0.020508
0.041809
0.070679
0.041809
0.070679
0.073792
0.035828
0.073792
0.035828
0.026917
0.077515
0.026917
0.077515
-0.004883
0.081909
-0.004883
0.081909
-0.061340
0.054382
-0.061340
0.054382
0.052734
-0.062866
0.052734
-0.062866
0.081848
-0.007202
0.081848
-0.007202
0.078247
0.024597
0.078247
0.024597
0.038025
0.072693
0.038025
0.072693
0.071716
0.039612
0.071716
0.039612
0.022827
0.078674
0.022827
0.078674
-0.009155
0.081604
-0.009155
0.081604
-0.064087
0.051270
-0.064087
0.051270
0.067566
0.046692
0.067566
0.046692
0.014832
0.080872
0.014832
0.080872
-0.017273
0.080444
-0.017273
0.080444
-0.069092
0.044617
-0.069092
0.044617
-0.032776
0.075562
-0.032776
0.075562
-0.076538
0.030212
-0.076538
0.030212
-0.082214
-0.001282
-0.082214
-0.001282
-0.057190
-0.059082
-0.057190
-0.059082
