-0.122925
-0.110718
-0.122925
-0.110718
-0.008484
-0.165161
-0.008484
-0.165161
0.055359
-0.155884
0.055359
-0.155884
0.149475
-0.071167
0.149475
-0.071167
0.084534
-0.141907
0.084534
-0.141907
0.160278
-0.040588
0.160278
-0.040588
0.163513
0.023865
0.163513
0.023865
0.098877
0.132446
0.098877
0.132446
0.098145
-0.132690
0.098145
-0.132690
0.163330
-0.024475
0.163330
-0.024475
0.160156
0.039978
0.160156
0.039978
0.085083
0.141479
0.085083
0.141479
0.149292
0.070557
0.149292
0.070557
0.055847
0.155334
0.055847
0.155334
-0.008118
0.164917
-0.008118
0.164917
-0.122192
0.110840
-0.122192
0.110840
