0.031128
0.000122
0.031128
0.000122
0.022095
0.021973
0.022095
0.021973
0.011780
0.028809
0.011780
0.028809
-0.011902
0.028687
-0.011902
0.028687
0.005737
0.030884
0.005737
0.030884
-0.017639
0.025818
-0.017639
0.025818
-0.026184
0.017212
-0.026184
0.017212
-0.030579
-0.006470
-0.030579
-0.006470
0.002625
0.031372
0.002625
0.031372
-0.020203
0.024048
-0.020203
0.024048
-0.028015
0.014587
-0.028015
0.014587
-0.029968
-0.009521
-0.029968
-0.009521
-0.030396
0.009033
-0.030396
0.009033
-0.027771
-0.015137
-0.027771
-0.015137
-0.020081
-0.024475
-0.020081
-0.024475
0.003235
-0.031555
0.003235
-0.031555
0.001465
0.031677
0.001465
0.031677
-0.021240
0.023376
-0.021240
0.023376
-0.028625
0.013611
-0.028625
0.013611
-0.029785
-0.010742
-0.029785
-0.010742
-0.030823
0.007874
-0.030823
0.007874
-0.027283
-0.016296
-0.027283
-0.016296
-0.019043
-0.025391
-0.019043
-0.025391
0.004517
-0.031433
0.004517
-0.031433
-0.031250
0.005005
-0.031250
0.005005
-0.025513
-0.018677
-0.025513
-0.018677
-0.016602
-0.027039
-0.016602
-0.027039
0.007507
-0.030823
0.007507
-0.030823
-0.011108
-0.029480
-0.011108
-0.029480
0.013062
-0.028748
0.013062
-0.028748
0.023010
-0.021484
0.023010
-0.021484
0.031616
0.000977
0.031616
0.000977
0.000793
0.031616
0.000793
0.031616
-0.021790
0.022827
-0.021790
0.022827
-0.028931
0.012817
-0.028931
0.012817
-0.029480
-0.011475
-0.029480
-0.011475
-0.031006
0.007202
-0.031006
0.007202
-0.026917
-0.016907
-0.026917
-0.016907
-0.018433
-0.025818
-0.018433
-0.025818
0.005249
-0.031372
0.005249
-0.031372
-0.031433
0.004211
-0.031433
0.004211
-0.025208
-0.019226
-0.025208
-0.019226
-0.016052
-0.027405
-0.016052
-0.027405
0.008118
-0.030762
0.008118
-0.030762
-0.010437
-0.029968
-0.010437
-0.029968
0.013794
-0.028564
0.013794
-0.028564
0.023621
-0.020874
0.023621
-0.020874
0.031555
0.001892
0.031555
0.001892
-0.031494
0.002991
-0.031494
0.002991
-0.024353
-0.020203
-0.024353
-0.020203
-0.014771
-0.027893
-0.014771
-0.027893
0.009399
-0.030273
0.009399
-0.030273
-0.009094
-0.030151
-0.009094
-0.030151
0.015015
-0.027771
0.015015
-0.027771
0.024414
-0.019897
0.024414
-0.019897
0.031372
0.003113
0.031372
0.003113
-0.006042
-0.030640
-0.006042
-0.030640
0.017517
-0.026001
0.017517
-0.026001
0.025879
-0.017273
0.025879
-0.017273
0.030640
0.006042
0.030640
0.006042
0.028809
-0.011658
0.028809
-0.011658
0.028687
0.012085
0.028687
0.012085
0.021912
0.022095
0.021912
0.022095
0.000000
0.031067
0.000000
0.031067
0.000488
0.031616
0.000488
0.031616
-0.021790
0.022644
-0.021790
0.022644
-0.029053
0.012573
-0.029053
0.012573
-0.029358
-0.011658
-0.029358
-0.011658
-0.031006
0.006836
-0.031006
0.006836
-0.026733
-0.017090
-0.026733
-0.017090
-0.018188
-0.025818
-0.018188
-0.025818
0.005493
-0.031189
0.005493
-0.031189
-0.031555
0.004028
-0.031555
0.004028
-0.025085
-0.019409
-0.025085
-0.019409
-0.015808
-0.027466
-0.015808
-0.027466
0.008362
-0.030701
0.008362
-0.030701
-0.010193
-0.029846
-0.010193
-0.029846
0.014038
-0.028320
0.014038
-0.028320
0.023621
-0.020874
0.023621
-0.020874
0.031494
0.001892
0.031494
0.001892
-0.031494
0.002686
-0.031494
0.002686
-0.024109
-0.020386
-0.024109
-0.020386
-0.014648
-0.028015
-0.014648
-0.028015
0.009521
-0.030151
0.009521
-0.030151
-0.008850
-0.030090
-0.008850
-0.030090
0.015076
-0.027588
0.015076
-0.027588
0.024414
-0.019775
0.024414
-0.019775
0.031372
0.003235
0.031372
0.003235
-0.005981
-0.030579
-0.005981
-0.030579
0.017456
-0.025818
0.017456
-0.025818
0.025818
-0.017151
0.025818
-0.017151
0.030457
0.006165
0.030457
0.006165
0.028625
-0.011475
0.028625
-0.011475
0.028442
0.012085
0.028442
0.012085
0.021606
0.022095
0.021606
0.022095
-0.000244
0.030884
-0.000244
0.030884
-0.031311
0.001892
-0.031311
0.001892
-0.023376
-0.020935
-0.023376
-0.020935
-0.013733
-0.028137
-0.013733
-0.028137
0.010254
-0.029663
0.010254
-0.029663
-0.008118
-0.030212
-0.008118
-0.030212
0.015747
-0.027161
0.015747
-0.027161
0.024780
-0.018921
0.024780
-0.018921
0.031067
0.004089
0.031067
0.004089
-0.005066
-0.030518
-0.005066
-0.030518
0.018127
-0.025085
0.018127
-0.025085
0.026367
-0.016235
0.026367
-0.016235
0.030212
0.007202
0.030212
0.007202
0.028992
-0.010681
0.028992
-0.010681
0.028137
0.012878
0.028137
0.012878
0.020935
0.022644
0.020935
0.022644
-0.001221
0.030823
-0.001221
0.030823
-0.003540
-0.030579
-0.003540
-0.030579
0.019287
-0.024231
0.019287
-0.024231
0.027100
-0.014893
0.027100
-0.014893
0.029724
0.008545
0.029724
0.008545
0.029297
-0.009155
0.029297
-0.009155
0.027222
0.014282
0.027222
0.014282
0.019592
0.023682
0.019592
0.023682
-0.002808
0.030579
-0.002808
0.030579
0.030029
-0.005920
0.030029
-0.005920
0.025513
0.017029
0.025513
0.017029
0.017029
0.025513
0.017029
0.025513
-0.005920
0.030029
-0.005920
0.030029
0.011597
0.028564
0.011597
0.028564
-0.011902
0.028381
-0.011902
0.028381
-0.021851
0.021729
-0.021851
0.021729
-0.030762
-0.000183
-0.030762
-0.000183
0.000244
0.031494
0.000244
0.031494
-0.022095
0.022400
-0.022095
0.022400
-0.028931
0.012329
-0.028931
0.012329
-0.029053
-0.011780
-0.029053
-0.011780
-0.031006
0.006592
-0.031006
0.006592
-0.026550
-0.017273
-0.026550
-0.017273
-0.017944
-0.026062
-0.017944
-0.026062
0.005798
-0.031128
0.005798
-0.031128
-0.031433
0.003906
-0.031433
0.003906
-0.024963
-0.019531
-0.024963
-0.019531
-0.015503
-0.027588
-0.015503
-0.027588
0.008545
-0.030518
0.008545
-0.030518
-0.010071
-0.029846
-0.010071
-0.029846
0.014099
-0.028198
0.014099
-0.028198
0.023682
-0.020630
0.023682
-0.020630
0.031494
0.002136
0.031494
0.002136
-0.031433
0.002502
-0.031433
0.002502
-0.023804
-0.020508
-0.023804
-0.020508
-0.014282
-0.028015
-0.014282
-0.028015
0.009827
-0.029968
0.009827
-0.029968
-0.008606
-0.030151
-0.008606
-0.030151
0.015320
-0.027466
0.015320
-0.027466
0.024597
-0.019470
0.024597
-0.019470
0.031189
0.003540
0.031189
0.003540
-0.005615
-0.030518
-0.005615
-0.030518
0.017639
-0.025574
0.017639
-0.025574
0.026062
-0.016907
0.026062
-0.016907
0.030396
0.006470
0.030396
0.006470
0.028809
-0.011230
0.028809
-0.011230
0.028320
0.012329
0.028320
0.012329
0.021362
0.022400
0.021362
0.022400
-0.000610
0.030945
-0.000610
0.030945
-0.031250
0.001587
-0.031250
0.001587
-0.023132
-0.020935
-0.023132
-0.020935
-0.013428
-0.028259
-0.013428
-0.028259
0.010559
-0.029541
0.010559
-0.029541
-0.007812
-0.030090
-0.007812
-0.030090
0.015869
-0.026794
0.015869
-0.026794
0.024841
-0.018677
0.024841
-0.018677
0.030823
0.004395
0.030823
0.004395
-0.004761
-0.030518
-0.004761
-0.030518
0.018250
-0.024963
0.018250
-0.024963
0.026306
-0.015991
0.026306
-0.015991
0.030029
0.007202
0.030029
0.007202
0.028870
-0.010376
0.028870
-0.010376
0.027893
0.013062
0.027893
0.013062
0.020630
0.022827
0.020630
0.022827
-0.001465
0.030640
-0.001465
0.030640
-0.003113
-0.030518
-0.003113
-0.030518
0.019409
-0.023926
0.019409
-0.023926
0.026978
-0.014648
0.026978
-0.014648
0.029419
0.008789
0.029419
0.008789
0.029297
-0.008850
0.029297
-0.008850
0.027039
0.014404
0.027039
0.014404
0.019348
0.023682
0.019348
0.023682
-0.002991
0.030457
-0.002991
0.030457
0.030029
-0.005676
0.030029
-0.005676
0.025330
0.017151
0.025330
0.017151
0.016602
0.025513
0.016602
0.025513
-0.006226
0.029846
-0.006226
0.029846
0.011414
0.028564
0.011414
0.028564
-0.012024
0.028198
-0.012024
0.028198
-0.022034
0.021545
-0.022034
0.021545
-0.030701
-0.000366
-0.030701
-0.000366
-0.031128
0.001099
-0.031128
0.001099
-0.022644
-0.021301
-0.022644
-0.021301
-0.012939
-0.028320
-0.012939
-0.028320
0.010986
-0.029236
0.010986
-0.029236
-0.007324
-0.030029
-0.007324
-0.030029
0.016174
-0.026428
0.016174
-0.026428
0.025024
-0.018188
0.025024
-0.018188
0.030640
0.004822
0.030640
0.004822
-0.004333
-0.030518
-0.004333
-0.030518
0.018616
-0.024597
0.018616
-0.024597
0.026489
-0.015564
0.026489
-0.015564
0.029846
0.007629
0.029846
0.007629
0.028931
-0.009949
0.028931
-0.009949
0.027527
0.013489
0.027527
0.013489
0.020325
0.023132
0.020325
0.023132
-0.001770
0.030640
-0.001770
0.030640
-0.002808
-0.030396
-0.002808
-0.030396
0.019714
-0.023560
0.019714
-0.023560
0.027100
-0.014160
0.027100
-0.014160
0.029236
0.009033
0.029236
0.009033
0.029297
-0.008545
0.029297
-0.008545
0.026794
0.014648
0.026794
0.014648
0.019043
0.023865
0.019043
0.023865
-0.003296
0.030396
-0.003296
0.030396
0.029907
-0.005127
0.029907
-0.005127
0.024963
0.017517
0.024963
0.017517
0.016235
0.025696
0.016235
0.025696
-0.006653
0.029602
-0.006653
0.029602
0.010864
0.028564
0.010864
0.028564
-0.012390
0.027832
-0.012390
0.027832
-0.022217
0.020996
-0.022217
0.020996
-0.030518
-0.000916
-0.030518
-0.000916
-0.001770
-0.030579
-0.001770
-0.030579
0.020447
-0.022888
0.020447
-0.022888
0.027527
-0.013306
0.027527
-0.013306
0.028870
0.010010
0.028870
0.010010
0.029480
-0.007507
0.029480
-0.007507
0.026184
0.015503
0.026184
0.015503
0.018188
0.024353
0.018188
0.024353
-0.004272
0.030029
-0.004272
0.030029
0.030029
-0.004272
0.030029
-0.004272
0.024353
0.018188
0.024353
0.018188
0.015442
0.026184
0.015442
0.026184
-0.007507
0.029358
-0.007507
0.029358
0.010010
0.028870
0.010010
0.028870
-0.013306
0.027527
-0.013306
0.027527
-0.022949
0.020386
-0.022949
0.020386
-0.030579
-0.001831
-0.030579
-0.001831
0.030457
-0.002747
0.030457
-0.002747
0.023560
0.019592
0.023560
0.019592
0.014160
0.027161
0.014160
0.027161
-0.009094
0.029175
-0.009094
0.029175
0.008484
0.029602
0.008484
0.029602
-0.014893
0.026917
-0.014893
0.026917
-0.024048
0.019226
-0.024048
0.019226
-0.030518
-0.003540
-0.030518
-0.003540
0.005554
0.030579
0.005554
0.030579
-0.017517
0.025513
-0.017517
0.025513
-0.026123
0.016907
-0.026123
0.016907
-0.030396
-0.006531
-0.030396
-0.006531
-0.028992
0.011841
-0.028992
0.011841
-0.028748
-0.012207
-0.028748
-0.012207
-0.021973
-0.022278
-0.021973
-0.022278
0.000366
-0.031250
0.000366
-0.031250
0.000061
0.031372
0.000061
0.031372
-0.022095
0.022217
-0.022095
0.022217
-0.028931
0.012085
-0.028931
0.012085
-0.028931
-0.012024
-0.028931
-0.012024
-0.031006
0.006409
-0.031006
0.006409
-0.026306
-0.017273
-0.026306
-0.017273
-0.017761
-0.025940
-0.017761
-0.025940
0.005859
-0.031006
0.005859
-0.031006
-0.031433
0.003784
-0.031433
0.003784
-0.024780
-0.019531
-0.024780
-0.019531
-0.015381
-0.027466
-0.015381
-0.027466
0.008667
-0.030273
0.008667
-0.030273
-0.009949
-0.029846
-0.009949
-0.029846
0.014099
-0.028076
0.014099
-0.028076
0.023865
-0.020386
0.023865
-0.020386
0.031433
0.002319
0.031433
0.002319
-0.031250
0.002319
-0.031250
0.002319
-0.023743
-0.020508
-0.023743
-0.020508
-0.014099
-0.027954
-0.014099
-0.027954
0.009888
-0.029785
0.009888
-0.029785
-0.008484
-0.029968
-0.008484
-0.029968
0.015320
-0.027222
0.015320
-0.027222
0.024414
-0.019287
0.024414
-0.019287
0.030945
0.003601
0.030945
0.003601
-0.005554
-0.030396
-0.005554
-0.030396
0.017700
-0.025513
0.017700
-0.025513
0.026062
-0.016663
0.026062
-0.016663
0.030273
0.006714
0.030273
0.006714
0.028748
-0.011108
0.028748
-0.011108
0.028259
0.012451
0.028259
0.012451
0.021240
0.022400
0.021240
0.022400
-0.000610
0.030762
-0.000610
0.030762
-0.031250
0.001587
-0.031250
0.001587
-0.023132
-0.021057
-0.023132
-0.021057
-0.013306
-0.028198
-0.013306
-0.028198
0.010620
-0.029419
0.010620
-0.029419
-0.007690
-0.029968
-0.007690
-0.029968
0.015869
-0.026733
0.015869
-0.026733
0.024719
-0.018616
0.024719
-0.018616
0.030701
0.004333
0.030701
0.004333
-0.004700
-0.030518
-0.004700
-0.030518
0.018311
-0.024902
0.018311
-0.024902
0.026367
-0.015930
0.026367
-0.015930
0.029968
0.007385
0.029968
0.007385
0.028809
-0.010193
0.028809
-0.010193
0.027771
0.013123
0.027771
0.013123
0.020447
0.022705
0.020447
0.022705
-0.001465
0.030640
-0.001465
0.030640
-0.002930
-0.030518
-0.002930
-0.030518
0.019592
-0.023682
0.019592
-0.023682
0.027039
-0.014343
0.027039
-0.014343
0.029358
0.008850
0.029358
0.008850
0.029114
-0.008606
0.029114
-0.008606
0.026794
0.014404
0.026794
0.014404
0.019165
0.023682
0.019165
0.023682
-0.003113
0.030334
-0.003113
0.030334
0.030029
-0.005493
0.030029
-0.005493
0.025208
0.017334
0.025208
0.017334
0.016663
0.025635
0.016663
0.025635
-0.006287
0.029907
-0.006287
0.029907
0.011169
0.028564
0.011169
0.028564
-0.012268
0.028137
-0.012268
0.028137
-0.022156
0.021362
-0.022156
0.021362
-0.030640
-0.000610
-0.030640
-0.000610
-0.031067
0.000916
-0.031067
0.000916
-0.022461
-0.021423
-0.022461
-0.021423
-0.012817
-0.028381
-0.012817
-0.028381
0.011169
-0.029236
0.011169
-0.029236
-0.007019
-0.030090
-0.007019
-0.030090
0.016357
-0.026306
0.016357
-0.026306
0.025024
-0.018005
0.025024
-0.018005
0.030579
0.004883
0.030579
0.004883
-0.004150
-0.030396
-0.004150
-0.030396
0.018677
-0.024475
0.018677
-0.024475
0.026550
-0.015381
0.026550
-0.015381
0.029724
0.007812
0.029724
0.007812
0.028870
-0.009766
0.028870
-0.009766
0.027466
0.013489
0.027466
0.013489
0.020081
0.023132
0.020081
0.023132
-0.002075
0.030457
-0.002075
0.030457
-0.002686
-0.030396
-0.002686
-0.030396
0.019714
-0.023376
0.019714
-0.023376
0.027100
-0.014099
0.027100
-0.014099
0.029175
0.009094
0.029175
0.009094
0.029297
-0.008423
0.029297
-0.008423
0.026672
0.014709
0.026672
0.014709
0.018860
0.023987
0.018860
0.023987
-0.003418
0.030212
-0.003418
0.030212
0.029968
-0.005127
0.029968
-0.005127
0.024902
0.017578
0.024902
0.017578
0.016113
0.025757
0.016113
0.025757
-0.006714
0.029602
-0.006714
0.029602
0.010742
0.028564
0.010742
0.028564
-0.012512
0.027832
-0.012512
0.027832
-0.022217
0.020874
-0.022217
0.020874
-0.030396
-0.001038
-0.030396
-0.001038
-0.001648
-0.030396
-0.001648
-0.030396
0.020447
-0.022644
0.020447
-0.022644
0.027527
-0.013000
0.027527
-0.013000
0.028748
0.010254
0.028748
0.010254
0.029358
-0.007263
0.029358
-0.007263
0.025940
0.015625
0.025940
0.015625
0.017944
0.024414
0.017944
0.024414
-0.004456
0.029907
-0.004456
0.029907
0.030090
-0.004150
0.030090
-0.004150
0.024292
0.018250
0.024292
0.018250
0.015320
0.026123
0.015320
0.026123
-0.007629
0.029297
-0.007629
0.029297
0.009766
0.028931
0.009766
0.028931
-0.013428
0.027405
-0.013428
0.027405
-0.023010
0.020203
-0.023010
0.020203
-0.030518
-0.001953
-0.030518
-0.001953
0.030396
-0.002747
0.030396
-0.002747
0.023499
0.019531
0.023499
0.019531
0.014099
0.027161
0.014099
0.027161
-0.009033
0.029114
-0.009033
0.029114
0.008423
0.029480
0.008423
0.029480
-0.014832
0.026794
-0.014832
0.026794
-0.024048
0.019165
-0.024048
0.019165
-0.030518
-0.003540
-0.030518
-0.003540
0.005432
0.030579
0.005432
0.030579
-0.017639
0.025452
-0.017639
0.025452
-0.026184
0.016846
-0.026184
0.016846
-0.030273
-0.006531
-0.030273
-0.006531
-0.029053
0.011597
-0.029053
0.011597
-0.028503
-0.012390
-0.028503
-0.012390
-0.021729
-0.022278
-0.021729
-0.022278
0.000427
-0.031128
0.000427
-0.031128
-0.031128
0.000671
-0.031128
0.000671
-0.022461
-0.021545
-0.022461
-0.021545
-0.012573
-0.028503
-0.012573
-0.028503
0.011292
-0.028992
0.011292
-0.028992
-0.006958
-0.030212
-0.006958
-0.030212
0.016479
-0.026245
0.016479
-0.026245
0.025146
-0.017822
0.025146
-0.017822
0.030457
0.005127
0.030457
0.005127
-0.003845
-0.030396
-0.003845
-0.030396
0.018860
-0.024170
0.018860
-0.024170
0.026672
-0.015076
0.026672
-0.015076
0.029602
0.008057
0.029602
0.008057
0.028992
-0.009460
0.028992
-0.009460
0.027222
0.013794
0.027222
0.013794
0.019836
0.023193
0.019836
0.023193
-0.002258
0.030334
-0.002258
0.030334
-0.002380
-0.030457
-0.002380
-0.030457
0.020020
-0.023254
0.020020
-0.023254
0.027222
-0.013733
0.027222
-0.013733
0.028992
0.009521
0.028992
0.009521
0.029236
-0.007935
0.029236
-0.007935
0.026367
0.015015
0.026367
0.015015
0.018616
0.024109
0.018616
0.024109
-0.003845
0.030151
-0.003845
0.030151
0.029907
-0.004761
0.029907
-0.004761
0.024719
0.017700
0.024719
0.017700
0.015869
0.025879
0.015869
0.025879
-0.006958
0.029480
-0.006958
0.029480
0.010437
0.028748
0.010437
0.028748
-0.012878
0.027649
-0.012878
0.027649
-0.022461
0.020752
-0.022461
0.020752
-0.030518
-0.001221
-0.030518
-0.001221
-0.001160
-0.030396
-0.001160
-0.030396
0.020813
-0.022400
0.020813
-0.022400
0.027710
-0.012695
0.027710
-0.012695
0.028625
0.010620
0.028625
0.010620
0.029541
-0.006836
0.029541
-0.006836
0.025818
0.016052
0.025818
0.016052
0.017517
0.024719
0.017517
0.024719
-0.005005
0.029907
-0.005005
0.029907
0.030090
-0.003784
0.030090
-0.003784
0.024048
0.018555
0.024048
0.018555
0.015015
0.026367
0.015015
0.026367
-0.007935
0.029236
-0.007935
0.029236
0.009460
0.028992
0.009460
0.028992
-0.013733
0.027100
-0.013733
0.027100
-0.023193
0.019897
-0.023193
0.019897
-0.030396
-0.002319
-0.030396
-0.002319
0.030334
-0.002197
0.030334
-0.002197
0.023132
0.019836
0.023132
0.019836
0.013672
0.027222
0.013672
0.027222
-0.009460
0.028870
-0.009460
0.028870
0.008057
0.029663
0.008057
0.029663
-0.015198
0.026611
-0.015198
0.026611
-0.024231
0.018860
-0.024231
0.018860
-0.030334
-0.003906
-0.030334
-0.003906
0.005127
0.030457
0.005127
0.030457
-0.017822
0.025085
-0.017822
0.025085
-0.026245
0.016418
-0.026245
0.016418
-0.030090
-0.006958
-0.030090
-0.006958
-0.029053
0.011169
-0.029053
0.011169
-0.028381
-0.012634
-0.028381
-0.012634
-0.021423
-0.022522
-0.021423
-0.022522
0.000854
-0.031006
0.000854
-0.031006
-0.000854
-0.030518
-0.000854
-0.030518
0.021057
-0.022278
0.021057
-0.022278
0.027893
-0.012451
0.027893
-0.012451
0.028564
0.010925
0.028564
0.010925
0.029724
-0.006409
0.029724
-0.006409
0.025635
0.016418
0.025635
0.016418
0.017395
0.025024
0.017395
0.025024
-0.005249
0.029907
-0.005249
0.029907
0.030334
-0.003296
0.030334
-0.003296
0.023804
0.018982
0.023804
0.018982
0.014648
0.026794
0.014648
0.026794
-0.008545
0.029297
-0.008545
0.029297
0.009033
0.029236
0.009033
0.029236
-0.014160
0.027100
-0.014160
0.027100
-0.023438
0.019592
-0.023438
0.019592
-0.030396
-0.002808
-0.030396
-0.002808
0.030518
-0.001648
0.030518
-0.001648
0.022888
0.020386
0.022888
0.020386
0.013306
0.027649
0.013306
0.027649
-0.010071
0.028931
-0.010071
0.028931
0.007507
0.029907
0.007507
0.029907
-0.015808
0.026489
-0.015808
0.026489
-0.024719
0.018494
-0.024719
0.018494
-0.030518
-0.004456
-0.030518
-0.004456
0.004700
0.030640
0.004700
0.030640
-0.018250
0.025024
-0.018250
0.025024
-0.026550
0.016174
-0.026550
0.016174
-0.030090
-0.007385
-0.030090
-0.007385
-0.029358
0.010864
-0.029358
0.010864
-0.028381
-0.013123
-0.028381
-0.013123
-0.021240
-0.022766
-0.021240
-0.022766
0.001221
-0.031189
0.001221
-0.031189
0.030701
-0.000854
0.030701
-0.000854
0.022461
0.021057
0.022461
0.021057
0.012512
0.028137
0.012512
0.028137
-0.010925
0.028687
-0.010925
0.028687
0.006836
0.030212
0.006836
0.030212
-0.016418
0.026123
-0.016418
0.026123
-0.025208
0.017883
-0.025208
0.017883
-0.030396
-0.005249
-0.030396
-0.005249
0.003845
0.031006
0.003845
0.031006
-0.019104
0.024597
-0.019104
0.024597
-0.027161
0.015503
-0.027161
0.015503
-0.030029
-0.008240
-0.030029
-0.008240
-0.029663
0.010132
-0.029663
0.010132
-0.028015
-0.013916
-0.028015
-0.013916
-0.020752
-0.023499
-0.020752
-0.023499
0.002014
-0.031250
0.002014
-0.031250
0.002625
0.031311
0.002625
0.031311
-0.020142
0.023987
-0.020142
0.023987
-0.027893
0.014465
-0.027893
0.014465
-0.029846
-0.009583
-0.029846
-0.009583
-0.030273
0.008789
-0.030273
0.008789
-0.027588
-0.015259
-0.027588
-0.015259
-0.019714
-0.024475
-0.019714
-0.024475
0.003479
-0.031250
0.003479
-0.031250
-0.031067
0.006042
-0.031067
0.006042
-0.026123
-0.017700
-0.026123
-0.017700
-0.017395
-0.026245
-0.017395
-0.026245
0.006287
-0.030945
0.006287
-0.030945
-0.012085
-0.028931
-0.012085
-0.028931
0.011963
-0.028992
0.011963
-0.028992
0.022034
-0.022156
0.022034
-0.022156
0.031372
-0.000061
0.031372
-0.000061
