-0.000122
-0.015320
-0.000122
-0.015320
0.010803
-0.010925
0.010803
-0.010925
0.014099
-0.005859
0.014099
-0.005859
0.014099
0.005859
0.014099
0.005859
0.014954
-0.002686
0.014954
-0.002686
0.012512
0.008606
0.012512
0.008606
0.008240
0.012817
0.008240
0.012817
-0.003113
0.014709
-0.003113
0.014709
0.015015
-0.001160
0.015015
-0.001160
0.011536
0.009827
0.011536
0.009827
0.006775
0.013672
0.006775
0.013672
-0.004822
0.014465
-0.004822
0.014465
0.003967
0.014832
0.003967
0.014832
-0.007629
0.013306
-0.007629
0.013306
-0.012146
0.009399
-0.012146
0.009399
-0.015198
-0.001953
-0.015198
-0.001953
0.015198
-0.000183
0.015198
-0.000183
0.011047
0.010681
0.011047
0.010681
0.006165
0.014038
0.006165
0.014038
-0.005493
0.014221
-0.005493
0.014221
0.003052
0.015259
0.003052
0.015259
-0.008423
0.012878
-0.008423
0.012878
-0.012939
0.008667
-0.012939
0.008667
-0.015198
-0.002991
-0.015198
-0.002991
0.001587
0.015747
0.001587
0.015747
-0.009888
0.012207
-0.009888
0.012207
-0.013855
0.007507
-0.013855
0.007507
-0.015076
-0.004517
-0.015076
-0.004517
-0.015198
0.005005
-0.015198
0.005005
-0.014160
-0.007324
-0.014160
-0.007324
-0.010315
-0.012146
-0.010315
-0.012146
0.001282
-0.015930
0.001282
-0.015930
0.015503
0.000183
0.015503
0.000183
0.010986
0.011047
0.010986
0.011047
0.005859
0.014343
0.005859
0.014343
-0.005920
0.014282
-0.005920
0.014282
0.002747
0.015503
0.002747
0.015503
-0.008972
0.012878
-0.008972
0.012878
-0.013184
0.008484
-0.013184
0.008484
-0.015320
-0.003418
-0.015320
-0.003418
0.001160
0.015869
0.001160
0.015869
-0.010315
0.012085
-0.010315
0.012085
-0.014282
0.007141
-0.014282
0.007141
-0.015076
-0.005066
-0.015076
-0.005066
-0.015381
0.004517
-0.015381
0.004517
-0.014038
-0.007690
-0.014038
-0.007690
-0.010071
-0.012451
-0.010071
-0.012451
0.001709
-0.015930
0.001709
-0.015930
0.000732
0.016052
0.000732
0.016052
-0.010742
0.011780
-0.010742
0.011780
-0.014587
0.006775
-0.014587
0.006775
-0.015076
-0.005493
-0.015076
-0.005493
-0.015747
0.004089
-0.015747
0.004089
-0.013916
-0.008301
-0.013916
-0.008301
-0.009766
-0.012939
-0.009766
-0.012939
0.002258
-0.016113
0.002258
-0.016113
-0.016113
0.002747
-0.016113
0.002747
-0.013245
-0.009460
-0.013245
-0.009460
-0.008606
-0.013672
-0.008606
-0.013672
0.003662
-0.015747
0.003662
-0.015747
-0.005859
-0.014893
-0.005859
-0.014893
0.006470
-0.014771
0.006470
-0.014771
0.011475
-0.011230
0.011475
-0.011230
0.016174
0.000183
0.016174
0.000183
0.015503
0.000244
0.015503
0.000244
0.010864
0.011169
0.010864
0.011169
0.005798
0.014526
0.005798
0.014526
-0.006042
0.014282
-0.006042
0.014282
0.002747
0.015442
0.002747
0.015442
-0.008850
0.012878
-0.008850
0.012878
-0.013245
0.008484
-0.013245
0.008484
-0.015320
-0.003418
-0.015320
-0.003418
0.001038
0.015869
0.001038
0.015869
-0.010376
0.012024
-0.010376
0.012024
-0.014282
0.007080
-0.014282
0.007080
-0.015076
-0.005066
-0.015076
-0.005066
-0.015503
0.004517
-0.015503
0.004517
-0.014160
-0.007812
-0.014160
-0.007812
-0.010193
-0.012451
-0.010193
-0.012451
0.001709
-0.015991
0.001709
-0.015991
0.000732
0.016113
0.000732
0.016113
-0.010803
0.011841
-0.010803
0.011841
-0.014648
0.006897
-0.014648
0.006897
-0.015076
-0.005493
-0.015076
-0.005493
-0.015686
0.003967
-0.015686
0.003967
-0.013855
-0.008301
-0.013855
-0.008301
-0.009766
-0.012878
-0.009766
-0.012878
0.002319
-0.016113
0.002319
-0.016113
-0.016113
0.002747
-0.016113
0.002747
-0.013245
-0.009460
-0.013245
-0.009460
-0.008606
-0.013672
-0.008606
-0.013672
0.003662
-0.015747
0.003662
-0.015747
-0.005798
-0.015076
-0.005798
-0.015076
0.006653
-0.014771
0.006653
-0.014771
0.011780
-0.011108
0.011780
-0.011108
0.016235
0.000427
0.016235
0.000427
0.000427
0.016174
0.000427
0.016174
-0.011047
0.011719
-0.011047
0.011719
-0.014709
0.006653
-0.014709
0.006653
-0.015015
-0.005676
-0.015015
-0.005676
-0.015747
0.003662
-0.015747
0.003662
-0.013672
-0.008606
-0.013672
-0.008606
-0.009460
-0.013245
-0.009460
-0.013245
0.002747
-0.016113
0.002747
-0.016113
-0.016113
0.002319
-0.016113
0.002319
-0.013000
-0.009766
-0.013000
-0.009766
-0.008423
-0.013855
-0.008423
-0.013855
0.003967
-0.015808
0.003967
-0.015808
-0.005615
-0.015076
-0.005615
-0.015076
0.006775
-0.014648
0.006775
-0.014648
0.011780
-0.010803
0.011780
-0.010803
0.016174
0.000549
0.016174
0.000549
-0.015930
0.001709
-0.015930
0.001709
-0.012451
-0.010071
-0.012451
-0.010071
-0.007690
-0.014038
-0.007690
-0.014038
0.004517
-0.015381
0.004517
-0.015381
-0.005066
-0.015076
-0.005066
-0.015076
0.007202
-0.014221
0.007202
-0.014221
0.012024
-0.010315
0.012024
-0.010315
0.015930
0.001099
0.015930
0.001099
-0.003357
-0.015381
-0.003357
-0.015381
0.008545
-0.013306
0.008545
-0.013306
0.012878
-0.008972
0.012878
-0.008972
0.015503
0.002747
0.015503
0.002747
0.014282
-0.006042
0.014282
-0.006042
0.014526
0.005798
0.014526
0.005798
0.011169
0.010864
0.011169
0.010864
0.000244
0.015503
0.000244
0.015503
0.015503
0.000183
0.015503
0.000183
0.010986
0.011047
0.010986
0.011047
0.005859
0.014343
0.005859
0.014343
-0.005920
0.014282
-0.005920
0.014282
0.002747
0.015442
0.002747
0.015442
-0.008850
0.012878
-0.008850
0.012878
-0.013184
0.008484
-0.013184
0.008484
-0.015320
-0.003418
-0.015320
-0.003418
0.001099
0.015930
0.001099
0.015930
-0.010315
0.012024
-0.010315
0.012024
-0.014221
0.007202
-0.014221
0.007202
-0.015076
-0.005066
-0.015076
-0.005066
-0.015442
0.004517
-0.015442
0.004517
-0.014038
-0.007751
-0.014038
-0.007751
-0.010193
-0.012390
-0.010193
-0.012390
0.001648
-0.015991
0.001648
-0.015991
0.000732
0.016113
0.000732
0.016113
-0.010803
0.011841
-0.010803
0.011841
-0.014648
0.006897
-0.014648
0.006897
-0.015076
-0.005493
-0.015076
-0.005493
-0.015686
0.003967
-0.015686
0.003967
-0.013855
-0.008301
-0.013855
-0.008301
-0.009766
-0.013000
-0.009766
-0.013000
0.002319
-0.016113
0.002319
-0.016113
-0.016113
0.002747
-0.016113
0.002747
-0.013245
-0.009460
-0.013245
-0.009460
-0.008606
-0.013672
-0.008606
-0.013672
0.003662
-0.015747
0.003662
-0.015747
-0.005737
-0.014893
-0.005737
-0.014893
0.006653
-0.014709
0.006653
-0.014709
0.011719
-0.011047
0.011719
-0.011047
0.016174
0.000427
0.016174
0.000427
0.000427
0.016174
0.000427
0.016174
-0.011047
0.011719
-0.011047
0.011719
-0.014771
0.006714
-0.014771
0.006714
-0.015076
-0.005798
-0.015076
-0.005798
-0.015869
0.003784
-0.015869
0.003784
-0.013733
-0.008606
-0.013733
-0.008606
-0.009583
-0.013245
-0.009583
-0.013245
0.002625
-0.016113
0.002625
-0.016113
-0.016113
0.002319
-0.016113
0.002319
-0.013000
-0.009766
-0.013000
-0.009766
-0.008423
-0.013855
-0.008423
-0.013855
0.003967
-0.015808
0.003967
-0.015808
-0.005615
-0.015076
-0.005615
-0.015076
0.006775
-0.014648
0.006775
-0.014648
0.011780
-0.010803
0.011780
-0.010803
0.016174
0.000549
0.016174
0.000549
-0.015930
0.001709
-0.015930
0.001709
-0.012390
-0.010132
-0.012390
-0.010132
-0.007812
-0.014038
-0.007812
-0.014038
0.004456
-0.015381
0.004456
-0.015381
-0.005066
-0.015076
-0.005066
-0.015076
0.007080
-0.014282
0.007080
-0.014282
0.012024
-0.010376
0.012024
-0.010376
0.015869
0.001038
0.015869
0.001038
-0.003418
-0.015320
-0.003418
-0.015320
0.008484
-0.013184
0.008484
-0.013184
0.012878
-0.008850
0.012878
-0.008850
0.015442
0.002747
0.015442
0.002747
0.014282
-0.005920
0.014282
-0.005920
0.014343
0.005859
0.014343
0.005859
0.011047
0.010986
0.011047
0.010986
0.000183
0.015503
0.000183
0.015503
0.000427
0.016052
0.000427
0.016052
-0.010986
0.011597
-0.010986
0.011597
-0.014648
0.006592
-0.014648
0.006592
-0.014893
-0.005798
-0.014893
-0.005798
-0.015808
0.003784
-0.015808
0.003784
-0.013733
-0.008545
-0.013733
-0.008545
-0.009460
-0.013123
-0.009460
-0.013123
0.002625
-0.016052
0.002625
-0.016052
-0.016113
0.002319
-0.016113
0.002319
-0.012878
-0.009766
-0.012878
-0.009766
-0.008301
-0.013855
-0.008301
-0.013855
0.003967
-0.015686
0.003967
-0.015686
-0.005615
-0.014954
-0.005615
-0.014954
0.006775
-0.014587
0.006775
-0.014587
0.011780
-0.010803
0.011780
-0.010803
0.016052
0.000610
0.016052
0.000610
-0.015930
0.001709
-0.015930
0.001709
-0.012451
-0.010071
-0.012451
-0.010071
-0.007812
-0.014038
-0.007812
-0.014038
0.004456
-0.015381
0.004456
-0.015381
-0.005066
-0.015076
-0.005066
-0.015076
0.007141
-0.014282
0.007141
-0.014282
0.011963
-0.010193
0.011963
-0.010193
0.015869
0.001099
0.015869
0.001099
-0.003418
-0.015198
-0.003418
-0.015198
0.008484
-0.013184
0.008484
-0.013184
0.012817
-0.008972
0.012817
-0.008972
0.015442
0.002686
0.015442
0.002686
0.014221
-0.005920
0.014221
-0.005920
0.014282
0.005798
0.014282
0.005798
0.011047
0.010864
0.011047
0.010864
0.000183
0.015442
0.000183
0.015442
-0.015808
0.001404
-0.015808
0.001404
-0.012085
-0.010254
-0.012085
-0.010254
-0.007324
-0.014099
-0.007324
-0.014099
0.004883
-0.015198
0.004883
-0.015198
-0.004578
-0.015198
-0.004578
-0.015198
0.007568
-0.013977
0.007568
-0.013977
0.012207
-0.010071
0.012207
-0.010071
0.015808
0.001587
0.015808
0.001587
-0.002991
-0.015259
-0.002991
-0.015259
0.008789
-0.012939
0.008789
-0.012939
0.012878
-0.008423
0.012878
-0.008423
0.015259
0.003052
0.015259
0.003052
0.014221
-0.005493
0.014221
-0.005493
0.014099
0.006104
0.014099
0.006104
0.010620
0.011047
0.010620
0.011047
-0.000244
0.015320
-0.000244
0.015320
-0.001953
-0.015198
-0.001953
-0.015198
0.009399
-0.012146
0.009399
-0.012146
0.013306
-0.007629
0.013306
-0.007629
0.014832
0.003967
0.014832
0.003967
0.014404
-0.004822
0.014404
-0.004822
0.013672
0.006775
0.013672
0.006775
0.010010
0.011597
0.010010
0.011597
-0.001099
0.015137
-0.001099
0.015137
0.014709
-0.003113
0.014709
-0.003113
0.012756
0.008179
0.012756
0.008179
0.008606
0.012512
0.008606
0.012512
-0.002686
0.014954
-0.002686
0.014954
0.005859
0.014099
0.005859
0.014099
-0.005859
0.014099
-0.005859
0.014099
-0.010925
0.010864
-0.010925
0.010864
-0.015381
-0.000061
-0.015381
-0.000061
0.015503
0.000183
0.015503
0.000183
0.010986
0.011047
0.010986
0.011047
0.005859
0.014404
0.005859
0.014404
-0.005920
0.014282
-0.005920
0.014282
0.002747
0.015442
0.002747
0.015442
-0.008850
0.012817
-0.008850
0.012817
-0.013306
0.008545
-0.013306
0.008545
-0.015381
-0.003357
-0.015381
-0.003357
0.001282
0.015991
0.001282
0.015991
-0.010315
0.012207
-0.010315
0.012207
-0.014221
0.007324
-0.014221
0.007324
-0.015198
-0.004944
-0.015198
-0.004944
-0.015381
0.004578
-0.015381
0.004578
-0.014038
-0.007690
-0.014038
-0.007690
-0.010193
-0.012390
-0.010193
-0.012390
0.001648
-0.015991
0.001648
-0.015991
0.000732
0.016113
0.000732
0.016113
-0.010803
0.011841
-0.010803
0.011841
-0.014648
0.006897
-0.014648
0.006897
-0.015076
-0.005493
-0.015076
-0.005493
-0.015686
0.003967
-0.015686
0.003967
-0.013855
-0.008301
-0.013855
-0.008301
-0.009766
-0.013000
-0.009766
-0.013000
0.002319
-0.016113
0.002319
-0.016113
-0.016113
0.002686
-0.016113
0.002686
-0.013184
-0.009521
-0.013184
-0.009521
-0.008606
-0.013733
-0.008606
-0.013733
0.003784
-0.015869
0.003784
-0.015869
-0.005798
-0.014954
-0.005798
-0.014954
0.006592
-0.014771
0.006592
-0.014771
0.011597
-0.011047
0.011597
-0.011047
0.016174
0.000366
0.016174
0.000366
0.000427
0.016174
0.000427
0.016174
-0.011047
0.011719
-0.011047
0.011719
-0.014709
0.006653
-0.014709
0.006653
-0.014893
-0.005737
-0.014893
-0.005737
-0.015869
0.003784
-0.015869
0.003784
-0.013733
-0.008606
-0.013733
-0.008606
-0.009521
-0.013184
-0.009521
-0.013184
0.002686
-0.016113
0.002686
-0.016113
-0.016113
0.002441
-0.016113
0.002441
-0.013000
-0.009644
-0.013000
-0.009644
-0.008423
-0.013794
-0.008423
-0.013794
0.003967
-0.015808
0.003967
-0.015808
-0.005615
-0.014893
-0.005615
-0.014893
0.006714
-0.014526
0.006714
-0.014526
0.011780
-0.010925
0.011780
-0.010925
0.016174
0.000488
0.016174
0.000488
-0.015991
0.001831
-0.015991
0.001831
-0.012573
-0.010071
-0.012573
-0.010071
-0.007812
-0.014038
-0.007812
-0.014038
0.004517
-0.015442
0.004517
-0.015442
-0.005066
-0.015076
-0.005066
-0.015076
0.007080
-0.014282
0.007080
-0.014282
0.012024
-0.010498
0.012024
-0.010498
0.015991
0.001099
0.015991
0.001099
-0.003418
-0.015320
-0.003418
-0.015320
0.008484
-0.013245
0.008484
-0.013245
0.012817
-0.009033
0.012817
-0.009033
0.015442
0.002686
0.015442
0.002686
0.014221
-0.006104
0.014221
-0.006104
0.014526
0.005737
0.014526
0.005737
0.011108
0.010803
0.011108
0.010803
0.000244
0.015442
0.000244
0.015442
0.000305
0.015869
0.000305
0.015869
-0.010925
0.011414
-0.010925
0.011414
-0.014648
0.006470
-0.014648
0.006470
-0.014832
-0.005798
-0.014832
-0.005798
-0.015808
0.003784
-0.015808
0.003784
-0.013733
-0.008545
-0.013733
-0.008545
-0.009460
-0.013062
-0.009460
-0.013062
0.002686
-0.015930
0.002686
-0.015930
-0.015930
0.002441
-0.015930
0.002441
-0.013000
-0.009705
-0.013000
-0.009705
-0.008301
-0.013733
-0.008301
-0.013733
0.003967
-0.015625
0.003967
-0.015625
-0.005615
-0.014893
-0.005615
-0.014893
0.006714
-0.014465
0.006714
-0.014465
0.011719
-0.010803
0.011719
-0.010803
0.016052
0.000549
0.016052
0.000549
-0.015930
0.001709
-0.015930
0.001709
-0.012390
-0.010132
-0.012390
-0.010132
-0.007690
-0.014038
-0.007690
-0.014038
0.004517
-0.015381
0.004517
-0.015381
-0.005066
-0.015076
-0.005066
-0.015076
0.007141
-0.014282
0.007141
-0.014282
0.011963
-0.010193
0.011963
-0.010193
0.015869
0.001099
0.015869
0.001099
-0.003418
-0.015198
-0.003418
-0.015198
0.008423
-0.013123
0.008423
-0.013123
0.012695
-0.008850
0.012695
-0.008850
0.015320
0.002686
0.015320
0.002686
0.014038
-0.005920
0.014038
-0.005920
0.014282
0.005676
0.014282
0.005676
0.010925
0.010742
0.010925
0.010742
0.000244
0.015320
0.000244
0.015320
-0.015686
0.001343
-0.015686
0.001343
-0.011963
-0.010254
-0.011963
-0.010254
-0.007141
-0.014038
-0.007141
-0.014038
0.004944
-0.015076
0.004944
-0.015076
-0.004456
-0.014893
-0.004456
-0.014893
0.007507
-0.013733
0.007507
-0.013733
0.012024
-0.009888
0.012024
-0.009888
0.015564
0.001526
0.015564
0.001526
-0.002991
-0.015198
-0.002991
-0.015198
0.008667
-0.012939
0.008667
-0.012939
0.012817
-0.008423
0.012817
-0.008423
0.015137
0.003052
0.015137
0.003052
0.014099
-0.005676
0.014099
-0.005676
0.014099
0.005981
0.014099
0.005981
0.010681
0.011047
0.010681
0.011047
-0.000183
0.015198
-0.000183
0.015198
-0.002075
-0.015015
-0.002075
-0.015015
0.009277
-0.012146
0.009277
-0.012146
0.013062
-0.007629
0.013062
-0.007629
0.014709
0.003784
0.014709
0.003784
0.014282
-0.004761
0.014282
-0.004761
0.013611
0.006714
0.013611
0.006714
0.009827
0.011475
0.009827
0.011475
-0.001099
0.015015
-0.001099
0.015015
0.014709
-0.003113
0.014709
-0.003113
0.012756
0.008179
0.012756
0.008179
0.008667
0.012329
0.008667
0.012329
-0.002563
0.014771
-0.002563
0.014771
0.005798
0.014038
0.005798
0.014038
-0.005737
0.014038
-0.005737
0.014038
-0.010742
0.010742
-0.010742
0.010742
-0.015137
-0.000061
-0.015137
-0.000061
0.000305
0.015869
0.000305
0.015869
-0.010925
0.011414
-0.010925
0.011414
-0.014648
0.006470
-0.014648
0.006470
-0.014771
-0.005859
-0.014771
-0.005859
-0.015625
0.003479
-0.015625
0.003479
-0.013428
-0.008606
-0.013428
-0.008606
-0.009216
-0.013062
-0.009216
-0.013062
0.002747
-0.015808
0.002747
-0.015808
-0.015930
0.002258
-0.015930
0.002258
-0.012695
-0.009705
-0.012695
-0.009705
-0.008179
-0.013733
-0.008179
-0.013733
0.003967
-0.015564
0.003967
-0.015564
-0.005432
-0.014893
-0.005432
-0.014893
0.006775
-0.014404
0.006775
-0.014404
0.011780
-0.010681
0.011780
-0.010681
0.015991
0.000732
0.015991
0.000732
-0.015808
0.001648
-0.015808
0.001648
-0.012268
-0.010010
-0.012268
-0.010010
-0.007568
-0.013916
-0.007568
-0.013916
0.004517
-0.015198
0.004517
-0.015198
-0.004883
-0.014893
-0.004883
-0.014893
0.007202
-0.014038
0.007202
-0.014038
0.011780
-0.010132
0.011780
-0.010132
0.015625
0.001160
0.015625
0.001160
-0.003296
-0.015198
-0.003296
-0.015198
0.008484
-0.013062
0.008484
-0.013062
0.012695
-0.008606
0.012695
-0.008606
0.015320
0.002808
0.015320
0.002808
0.014099
-0.005859
0.014099
-0.005859
0.014160
0.005798
0.014160
0.005798
0.010803
0.010803
0.010803
0.010803
0.000061
0.015320
0.000061
0.015320
-0.015686
0.001282
-0.015686
0.001282
-0.011902
-0.010193
-0.011902
-0.010193
-0.007141
-0.013855
-0.007141
-0.013855
0.004822
-0.014893
0.004822
-0.014893
-0.004333
-0.014893
-0.004333
-0.014893
0.007568
-0.013611
0.007568
-0.013611
0.012085
-0.009644
0.012085
-0.009644
0.015503
0.001709
0.015503
0.001709
-0.002808
-0.015076
-0.002808
-0.015076
0.008728
-0.012634
0.008728
-0.012634
0.012817
-0.008301
0.012817
-0.008301
0.015015
0.003174
0.015015
0.003174
0.014099
-0.005432
0.014099
-0.005432
0.013977
0.006165
0.013977
0.006165
0.010559
0.010925
0.010559
0.010925
-0.000183
0.015198
-0.000183
0.015198
-0.001953
-0.014893
-0.001953
-0.014893
0.009216
-0.011963
0.009216
-0.011963
0.013000
-0.007385
0.013000
-0.007385
0.014587
0.003967
0.014587
0.003967
0.014160
-0.004700
0.014160
-0.004700
0.013428
0.006775
0.013428
0.006775
0.009766
0.011414
0.009766
0.011414
-0.001099
0.014954
-0.001099
0.014954
0.014709
-0.002869
0.014709
-0.002869
0.012512
0.008301
0.012512
0.008301
0.008362
0.012512
0.008362
0.012512
-0.002991
0.014709
-0.002991
0.014709
0.005615
0.014099
0.005615
0.014099
-0.005798
0.013855
-0.005798
0.013855
-0.010925
0.010620
-0.010925
0.010620
-0.015198
-0.000183
-0.015198
-0.000183
-0.015625
0.000916
-0.015625
0.000916
-0.011658
-0.010437
-0.011658
-0.010437
-0.006836
-0.013916
-0.006836
-0.013916
0.005127
-0.014771
0.005127
-0.014771
-0.004150
-0.014771
-0.004150
-0.014771
0.007629
-0.013428
0.007629
-0.013428
0.012085
-0.009460
0.012085
-0.009460
0.015259
0.001892
0.015259
0.001892
-0.002563
-0.014893
-0.002563
-0.014893
0.008789
-0.012451
0.008789
-0.012451
0.012756
-0.008057
0.012756
-0.008057
0.014832
0.003296
0.014832
0.003296
0.014038
-0.005188
0.014038
-0.005188
0.013672
0.006165
0.013672
0.006165
0.010132
0.011047
0.010132
0.011047
-0.000610
0.015015
-0.000610
0.015015
-0.001831
-0.014771
-0.001831
-0.014771
0.009338
-0.011780
0.009338
-0.011780
0.013000
-0.007324
0.013000
-0.007324
0.014465
0.003967
0.014465
0.003967
0.014099
-0.004333
0.014099
-0.004333
0.013062
0.006836
0.013062
0.006836
0.009460
0.011353
0.009460
0.011353
-0.001282
0.014709
-0.001282
0.014709
0.014648
-0.002747
0.014648
-0.002747
0.012390
0.008362
0.012390
0.008362
0.007996
0.012512
0.007996
0.012512
-0.003113
0.014526
-0.003113
0.014526
0.005432
0.013977
0.005432
0.013977
-0.005920
0.013672
-0.005920
0.013672
-0.010803
0.010376
-0.010803
0.010376
-0.014832
-0.000366
-0.014832
-0.000366
-0.001160
-0.014893
-0.001160
-0.014893
0.009827
-0.011414
0.009827
-0.011414
0.013428
-0.006836
0.013428
-0.006836
0.014343
0.004578
0.014343
0.004578
0.014282
-0.003723
0.014282
-0.003723
0.012817
0.007385
0.012817
0.007385
0.008972
0.011780
0.008972
0.011780
-0.001831
0.014587
-0.001831
0.014587
0.014587
-0.002075
0.014587
-0.002075
0.011841
0.008911
0.011841
0.008911
0.007507
0.012817
0.007507
0.012817
-0.003540
0.014282
-0.003540
0.014282
0.004822
0.014282
0.004822
0.014282
-0.006531
0.013428
-0.006531
0.013428
-0.011230
0.010010
-0.011230
0.010010
-0.014954
-0.000916
-0.014954
-0.000916
0.014893
-0.001221
0.014893
-0.001221
0.011475
0.009644
0.011475
0.009644
0.006775
0.013428
0.006775
0.013428
-0.004578
0.014282
-0.004578
0.014282
0.004028
0.014587
0.004028
0.014587
-0.007385
0.013184
-0.007385
0.013184
-0.011902
0.009338
-0.011902
0.009338
-0.014893
-0.001770
-0.014893
-0.001770
0.002625
0.015320
0.002625
0.015320
-0.008850
0.012695
-0.008850
0.012695
-0.013123
0.008423
-0.013123
0.008423
-0.015076
-0.003296
-0.015076
-0.003296
-0.014526
0.005859
-0.014526
0.005859
-0.014221
-0.006165
-0.014221
-0.006165
-0.010925
-0.011108
-0.010925
-0.011108
0.000183
-0.015564
0.000183
-0.015564
0.015442
0.000183
0.015442
0.000183
0.010864
0.011047
0.010864
0.011047
0.005798
0.014282
0.005798
0.014282
-0.005920
0.014221
-0.005920
0.014221
0.002747
0.015442
0.002747
0.015442
-0.008911
0.012817
-0.008911
0.012817
-0.013123
0.008484
-0.013123
0.008484
-0.015198
-0.003296
-0.015198
-0.003296
0.001038
0.015869
0.001038
0.015869
-0.010376
0.012024
-0.010376
0.012024
-0.014282
0.007080
-0.014282
0.007080
-0.015076
-0.005066
-0.015076
-0.005066
-0.015381
0.004517
-0.015381
0.004517
-0.014038
-0.007690
-0.014038
-0.007690
-0.010132
-0.012390
-0.010132
-0.012390
0.001709
-0.015930
0.001709
-0.015930
0.000549
0.016052
0.000549
0.016052
-0.010803
0.011719
-0.010803
0.011719
-0.014465
0.006714
-0.014465
0.006714
-0.014893
-0.005615
-0.014893
-0.005615
-0.015625
0.003967
-0.015625
0.003967
-0.013794
-0.008301
-0.013794
-0.008301
-0.009766
-0.013000
-0.009766
-0.013000
0.002319
-0.016113
0.002319
-0.016113
-0.015930
0.002686
-0.015930
0.002686
-0.013123
-0.009399
-0.013123
-0.009399
-0.008545
-0.013733
-0.008545
-0.013733
0.003784
-0.015808
0.003784
-0.015808
-0.005798
-0.014832
-0.005798
-0.014832
0.006470
-0.014648
0.006470
-0.014648
0.011475
-0.010925
0.011475
-0.010925
0.015869
0.000366
0.015869
0.000366
0.000366
0.015869
0.000366
0.015869
-0.010925
0.011475
-0.010925
0.011475
-0.014648
0.006470
-0.014648
0.006470
-0.014832
-0.005798
-0.014832
-0.005798
-0.015808
0.003784
-0.015808
0.003784
-0.013733
-0.008545
-0.013733
-0.008545
-0.009399
-0.013123
-0.009399
-0.013123
0.002686
-0.015930
0.002686
-0.015930
-0.016113
0.002319
-0.016113
0.002319
-0.013000
-0.009766
-0.013000
-0.009766
-0.008301
-0.013794
-0.008301
-0.013794
0.003967
-0.015625
0.003967
-0.015625
-0.005615
-0.014893
-0.005615
-0.014893
0.006714
-0.014465
0.006714
-0.014465
0.011719
-0.010803
0.011719
-0.010803
0.016052
0.000549
0.016052
0.000549
-0.015930
0.001709
-0.015930
0.001709
-0.012451
-0.010071
-0.012451
-0.010071
-0.007812
-0.014038
-0.007812
-0.014038
0.004456
-0.015381
0.004456
-0.015381
-0.005066
-0.015076
-0.005066
-0.015076
0.007141
-0.014282
0.007141
-0.014282
0.011963
-0.010193
0.011963
-0.010193
0.015869
0.001099
0.015869
0.001099
-0.003418
-0.015320
-0.003418
-0.015320
0.008484
-0.013245
0.008484
-0.013245
0.012817
-0.008972
0.012817
-0.008972
0.015442
0.002686
0.015442
0.002686
0.014282
-0.006042
0.014282
-0.006042
0.014465
0.005737
0.014465
0.005737
0.011047
0.010864
0.011047
0.010864
0.000183
0.015442
0.000183
0.015442
0.000305
0.015869
0.000305
0.015869
-0.010925
0.011414
-0.010925
0.011414
-0.014526
0.006531
-0.014526
0.006531
-0.014771
-0.005676
-0.014771
-0.005676
-0.015747
0.003601
-0.015747
0.003601
-0.013611
-0.008606
-0.013611
-0.008606
-0.009338
-0.013000
-0.009338
-0.013000
0.002686
-0.015869
0.002686
-0.015869
-0.015991
0.002380
-0.015991
0.002380
-0.012939
-0.009644
-0.012939
-0.009644
-0.008301
-0.013794
-0.008301
-0.013794
0.003967
-0.015625
0.003967
-0.015625
-0.005554
-0.014893
-0.005554
-0.014893
0.006775
-0.014465
0.006775
-0.014465
0.011597
-0.010742
0.011597
-0.010742
0.015869
0.000549
0.015869
0.000549
-0.015930
0.001709
-0.015930
0.001709
-0.012390
-0.010132
-0.012390
-0.010132
-0.007690
-0.014038
-0.007690
-0.014038
0.004517
-0.015381
0.004517
-0.015381
-0.005066
-0.015076
-0.005066
-0.015076
0.007141
-0.014282
0.007141
-0.014282
0.011963
-0.010193
0.011963
-0.010193
0.015869
0.001099
0.015869
0.001099
-0.003296
-0.015198
-0.003296
-0.015198
0.008423
-0.013123
0.008423
-0.013123
0.012817
-0.008850
0.012817
-0.008850
0.015320
0.002686
0.015320
0.002686
0.014099
-0.005859
0.014099
-0.005859
0.014160
0.005798
0.014160
0.005798
0.010864
0.010803
0.010864
0.010803
0.000122
0.015320
0.000122
0.015320
-0.015808
0.001343
-0.015808
0.001343
-0.011902
-0.010315
-0.011902
-0.010315
-0.007263
-0.014099
-0.007263
-0.014099
0.005005
-0.015198
0.005005
-0.015198
-0.004333
-0.014832
-0.004333
-0.014832
0.007507
-0.013611
0.007507
-0.013611
0.012024
-0.009766
0.012024
-0.009766
0.015442
0.001587
0.015442
0.001587
-0.002991
-0.015137
-0.002991
-0.015137
0.008667
-0.012817
0.008667
-0.012817
0.012817
-0.008423
0.012817
-0.008423
0.015076
0.003052
0.015076
0.003052
0.014099
-0.005615
0.014099
-0.005615
0.014038
0.005981
0.014038
0.005981
0.010620
0.010864
0.010620
0.010864
-0.000183
0.015198
-0.000183
0.015198
-0.001953
-0.015015
-0.001953
-0.015015
0.009277
-0.012085
0.009277
-0.012085
0.013062
-0.007385
0.013062
-0.007385
0.014709
0.003906
0.014709
0.003906
0.014282
-0.004700
0.014282
-0.004700
0.013550
0.006714
0.013550
0.006714
0.009827
0.011475
0.009827
0.011475
-0.001099
0.015015
-0.001099
0.015015
0.014771
-0.003113
0.014771
-0.003113
0.012695
0.008240
0.012695
0.008240
0.008545
0.012512
0.008545
0.012512
-0.002808
0.014771
-0.002808
0.014771
0.005798
0.014099
0.005798
0.014099
-0.005798
0.013977
-0.005798
0.013977
-0.010803
0.010742
-0.010803
0.010742
-0.015198
0.000000
-0.015198
0.000000
0.000244
0.015869
0.000244
0.015869
-0.010925
0.011353
-0.010925
0.011353
-0.014648
0.006287
-0.014648
0.006287
-0.014771
-0.005859
-0.014771
-0.005859
-0.015625
0.003479
-0.015625
0.003479
-0.013489
-0.008606
-0.013489
-0.008606
-0.009155
-0.013000
-0.009155
-0.013000
0.002747
-0.015686
0.002747
-0.015686
-0.015930
0.002258
-0.015930
0.002258
-0.012695
-0.009705
-0.012695
-0.009705
-0.008118
-0.013794
-0.008118
-0.013794
0.004028
-0.015503
0.004028
-0.015503
-0.005493
-0.014893
-0.005493
-0.014893
0.006714
-0.014465
0.006714
-0.014465
0.011719
-0.010620
0.011719
-0.010620
0.015869
0.000732
0.015869
0.000732
-0.015747
0.001709
-0.015747
0.001709
-0.012268
-0.009888
-0.012268
-0.009888
-0.007629
-0.013794
-0.007629
-0.013794
0.004456
-0.015198
0.004456
-0.015198
-0.004883
-0.014771
-0.004883
-0.014771
0.007019
-0.013855
0.007019
-0.013855
0.011780
-0.010071
0.011780
-0.010071
0.015564
0.001221
0.015564
0.001221
-0.003235
-0.015076
-0.003235
-0.015076
0.008423
-0.012878
0.008423
-0.012878
0.012634
-0.008606
0.012634
-0.008606
0.015137
0.002747
0.015137
0.002747
0.014099
-0.005859
0.014099
-0.005859
0.014160
0.005798
0.014160
0.005798
0.010742
0.010864
0.010742
0.010864
0.000061
0.015198
0.000061
0.015198
-0.015503
0.001160
-0.015503
0.001160
-0.011780
-0.010254
-0.011780
-0.010254
-0.007019
-0.013794
-0.007019
-0.013794
0.004822
-0.014771
0.004822
-0.014771
-0.004333
-0.014832
-0.004333
-0.014832
0.007507
-0.013489
0.007507
-0.013489
0.012085
-0.009521
0.012085
-0.009521
0.015381
0.001770
0.015381
0.001770
-0.002686
-0.014893
-0.002686
-0.014893
0.008667
-0.012451
0.008667
-0.012451
0.012634
-0.008240
0.012634
-0.008240
0.014832
0.003052
0.014832
0.003052
0.014099
-0.005493
0.014099
-0.005493
0.013916
0.006104
0.013916
0.006104
0.010437
0.010986
0.010437
0.010986
-0.000305
0.015137
-0.000305
0.015137
-0.001831
-0.014771
-0.001831
-0.014771
0.009216
-0.011780
0.009216
-0.011780
0.012939
-0.007263
0.012939
-0.007263
0.014526
0.003967
0.014526
0.003967
0.014221
-0.004456
0.014221
-0.004456
0.013245
0.006836
0.013245
0.006836
0.009583
0.011353
0.009583
0.011353
-0.001160
0.014832
-0.001160
0.014832
0.014648
-0.002930
0.014648
-0.002930
0.012451
0.008240
0.012451
0.008240
0.008240
0.012451
0.008240
0.012451
-0.002869
0.014648
-0.002869
0.014648
0.005737
0.013977
0.005737
0.013977
-0.005798
0.013916
-0.005798
0.013916
-0.010803
0.010559
-0.010803
0.010559
-0.015076
-0.000122
-0.015076
-0.000122
-0.015503
0.000977
-0.015503
0.000977
-0.011536
-0.010254
-0.011536
-0.010254
-0.006836
-0.013794
-0.006836
-0.013794
0.005066
-0.014587
0.005066
-0.014587
-0.004089
-0.014709
-0.004089
-0.014709
0.007507
-0.013306
0.007507
-0.013306
0.011963
-0.009216
0.011963
-0.009216
0.015137
0.001892
0.015137
0.001892
-0.002502
-0.014771
-0.002502
-0.014771
0.008667
-0.012268
0.008667
-0.012268
0.012634
-0.007935
0.012634
-0.007935
0.014648
0.003296
0.014648
0.003296
0.013977
-0.005188
0.013977
-0.005188
0.013550
0.006165
0.013550
0.006165
0.010071
0.011047
0.010071
0.011047
-0.000671
0.014832
-0.000671
0.014832
-0.001831
-0.014771
-0.001831
-0.014771
0.009338
-0.011780
0.009338
-0.011780
0.013000
-0.007324
0.013000
-0.007324
0.014465
0.003967
0.014465
0.003967
0.014099
-0.004456
0.014099
-0.004456
0.013184
0.006836
0.013184
0.006836
0.009460
0.011414
0.009460
0.011414
-0.001343
0.014709
-0.001343
0.014709
0.014465
-0.002686
0.014465
-0.002686
0.012207
0.008301
0.012207
0.008301
0.008057
0.012451
0.008057
0.012451
-0.002991
0.014404
-0.002991
0.014404
0.005432
0.013916
0.005432
0.013916
-0.005920
0.013672
-0.005920
0.013672
-0.010803
0.010437
-0.010803
0.010437
-0.014771
-0.000305
-0.014771
-0.000305
-0.001099
-0.014954
-0.001099
-0.014954
0.009827
-0.011414
0.009827
-0.011414
0.013367
-0.006653
0.013367
-0.006653
0.014282
0.004761
0.014282
0.004761
0.014404
-0.003601
0.014404
-0.003601
0.012817
0.007629
0.012817
0.007629
0.008972
0.011902
0.008972
0.011902
-0.001953
0.014771
-0.001953
0.014771
0.014526
-0.002075
0.014526
-0.002075
0.011841
0.008789
0.011841
0.008789
0.007507
0.012817
0.007507
0.012817
-0.003540
0.014282
-0.003540
0.014282
0.004761
0.014160
0.004761
0.014160
-0.006531
0.013367
-0.006531
0.013367
-0.011292
0.009949
-0.011292
0.009949
-0.014832
-0.000977
-0.014832
-0.000977
0.014832
-0.001282
0.014832
-0.001282
0.011475
0.009521
0.011475
0.009521
0.006836
0.013306
0.006836
0.013306
-0.004517
0.014221
-0.004517
0.014221
0.004028
0.014587
0.004028
0.014587
-0.007385
0.013184
-0.007385
0.013184
-0.011902
0.009277
-0.011902
0.009277
-0.014893
-0.001770
-0.014893
-0.001770
0.002502
0.015259
0.002502
0.015259
-0.008850
0.012512
-0.008850
0.012512
-0.013000
0.008301
-0.013000
0.008301
-0.015015
-0.003418
-0.015015
-0.003418
-0.014343
0.005737
-0.014343
0.005737
-0.014099
-0.006104
-0.014099
-0.006104
-0.010864
-0.010986
-0.010864
-0.010986
0.000244
-0.015503
0.000244
-0.015503
0.000244
0.015747
0.000244
0.015747
-0.010925
0.011230
-0.010925
0.011230
-0.014526
0.006226
-0.014526
0.006226
-0.014648
-0.005798
-0.014648
-0.005798
-0.015503
0.003479
-0.015503
0.003479
-0.013428
-0.008606
-0.013428
-0.008606
-0.009094
-0.013000
-0.009094
-0.013000
0.002747
-0.015625
0.002747
-0.015625
-0.015808
0.002197
-0.015808
0.002197
-0.012573
-0.009705
-0.012573
-0.009705
-0.007996
-0.013733
-0.007996
-0.013733
0.004089
-0.015381
0.004089
-0.015381
-0.005310
-0.014771
-0.005310
-0.014771
0.006775
-0.014282
0.006775
-0.014282
0.011719
-0.010498
0.011719
-0.010498
0.015808
0.000854
0.015808
0.000854
-0.015564
0.001648
-0.015564
0.001648
-0.012146
-0.009888
-0.012146
-0.009888
-0.007568
-0.013794
-0.007568
-0.013794
0.004517
-0.015137
0.004517
-0.015137
-0.004761
-0.014832
-0.004761
-0.014832
0.007263
-0.013916
0.007263
-0.013916
0.011902
-0.010071
0.011902
-0.010071
0.015564
0.001221
0.015564
0.001221
-0.003296
-0.014954
-0.003296
-0.014954
0.008362
-0.012939
0.008362
-0.012939
0.012634
-0.008606
0.012634
-0.008606
0.015137
0.002747
0.015137
0.002747
0.013916
-0.005737
0.013916
-0.005737
0.014038
0.005737
0.014038
0.005737
0.010620
0.010742
0.010620
0.010742
0.000000
0.015137
0.000000
0.015137
-0.015625
0.001160
-0.015625
0.001160
-0.011780
-0.010254
-0.011780
-0.010254
-0.007019
-0.013855
-0.007019
-0.013855
0.004883
-0.014832
0.004883
-0.014832
-0.004150
-0.014771
-0.004150
-0.014771
0.007629
-0.013428
0.007629
-0.013428
0.012085
-0.009460
0.012085
-0.009460
0.015259
0.001892
0.015259
0.001892
-0.002625
-0.014893
-0.002625
-0.014893
0.008789
-0.012451
0.008789
-0.012451
0.012634
-0.007996
0.012634
-0.007996
0.014709
0.003296
0.014709
0.003296
0.014099
-0.005249
0.014099
-0.005249
0.013672
0.006165
0.013672
0.006165
0.010254
0.011047
0.010254
0.011047
-0.000488
0.015015
-0.000488
0.015015
-0.001831
-0.014771
-0.001831
-0.014771
0.009277
-0.011841
0.009277
-0.011841
0.013000
-0.007324
0.013000
-0.007324
0.014465
0.003967
0.014465
0.003967
0.014038
-0.004456
0.014038
-0.004456
0.013123
0.006775
0.013123
0.006775
0.009521
0.011292
0.009521
0.011292
-0.001221
0.014709
-0.001221
0.014709
0.014587
-0.002747
0.014587
-0.002747
0.012329
0.008301
0.012329
0.008301
0.008057
0.012451
0.008057
0.012451
-0.002991
0.014526
-0.002991
0.014526
0.005493
0.013977
0.005493
0.013977
-0.005920
0.013733
-0.005920
0.013733
-0.010742
0.010437
-0.010742
0.010437
-0.014832
-0.000305
-0.014832
-0.000305
-0.015503
0.000793
-0.015503
0.000793
-0.011536
-0.010376
-0.011536
-0.010376
-0.006653
-0.013855
-0.006653
-0.013855
0.005127
-0.014526
0.005127
-0.014526
-0.003845
-0.014709
-0.003845
-0.014709
0.007751
-0.013123
0.007751
-0.013123
0.012085
-0.009155
0.012085
-0.009155
0.015137
0.002014
0.015137
0.002014
-0.002380
-0.014771
-0.002380
-0.014771
0.008850
-0.012146
0.008850
-0.012146
0.012756
-0.007812
0.012756
-0.007812
0.014587
0.003479
0.014587
0.003479
0.013977
-0.005066
0.013977
-0.005066
0.013489
0.006287
0.013489
0.006287
0.010010
0.011169
0.010010
0.011169
-0.000732
0.014954
-0.000732
0.014954
-0.001587
-0.014771
-0.001587
-0.014771
0.009521
-0.011658
0.009521
-0.011658
0.013062
-0.007141
0.013062
-0.007141
0.014343
0.004150
0.014343
0.004150
0.014099
-0.004272
0.014099
-0.004272
0.013000
0.006958
0.013000
0.006958
0.009399
0.011414
0.009399
0.011414
-0.001343
0.014709
-0.001343
0.014709
0.014404
-0.002625
0.014404
-0.002625
0.012085
0.008362
0.012085
0.008362
0.007935
0.012390
0.007935
0.012390
-0.002991
0.014343
-0.002991
0.014343
0.005432
0.013794
0.005432
0.013794
-0.005920
0.013550
-0.005920
0.013550
-0.010803
0.010315
-0.010803
0.010315
-0.014771
-0.000427
-0.014771
-0.000427
-0.001038
-0.014771
-0.001038
-0.014771
0.009766
-0.011230
0.009766
-0.011230
0.013184
-0.006531
0.013184
-0.006531
0.014038
0.004700
0.014038
0.004700
0.014343
-0.003662
0.014343
-0.003662
0.012817
0.007507
0.012817
0.007507
0.008789
0.011841
0.008789
0.011841
-0.002075
0.014526
-0.002075
0.014526
0.014465
-0.002075
0.014465
-0.002075
0.011780
0.008789
0.011780
0.008789
0.007507
0.012756
0.007507
0.012756
-0.003601
0.014282
-0.003601
0.014282
0.004822
0.014099
0.004822
0.014099
-0.006531
0.013245
-0.006531
0.013245
-0.011353
0.009827
-0.011353
0.009827
-0.014832
-0.001038
-0.014832
-0.001038
0.014832
-0.001282
0.014832
-0.001282
0.011475
0.009521
0.011475
0.009521
0.006775
0.013184
0.006775
0.013184
-0.004456
0.014099
-0.004456
0.014099
0.003967
0.014465
0.003967
0.014465
-0.007324
0.013000
-0.007324
0.013000
-0.011780
0.009216
-0.011780
0.009216
-0.014771
-0.001831
-0.014771
-0.001831
0.002502
0.015076
0.002502
0.015076
-0.008850
0.012329
-0.008850
0.012329
-0.013000
0.008057
-0.013000
0.008057
-0.014771
-0.003479
-0.014771
-0.003479
-0.014343
0.005676
-0.014343
0.005676
-0.014038
-0.006226
-0.014038
-0.006226
-0.010620
-0.011108
-0.010620
-0.011108
0.000427
-0.015381
0.000427
-0.015381
-0.015564
0.000549
-0.015564
0.000549
-0.011353
-0.010620
-0.011353
-0.010620
-0.006470
-0.013916
-0.006470
-0.013916
0.005310
-0.014465
0.005310
-0.014465
-0.003784
-0.014771
-0.003784
-0.014771
0.007874
-0.013123
0.007874
-0.013123
0.012207
-0.009033
0.012207
-0.009033
0.015076
0.002319
0.015076
0.002319
-0.002197
-0.015015
-0.002197
-0.015015
0.009155
-0.012146
0.009155
-0.012146
0.012939
-0.007690
0.012939
-0.007690
0.014709
0.003662
0.014709
0.003662
0.014099
-0.004761
0.014099
-0.004761
0.013428
0.006653
0.013428
0.006653
0.009827
0.011292
0.009827
0.011292
-0.000977
0.014832
-0.000977
0.014832
-0.001343
-0.014832
-0.001343
-0.014832
0.009644
-0.011475
0.009644
-0.011475
0.013062
-0.006897
0.013062
-0.006897
0.014160
0.004395
0.014160
0.004395
0.014038
-0.004028
0.014038
-0.004028
0.012939
0.007019
0.012939
0.007019
0.009094
0.011536
0.009094
0.011536
-0.001648
0.014587
-0.001648
0.014587
0.014648
-0.002380
0.014648
-0.002380
0.012085
0.008545
0.012085
0.008545
0.007751
0.012512
0.007751
0.012512
-0.003296
0.014404
-0.003296
0.014404
0.005127
0.013977
0.005127
0.013977
-0.006226
0.013428
-0.006226
0.013428
-0.010925
0.010132
-0.010925
0.010132
-0.014832
-0.000671
-0.014832
-0.000671
-0.000671
-0.014832
-0.000671
-0.014832
0.010071
-0.011047
0.010071
-0.011047
0.013550
-0.006287
0.013550
-0.006287
0.013977
0.005066
0.013977
0.005066
0.014343
-0.003174
0.014343
-0.003174
0.012573
0.007751
0.012573
0.007751
0.008545
0.012024
0.008545
0.012024
-0.002380
0.014587
-0.002380
0.014587
0.014587
-0.001648
0.014587
-0.001648
0.011536
0.009094
0.011536
0.009094
0.007019
0.013000
0.007019
0.013000
-0.004089
0.014099
-0.004089
0.014099
0.004395
0.014160
0.004395
0.014160
-0.006897
0.013062
-0.006897
0.013062
-0.011414
0.009583
-0.011414
0.009583
-0.014832
-0.001343
-0.014832
-0.001343
0.014832
-0.000854
0.014832
-0.000854
0.011230
0.009827
0.011230
0.009827
0.006592
0.013489
0.006592
0.013489
-0.004761
0.014099
-0.004761
0.014099
0.003662
0.014648
0.003662
0.014648
-0.007690
0.012878
-0.007690
0.012878
-0.012146
0.009094
-0.012146
0.009094
-0.014832
-0.002197
-0.014832
-0.002197
0.002441
0.015198
0.002441
0.015198
-0.009033
0.012329
-0.009033
0.012329
-0.013123
0.007996
-0.013123
0.007996
-0.014832
-0.003662
-0.014832
-0.003662
-0.014587
0.005432
-0.014587
0.005432
-0.014038
-0.006531
-0.014038
-0.006531
-0.010620
-0.011230
-0.010620
-0.011230
0.000549
-0.015503
0.000549
-0.015503
-0.000488
-0.014893
-0.000488
-0.014893
0.010254
-0.010925
0.010254
-0.010925
0.013489
-0.006226
0.013489
-0.006226
0.013977
0.005127
0.013977
0.005127
0.014404
-0.003296
0.014404
-0.003296
0.012634
0.007812
0.012634
0.007812
0.008545
0.012207
0.008545
0.012207
-0.002441
0.014709
-0.002441
0.014709
0.014709
-0.001465
0.014709
-0.001465
0.011475
0.009277
0.011475
0.009277
0.007019
0.012939
0.007019
0.012939
-0.004150
0.014099
-0.004150
0.014099
0.004211
0.014404
0.004211
0.014404
-0.007080
0.013062
-0.007080
0.013062
-0.011597
0.009583
-0.011597
0.009583
-0.014893
-0.001465
-0.014893
-0.001465
0.015015
-0.000732
0.015015
-0.000732
0.011169
0.010010
0.011169
0.010010
0.006348
0.013611
0.006348
0.013611
-0.005066
0.014099
-0.005066
0.014099
0.003540
0.014709
0.003540
0.014709
-0.007812
0.012878
-0.007812
0.012878
-0.012268
0.008972
-0.012268
0.008972
-0.014893
-0.002380
-0.014893
-0.002380
0.002136
0.015259
0.002136
0.015259
-0.009277
0.012268
-0.009277
0.012268
-0.013306
0.007935
-0.013306
0.007935
-0.014893
-0.003845
-0.014893
-0.003845
-0.014709
0.005249
-0.014709
0.005249
-0.014038
-0.006653
-0.014038
-0.006653
-0.010437
-0.011475
-0.010437
-0.011475
0.000793
-0.015503
0.000793
-0.015503
0.015198
-0.000183
0.015198
-0.000183
0.010925
0.010559
0.010925
0.010559
0.006165
0.013977
0.006165
0.013977
-0.005432
0.014099
-0.005432
0.014099
0.003052
0.015015
0.003052
0.015015
-0.008301
0.012756
-0.008301
0.012756
-0.012573
0.008667
-0.012573
0.008667
-0.014893
-0.002869
-0.014893
-0.002869
0.001587
0.015381
0.001587
0.015381
-0.009705
0.011963
-0.009705
0.011963
-0.013611
0.007507
-0.013611
0.007507
-0.014832
-0.004333
-0.014832
-0.004333
-0.014954
0.004883
-0.014954
0.004883
-0.013916
-0.007080
-0.013916
-0.007080
-0.010254
-0.011963
-0.010254
-0.011963
0.001343
-0.015686
0.001343
-0.015686
0.001099
0.015625
0.001099
0.015625
-0.010254
0.011780
-0.010254
0.011780
-0.014099
0.007019
-0.014099
0.007019
-0.014832
-0.005066
-0.014832
-0.005066
-0.015198
0.004395
-0.015198
0.004395
-0.013733
-0.007751
-0.013733
-0.007751
-0.009766
-0.012390
-0.009766
-0.012390
0.001831
-0.015686
0.001831
-0.015686
-0.015625
0.003052
-0.015625
0.003052
-0.013062
-0.008850
-0.013062
-0.008850
-0.008850
-0.013123
-0.008850
-0.013123
0.003113
-0.015564
0.003113
-0.015564
-0.006104
-0.014343
-0.006104
-0.014343
0.005920
-0.014526
0.005920
-0.014526
0.010925
-0.011230
0.010925
-0.011230
0.015686
-0.000244
0.015686
-0.000244
0.015320
0.000305
0.015320
0.000305
0.010742
0.010986
0.010742
0.010986
0.005554
0.014282
0.005554
0.014282
-0.006042
0.014038
-0.006042
0.014038
0.002625
0.015320
0.002625
0.015320
-0.008850
0.012634
-0.008850
0.012634
-0.013123
0.008362
-0.013123
0.008362
-0.015137
-0.003479
-0.015137
-0.003479
0.000977
0.015808
0.000977
0.015808
-0.010315
0.011902
-0.010315
0.011902
-0.014160
0.007019
-0.014160
0.007019
-0.014893
-0.005005
-0.014893
-0.005005
-0.015381
0.004517
-0.015381
0.004517
-0.014038
-0.007690
-0.014038
-0.007690
-0.010132
-0.012390
-0.010132
-0.012390
0.001709
-0.015930
0.001709
-0.015930
0.000549
0.015991
0.000549
0.015991
-0.010803
0.011658
-0.010803
0.011658
-0.014465
0.006775
-0.014465
0.006775
-0.014893
-0.005554
-0.014893
-0.005554
-0.015625
0.003967
-0.015625
0.003967
-0.013733
-0.008301
-0.013733
-0.008301
-0.009583
-0.013000
-0.009583
-0.013000
0.002502
-0.016052
0.002502
-0.016052
-0.015869
0.002625
-0.015869
0.002625
-0.013000
-0.009399
-0.013000
-0.009399
-0.008484
-0.013733
-0.008484
-0.013733
0.003784
-0.015625
0.003784
-0.015625
-0.005615
-0.014771
-0.005615
-0.014771
0.006592
-0.014526
0.006592
-0.014526
0.011475
-0.010925
0.011475
-0.010925
0.015869
0.000427
0.015869
0.000427
0.000366
0.015869
0.000366
0.015869
-0.010925
0.011475
-0.010925
0.011475
-0.014648
0.006470
-0.014648
0.006470
-0.014832
-0.005798
-0.014832
-0.005798
-0.015808
0.003784
-0.015808
0.003784
-0.013733
-0.008545
-0.013733
-0.008545
-0.009399
-0.013123
-0.009399
-0.013123
0.002686
-0.015930
0.002686
-0.015930
-0.016113
0.002319
-0.016113
0.002319
-0.013000
-0.009766
-0.013000
-0.009766
-0.008301
-0.013794
-0.008301
-0.013794
0.003967
-0.015625
0.003967
-0.015625
-0.005493
-0.014954
-0.005493
-0.014954
0.006775
-0.014526
0.006775
-0.014526
0.011719
-0.010742
0.011719
-0.010742
0.015930
0.000671
0.015930
0.000671
-0.015930
0.001709
-0.015930
0.001709
-0.012390
-0.010132
-0.012390
-0.010132
-0.007690
-0.014038
-0.007690
-0.014038
0.004517
-0.015381
0.004517
-0.015381
-0.005066
-0.015015
-0.005066
-0.015015
0.007080
-0.014160
0.007080
-0.014160
0.011963
-0.010193
0.011963
-0.010193
0.015869
0.001099
0.015869
0.001099
-0.003418
-0.015198
-0.003418
-0.015198
0.008484
-0.013184
0.008484
-0.013184
0.012817
-0.008911
0.012817
-0.008911
0.015381
0.002686
0.015381
0.002686
0.014160
-0.005920
0.014160
-0.005920
0.014282
0.005798
0.014282
0.005798
0.010986
0.010742
0.010986
0.010742
0.000183
0.015320
0.000183
0.015320
0.000305
0.015808
0.000305
0.015808
-0.010925
0.011353
-0.010925
0.011353
-0.014465
0.006287
-0.014465
0.006287
-0.014648
-0.005798
-0.014648
-0.005798
-0.015625
0.003479
-0.015625
0.003479
-0.013428
-0.008606
-0.013428
-0.008606
-0.009277
-0.012939
-0.009277
-0.012939
0.002625
-0.015808
0.002625
-0.015808
-0.015747
0.002258
-0.015747
0.002258
-0.012634
-0.009583
-0.012634
-0.009583
-0.008179
-0.013672
-0.008179
-0.013672
0.003967
-0.015503
0.003967
-0.015503
-0.005493
-0.014954
-0.005493
-0.014954
0.006775
-0.014526
0.006775
-0.014526
0.011597
-0.010681
0.011597
-0.010681
0.015869
0.000610
0.015869
0.000610
-0.015808
0.001648
-0.015808
0.001648
-0.012268
-0.010010
-0.012268
-0.010010
-0.007629
-0.013855
-0.007629
-0.013855
0.004456
-0.015259
0.004456
-0.015259
-0.005005
-0.014954
-0.005005
-0.014954
0.007141
-0.014099
0.007141
-0.014099
0.011902
-0.010193
0.011902
-0.010193
0.015747
0.001160
0.015747
0.001160
-0.003296
-0.015198
-0.003296
-0.015198
0.008423
-0.013123
0.008423
-0.013123
0.012634
-0.008728
0.012634
-0.008728
0.015320
0.002686
0.015320
0.002686
0.014099
-0.005859
0.014099
-0.005859
0.014160
0.005798
0.014160
0.005798
0.010803
0.010742
0.010803
0.010742
0.000122
0.015259
0.000122
0.015259
-0.015625
0.001282
-0.015625
0.001282
-0.011841
-0.010254
-0.011841
-0.010254
-0.007080
-0.013916
-0.007080
-0.013916
0.004883
-0.014954
0.004883
-0.014954
-0.004333
-0.014832
-0.004333
-0.014832
0.007507
-0.013550
0.007507
-0.013550
0.012085
-0.009766
0.012085
-0.009766
0.015564
0.001587
0.015564
0.001587
-0.002869
-0.015076
-0.002869
-0.015076
0.008667
-0.012756
0.008667
-0.012756
0.012878
-0.008423
0.012878
-0.008423
0.015137
0.003113
0.015137
0.003113
0.014099
-0.005493
0.014099
-0.005493
0.013977
0.006104
0.013977
0.006104
0.010559
0.010986
0.010559
0.010986
-0.000183
0.015198
-0.000183
0.015198
-0.001953
-0.014832
-0.001953
-0.014832
0.009216
-0.011902
0.009216
-0.011902
0.012939
-0.007385
0.012939
-0.007385
0.014587
0.003967
0.014587
0.003967
0.014099
-0.004517
0.014099
-0.004517
0.013367
0.006775
0.013367
0.006775
0.009644
0.011475
0.009644
0.011475
-0.001221
0.014893
-0.001221
0.014893
0.014587
-0.003052
0.014587
-0.003052
0.012512
0.008118
0.012512
0.008118
0.008362
0.012451
0.008362
0.012451
-0.002747
0.014648
-0.002747
0.014648
0.005676
0.013977
0.005676
0.013977
-0.005737
0.013794
-0.005737
0.013794
-0.010742
0.010620
-0.010742
0.010620
-0.015015
-0.000061
-0.015015
-0.000061
0.000122
0.015808
0.000122
0.015808
-0.010986
0.011230
-0.010986
0.011230
-0.014465
0.006226
-0.014465
0.006226
-0.014587
-0.005920
-0.014587
-0.005920
-0.015564
0.003357
-0.015564
0.003357
-0.013306
-0.008606
-0.013306
-0.008606
-0.009094
-0.012939
-0.009094
-0.012939
0.002808
-0.015625
0.002808
-0.015625
-0.015808
0.002197
-0.015808
0.002197
-0.012573
-0.009705
-0.012573
-0.009705
-0.007996
-0.013733
-0.007996
-0.013733
0.004089
-0.015381
0.004089
-0.015381
-0.005310
-0.014954
-0.005310
-0.014954
0.006836
-0.014343
0.006836
-0.014343
0.011719
-0.010620
0.011719
-0.010620
0.015869
0.000854
0.015869
0.000854
-0.015747
0.001648
-0.015747
0.001648
-0.012146
-0.010071
-0.012146
-0.010071
-0.007568
-0.013855
-0.007568
-0.013855
0.004517
-0.015198
0.004517
-0.015198
-0.004761
-0.014771
-0.004761
-0.014771
0.007141
-0.013855
0.007141
-0.013855
0.011780
-0.010071
0.011780
-0.010071
0.015503
0.001221
0.015503
0.001221
-0.003113
-0.015137
-0.003113
-0.015137
0.008484
-0.013000
0.008484
-0.013000
0.012817
-0.008606
0.012817
-0.008606
0.015198
0.002869
0.015198
0.002869
0.013977
-0.005737
0.013977
-0.005737
0.013977
0.005737
0.013977
0.005737
0.010559
0.010742
0.010559
0.010742
0.000000
0.015137
0.000000
0.015137
-0.015686
0.001160
-0.015686
0.001160
-0.011780
-0.010376
-0.011780
-0.010376
-0.007080
-0.014038
-0.007080
-0.014038
0.005005
-0.014832
0.005005
-0.014832
-0.004211
-0.014771
-0.004211
-0.014771
0.007507
-0.013489
0.007507
-0.013489
0.012146
-0.009460
0.012146
-0.009460
0.015320
0.001831
0.015320
0.001831
-0.002686
-0.014954
-0.002686
-0.014954
0.008789
-0.012512
0.008789
-0.012512
0.012817
-0.008118
0.012817
-0.008118
0.014954
0.003235
0.014954
0.003235
0.014099
-0.005249
0.014099
-0.005249
0.013794
0.006165
0.013794
0.006165
0.010315
0.011047
0.010315
0.011047
-0.000366
0.015076
-0.000366
0.015076
-0.001831
-0.014771
-0.001831
-0.014771
0.009216
-0.011780
0.009216
-0.011780
0.013000
-0.007324
0.013000
-0.007324
0.014465
0.003967
0.014465
0.003967
0.014099
-0.004456
0.014099
-0.004456
0.013245
0.006836
0.013245
0.006836
0.009521
0.011475
0.009521
0.011475
-0.001282
0.014832
-0.001282
0.014832
0.014587
-0.002747
0.014587
-0.002747
0.012329
0.008301
0.012329
0.008301
0.008057
0.012451
0.008057
0.012451
-0.002991
0.014526
-0.002991
0.014526
0.005493
0.013977
0.005493
0.013977
-0.005920
0.013733
-0.005920
0.013733
-0.010742
0.010437
-0.010742
0.010437
-0.014832
-0.000305
-0.014832
-0.000305
-0.015503
0.000854
-0.015503
0.000854
-0.011475
-0.010376
-0.011475
-0.010376
-0.006653
-0.013855
-0.006653
-0.013855
0.005127
-0.014526
0.005127
-0.014526
-0.003906
-0.014771
-0.003906
-0.014771
0.007751
-0.013184
0.007751
-0.013184
0.012085
-0.009338
0.012085
-0.009338
0.015198
0.002014
0.015198
0.002014
-0.002563
-0.014832
-0.002563
-0.014832
0.008789
-0.012390
0.008789
-0.012390
0.012695
-0.007935
0.012695
-0.007935
0.014709
0.003357
0.014709
0.003357
0.013977
-0.005188
0.013977
-0.005188
0.013550
0.006165
0.013550
0.006165
0.010071
0.011047
0.010071
0.011047
-0.000671
0.014832
-0.000671
0.014832
-0.001648
-0.014709
-0.001648
-0.014709
0.009399
-0.011658
0.009399
-0.011658
0.013000
-0.007202
0.013000
-0.007202
0.014343
0.004089
0.014343
0.004089
0.014160
-0.004333
0.014160
-0.004333
0.013062
0.006958
0.013062
0.006958
0.009399
0.011414
0.009399
0.011414
-0.001343
0.014709
-0.001343
0.014709
0.014648
-0.002502
0.014648
-0.002502
0.012207
0.008545
0.012207
0.008545
0.007935
0.012634
0.007935
0.012634
-0.003113
0.014465
-0.003113
0.014465
0.005310
0.014099
0.005310
0.014099
-0.006104
0.013672
-0.006104
0.013672
-0.010925
0.010437
-0.010925
0.010437
-0.014954
-0.000366
-0.014954
-0.000366
-0.001099
-0.014832
-0.001099
-0.014832
0.009766
-0.011353
0.009766
-0.011353
0.013245
-0.006592
0.013245
-0.006592
0.014099
0.004700
0.014099
0.004700
0.014343
-0.003662
0.014343
-0.003662
0.012817
0.007507
0.012817
0.007507
0.008850
0.011841
0.008850
0.011841
-0.002014
0.014587
-0.002014
0.014587
0.014526
-0.002075
0.014526
-0.002075
0.011841
0.008789
0.011841
0.008789
0.007507
0.012817
0.007507
0.012817
-0.003540
0.014282
-0.003540
0.014282
0.004761
0.014099
0.004761
0.014099
-0.006531
0.013245
-0.006531
0.013245
-0.011230
0.009888
-0.011230
0.009888
-0.014893
-0.001038
-0.014893
-0.001038
0.014832
-0.001282
0.014832
-0.001282
0.011475
0.009521
0.011475
0.009521
0.006775
0.013184
0.006775
0.013184
-0.004456
0.014099
-0.004456
0.014099
0.003967
0.014465
0.003967
0.014465
-0.007324
0.013000
-0.007324
0.013000
-0.011780
0.009216
-0.011780
0.009216
-0.014771
-0.001831
-0.014771
-0.001831
0.002502
0.015015
0.002502
0.015015
-0.008850
0.012329
-0.008850
0.012329
-0.012939
0.008240
-0.012939
0.008240
-0.014771
-0.003418
-0.014771
-0.003418
-0.014343
0.005676
-0.014343
0.005676
-0.014038
-0.006226
-0.014038
-0.006226
-0.010803
-0.010986
-0.010803
-0.010986
0.000244
-0.015381
0.000244
-0.015381
0.000122
0.015808
0.000122
0.015808
-0.010986
0.011230
-0.010986
0.011230
-0.014465
0.006226
-0.014465
0.006226
-0.014587
-0.005920
-0.014587
-0.005920
-0.015503
0.003357
-0.015503
0.003357
-0.013306
-0.008606
-0.013306
-0.008606
-0.009033
-0.012878
-0.009033
-0.012878
0.002808
-0.015503
0.002808
-0.015503
-0.015686
0.002075
-0.015686
0.002075
-0.012451
-0.009705
-0.012451
-0.009705
-0.007996
-0.013672
-0.007996
-0.013672
0.004089
-0.015381
0.004089
-0.015381
-0.005249
-0.014771
-0.005249
-0.014771
0.006775
-0.014282
0.006775
-0.014282
0.011597
-0.010437
0.011597
-0.010437
0.015686
0.000854
0.015686
0.000854
-0.015625
0.001587
-0.015625
0.001587
-0.012024
-0.010010
-0.012024
-0.010010
-0.007324
-0.013672
-0.007324
-0.013672
0.004578
-0.014893
0.004578
-0.014893
-0.004761
-0.014709
-0.004761
-0.014709
0.007202
-0.013733
0.007202
-0.013733
0.011780
-0.009888
0.011780
-0.009888
0.015320
0.001343
0.015320
0.001343
-0.003113
-0.014893
-0.003113
-0.014893
0.008423
-0.012756
0.008423
-0.012756
0.012573
-0.008484
0.012573
-0.008484
0.015015
0.002930
0.015015
0.002930
0.013916
-0.005737
0.013916
-0.005737
0.014038
0.005737
0.014038
0.005737
0.010681
0.010742
0.010681
0.010742
0.000000
0.015076
0.000000
0.015076
-0.015442
0.001099
-0.015442
0.001099
-0.011658
-0.010193
-0.011658
-0.010193
-0.006897
-0.013733
-0.006897
-0.013733
0.005005
-0.014648
0.005005
-0.014648
-0.004150
-0.014771
-0.004150
-0.014771
0.007629
-0.013428
0.007629
-0.013428
0.012024
-0.009338
0.012024
-0.009338
0.015198
0.001892
0.015198
0.001892
-0.002625
-0.014893
-0.002625
-0.014893
0.008728
-0.012390
0.008728
-0.012390
0.012634
-0.008057
0.012634
-0.008057
0.014709
0.003296
0.014709
0.003296
0.014038
-0.005188
0.014038
-0.005188
0.013672
0.006165
0.013672
0.006165
0.010193
0.011047
0.010193
0.011047
-0.000488
0.015015
-0.000488
0.015015
-0.001831
-0.014771
-0.001831
-0.014771
0.009277
-0.011841
0.009277
-0.011841
0.013000
-0.007324
0.013000
-0.007324
0.014465
0.003967
0.014465
0.003967
0.014038
-0.004456
0.014038
-0.004456
0.013123
0.006775
0.013123
0.006775
0.009521
0.011292
0.009521
0.011292
-0.001221
0.014709
-0.001221
0.014709
0.014465
-0.002808
0.014465
-0.002808
0.012329
0.008240
0.012329
0.008240
0.008118
0.012390
0.008118
0.012390
-0.002991
0.014465
-0.002991
0.014465
0.005554
0.013916
0.005554
0.013916
-0.005859
0.013672
-0.005859
0.013672
-0.010742
0.010437
-0.010742
0.010437
-0.014832
-0.000305
-0.014832
-0.000305
-0.015381
0.000793
-0.015381
0.000793
-0.011353
-0.010376
-0.011353
-0.010376
-0.006531
-0.013855
-0.006531
-0.013855
0.005249
-0.014465
0.005249
-0.014465
-0.003906
-0.014587
-0.003906
-0.014587
0.007690
-0.013123
0.007690
-0.013123
0.012085
-0.009155
0.012085
-0.009155
0.015076
0.001953
0.015076
0.001953
-0.002380
-0.014771
-0.002380
-0.014771
0.008789
-0.012207
0.008789
-0.012207
0.012634
-0.007751
0.012634
-0.007751
0.014465
0.003418
0.014465
0.003418
0.013977
-0.005066
0.013977
-0.005066
0.013550
0.006226
0.013550
0.006226
0.010010
0.011047
0.010010
0.011047
-0.000610
0.014771
-0.000610
0.014771
-0.001587
-0.014771
-0.001587
-0.014771
0.009399
-0.011536
0.009399
-0.011536
0.012939
-0.007080
0.012939
-0.007080
0.014282
0.004211
0.014282
0.004211
0.014099
-0.004150
0.014099
-0.004150
0.013000
0.006958
0.013000
0.006958
0.009277
0.011475
0.009277
0.011475
-0.001404
0.014648
-0.001404
0.014648
0.014465
-0.002563
0.014465
-0.002563
0.012146
0.008362
0.012146
0.008362
0.007935
0.012512
0.007935
0.012512
-0.003113
0.014343
-0.003113
0.014343
0.005249
0.013977
0.005249
0.013977
-0.006104
0.013489
-0.006104
0.013489
-0.010925
0.010254
-0.010925
0.010254
-0.014832
-0.000488
-0.014832
-0.000488
-0.000916
-0.014771
-0.000916
-0.014771
0.009888
-0.011108
0.009888
-0.011108
0.013245
-0.006470
0.013245
-0.006470
0.013977
0.004700
0.013977
0.004700
0.014221
-0.003540
0.014221
-0.003540
0.012634
0.007446
0.012634
0.007446
0.008728
0.011780
0.008728
0.011780
-0.002075
0.014404
-0.002075
0.014404
0.014465
-0.001953
0.014465
-0.001953
0.011719
0.008789
0.011719
0.008789
0.007507
0.012756
0.007507
0.012756
-0.003601
0.014282
-0.003601
0.014282
0.004700
0.013977
0.004700
0.013977
-0.006531
0.013123
-0.006531
0.013123
-0.011292
0.009705
-0.011292
0.009705
-0.014771
-0.001099
-0.014771
-0.001099
0.014709
-0.001221
0.014709
-0.001221
0.011353
0.009521
0.011353
0.009521
0.006714
0.013245
0.006714
0.013245
-0.004578
0.014038
-0.004578
0.014038
0.003967
0.014587
0.003967
0.014587
-0.007385
0.012939
-0.007385
0.012939
-0.011902
0.009216
-0.011902
0.009216
-0.014832
-0.001953
-0.014832
-0.001953
0.002441
0.014954
0.002441
0.014954
-0.008850
0.012268
-0.008850
0.012268
-0.012939
0.008057
-0.012939
0.008057
-0.014709
-0.003540
-0.014709
-0.003540
-0.014343
0.005676
-0.014343
0.005676
-0.014038
-0.006226
-0.014038
-0.006226
-0.010803
-0.010986
-0.010803
-0.010986
0.000244
-0.015381
0.000244
-0.015381
-0.015381
0.000366
-0.015381
0.000366
-0.011047
-0.010620
-0.011047
-0.010620
-0.006226
-0.014038
-0.006226
-0.014038
0.005615
-0.014343
0.005615
-0.014343
-0.003601
-0.014771
-0.003601
-0.014771
0.007935
-0.013062
0.007935
-0.013062
0.012329
-0.008850
0.012329
-0.008850
0.015137
0.002380
0.015137
0.002380
-0.002014
-0.014771
-0.002014
-0.014771
0.009155
-0.011963
0.009155
-0.011963
0.012817
-0.007568
0.012817
-0.007568
0.014465
0.003784
0.014465
0.003784
0.014038
-0.004639
0.014038
-0.004639
0.013245
0.006653
0.013245
0.006653
0.009705
0.011292
0.009705
0.011292
-0.000977
0.014771
-0.000977
0.014771
-0.001343
-0.014832
-0.001343
-0.014832
0.009644
-0.011475
0.009644
-0.011475
0.013123
-0.006836
0.013123
-0.006836
0.014282
0.004395
0.014282
0.004395
0.014099
-0.003967
0.014099
-0.003967
0.012878
0.007202
0.012878
0.007202
0.008972
0.011597
0.008972
0.011597
-0.001709
0.014465
-0.001709
0.014465
0.014587
-0.002258
0.014587
-0.002258
0.011902
0.008728
0.011902
0.008728
0.007629
0.012634
0.007629
0.012634
-0.003479
0.014404
-0.003479
0.014404
0.005005
0.014099
0.005005
0.014099
-0.006287
0.013428
-0.006287
0.013428
-0.011047
0.010010
-0.011047
0.010010
-0.014771
-0.000732
-0.014771
-0.000732
-0.000732
-0.014771
-0.000732
-0.014771
0.010010
-0.011047
0.010010
-0.011047
0.013367
-0.006226
0.013367
-0.006226
0.013916
0.005005
0.013916
0.005005
0.014282
-0.003357
0.014282
-0.003357
0.012573
0.007690
0.012573
0.007690
0.008545
0.011902
0.008545
0.011902
-0.002319
0.014404
-0.002319
0.014404
0.014465
-0.001709
0.014465
-0.001709
0.011597
0.008972
0.011597
0.008972
0.007019
0.012817
0.007019
0.012817
-0.004028
0.013977
-0.004028
0.013977
0.004395
0.014099
0.004395
0.014099
-0.006836
0.013000
-0.006836
0.013000
-0.011353
0.009460
-0.011353
0.009460
-0.014709
-0.001343
-0.014709
-0.001343
0.014771
-0.000854
0.014771
-0.000854
0.011230
0.009827
0.011230
0.009827
0.006531
0.013367
0.006531
0.013367
-0.004822
0.013977
-0.004822
0.013977
0.003662
0.014526
0.003662
0.014526
-0.007690
0.012817
-0.007690
0.012817
-0.011963
0.008972
-0.011963
0.008972
-0.014771
-0.002197
-0.014771
-0.002197
0.002197
0.015137
0.002197
0.015137
-0.009094
0.012207
-0.009094
0.012207
-0.013062
0.007935
-0.013062
0.007935
-0.014771
-0.003723
-0.014771
-0.003723
-0.014465
0.005371
-0.014465
0.005371
-0.013977
-0.006470
-0.013977
-0.006470
-0.010498
-0.011230
-0.010498
-0.011230
0.000732
-0.015442
0.000732
-0.015442
-0.000488
-0.014893
-0.000488
-0.014893
0.010254
-0.010925
0.010254
-0.010925
0.013489
-0.006226
0.013489
-0.006226
0.013977
0.005127
0.013977
0.005127
0.014404
-0.003235
0.014404
-0.003235
0.012573
0.007935
0.012573
0.007935
0.008545
0.012207
0.008545
0.012207
-0.002502
0.014648
-0.002502
0.014648
0.014709
-0.001404
0.014709
-0.001404
0.011475
0.009338
0.011475
0.009338
0.007019
0.013000
0.007019
0.013000
-0.004150
0.014160
-0.004150
0.014160
0.004395
0.014282
0.004395
0.014282
-0.006958
0.013123
-0.006958
0.013123
-0.011536
0.009521
-0.011536
0.009521
-0.014832
-0.001404
-0.014832
-0.001404
0.015015
-0.000732
0.015015
-0.000732
0.011169
0.010132
0.011169
0.010132
0.006348
0.013672
0.006348
0.013672
-0.005127
0.014099
-0.005127
0.014099
0.003540
0.014709
0.003540
0.014709
-0.007874
0.012817
-0.007874
0.012817
-0.012268
0.008972
-0.012268
0.008972
-0.014954
-0.002380
-0.014954
-0.002380
0.002075
0.015320
0.002075
0.015320
-0.009216
0.012207
-0.009216
0.012207
-0.013306
0.007935
-0.013306
0.007935
-0.014893
-0.003845
-0.014893
-0.003845
-0.014709
0.005249
-0.014709
0.005249
-0.014038
-0.006653
-0.014038
-0.006653
-0.010437
-0.011536
-0.010437
-0.011536
0.000854
-0.015625
0.000854
-0.015625
0.015198
-0.000183
0.015198
-0.000183
0.010925
0.010559
0.010925
0.010559
0.006165
0.013977
0.006165
0.013977
-0.005432
0.014099
-0.005432
0.014099
0.003052
0.015015
0.003052
0.015015
-0.008301
0.012756
-0.008301
0.012756
-0.012573
0.008667
-0.012573
0.008667
-0.014893
-0.002869
-0.014893
-0.002869
0.001587
0.015381
0.001587
0.015381
-0.009705
0.011963
-0.009705
0.011963
-0.013611
0.007507
-0.013611
0.007507
-0.014832
-0.004333
-0.014832
-0.004333
-0.014954
0.004883
-0.014954
0.004883
-0.013916
-0.007080
-0.013916
-0.007080
-0.010254
-0.011963
-0.010254
-0.011963
0.001343
-0.015686
0.001343
-0.015686
0.001160
0.015625
0.001160
0.015625
-0.010193
0.011780
-0.010193
0.011780
-0.014038
0.007080
-0.014038
0.007080
-0.014893
-0.005005
-0.014893
-0.005005
-0.015137
0.004395
-0.015137
0.004395
-0.013733
-0.007568
-0.013733
-0.007568
-0.009827
-0.012268
-0.009827
-0.012268
0.001831
-0.015625
0.001831
-0.015625
-0.015503
0.002930
-0.015503
0.002930
-0.013000
-0.008972
-0.013000
-0.008972
-0.008728
-0.013123
-0.008728
-0.013123
0.003235
-0.015625
0.003235
-0.015625
-0.006042
-0.014343
-0.006042
-0.014343
0.005981
-0.014465
0.005981
-0.014465
0.011047
-0.011108
0.011047
-0.011108
0.015686
-0.000122
0.015686
-0.000122
-0.000122
0.015747
-0.000122
0.015747
-0.011169
0.011047
-0.011169
0.011047
-0.014648
0.006042
-0.014648
0.006042
-0.014526
-0.006104
-0.014526
-0.006104
-0.015503
0.003296
-0.015503
0.003296
-0.013123
-0.008606
-0.013123
-0.008606
-0.009033
-0.012878
-0.009033
-0.012878
0.002808
-0.015503
0.002808
-0.015503
-0.015808
0.001892
-0.015808
0.001892
-0.012512
-0.009827
-0.012512
-0.009827
-0.007751
-0.013794
-0.007751
-0.013794
0.004333
-0.015381
0.004333
-0.015381
-0.005127
-0.014771
-0.005127
-0.014771
0.006958
-0.014160
0.006958
-0.014160
0.011658
-0.010376
0.011658
-0.010376
0.015625
0.000977
0.015625
0.000977
-0.015564
0.001465
-0.015564
0.001465
-0.011963
-0.010071
-0.011963
-0.010071
-0.007324
-0.013855
-0.007324
-0.013855
0.004700
-0.015015
0.004700
-0.015015
-0.004578
-0.014771
-0.004578
-0.014771
0.007324
-0.013733
0.007324
-0.013733
0.011841
-0.009888
0.011841
-0.009888
0.015442
0.001404
0.015442
0.001404
-0.003113
-0.015076
-0.003113
-0.015076
0.008545
-0.012878
0.008545
-0.012878
0.012634
-0.008423
0.012634
-0.008423
0.015076
0.002930
0.015076
0.002930
0.014038
-0.005615
0.014038
-0.005615
0.013977
0.005859
0.013977
0.005859
0.010559
0.010864
0.010559
0.010864
-0.000183
0.015198
-0.000183
0.015198
-0.015503
0.000854
-0.015503
0.000854
-0.011536
-0.010315
-0.011536
-0.010315
-0.006775
-0.013916
-0.006775
-0.013916
0.005127
-0.014648
0.005127
-0.014648
-0.004150
-0.014771
-0.004150
-0.014771
0.007629
-0.013428
0.007629
-0.013428
0.012024
-0.009338
0.012024
-0.009338
0.015198
0.001892
0.015198
0.001892
-0.002563
-0.014832
-0.002563
-0.014832
0.008728
-0.012390
0.008728
-0.012390
0.012878
-0.008057
0.012878
-0.008057
0.014832
0.003357
0.014832
0.003357
0.014038
-0.005127
0.014038
-0.005127
0.013611
0.006287
0.013611
0.006287
0.010071
0.011108
0.010071
0.011108
-0.000610
0.014893
-0.000610
0.014893
-0.001770
-0.014832
-0.001770
-0.014832
0.009399
-0.011780
0.009399
-0.011780
0.012939
-0.007263
0.012939
-0.007263
0.014404
0.004089
0.014404
0.004089
0.014099
-0.004333
0.014099
-0.004333
0.013000
0.006836
0.013000
0.006836
0.009399
0.011353
0.009399
0.011353
-0.001343
0.014709
-0.001343
0.014709
0.014587
-0.002747
0.014587
-0.002747
0.012329
0.008301
0.012329
0.008301
0.008118
0.012512
0.008118
0.012512
-0.002991
0.014465
-0.002991
0.014465
0.005432
0.013916
0.005432
0.013916
-0.005920
0.013672
-0.005920
0.013672
-0.010803
0.010437
-0.010803
0.010437
-0.014771
-0.000305
-0.014771
-0.000305
-0.015381
0.000732
-0.015381
0.000732
-0.011353
-0.010376
-0.011353
-0.010376
-0.006592
-0.013855
-0.006592
-0.013855
0.005249
-0.014465
0.005249
-0.014465
-0.003723
-0.014709
-0.003723
-0.014709
0.007812
-0.013062
0.007812
-0.013062
0.012207
-0.009094
0.012207
-0.009094
0.015137
0.002197
0.015137
0.002197
-0.002380
-0.014771
-0.002380
-0.014771
0.008850
-0.012024
0.008850
-0.012024
0.012695
-0.007751
0.012695
-0.007751
0.014526
0.003479
0.014526
0.003479
0.014038
-0.005005
0.014038
-0.005005
0.013550
0.006287
0.013550
0.006287
0.009888
0.011169
0.009888
0.011169
-0.000793
0.014832
-0.000793
0.014832
-0.001404
-0.014771
-0.001404
-0.014771
0.009521
-0.011475
0.009521
-0.011475
0.013000
-0.006958
0.013000
-0.006958
0.014282
0.004333
0.014282
0.004333
0.014099
-0.004089
0.014099
-0.004089
0.013000
0.007019
0.013000
0.007019
0.009094
0.011536
0.009094
0.011536
-0.001648
0.014587
-0.001648
0.014587
0.014404
-0.002380
0.014404
-0.002380
0.011963
0.008423
0.011963
0.008423
0.007751
0.012451
0.007751
0.012451
-0.003113
0.014160
-0.003113
0.014160
0.005188
0.013916
0.005188
0.013916
-0.006104
0.013428
-0.006104
0.013428
-0.010803
0.010193
-0.010803
0.010193
-0.014709
-0.000610
-0.014709
-0.000610
-0.000732
-0.014771
-0.000732
-0.014771
0.010010
-0.011047
0.010010
-0.011047
0.013367
-0.006287
0.013367
-0.006287
0.013977
0.005066
0.013977
0.005066
0.014160
-0.003479
0.014160
-0.003479
0.012512
0.007507
0.012512
0.007507
0.008606
0.011780
0.008606
0.011780
-0.002197
0.014404
-0.002197
0.014404
0.014526
-0.001770
0.014526
-0.001770
0.011597
0.008972
0.011597
0.008972
0.007263
0.012817
0.007263
0.012817
-0.003845
0.014160
-0.003845
0.014160
0.004456
0.014160
0.004456
0.014160
-0.006714
0.013062
-0.006714
0.013062
-0.011414
0.009583
-0.011414
0.009583
-0.014771
-0.001282
-0.014771
-0.001282
0.014832
-0.001160
0.014832
-0.001160
0.011353
0.009583
0.011353
0.009583
0.006714
0.013367
0.006714
0.013367
-0.004639
0.014038
-0.004639
0.014038
0.003967
0.014587
0.003967
0.014587
-0.007385
0.012939
-0.007385
0.012939
-0.011963
0.009216
-0.011963
0.009216
-0.014893
-0.001953
-0.014893
-0.001953
0.002502
0.015076
0.002502
0.015076
-0.008850
0.012329
-0.008850
0.012329
-0.013000
0.008057
-0.013000
0.008057
-0.014771
-0.003479
-0.014771
-0.003479
-0.014343
0.005676
-0.014343
0.005676
-0.014038
-0.006226
-0.014038
-0.006226
-0.010620
-0.011108
-0.010620
-0.011108
0.000427
-0.015381
0.000427
-0.015381
-0.015381
0.000427
-0.015381
0.000427
-0.011108
-0.010620
-0.011108
-0.010620
-0.006226
-0.014038
-0.006226
-0.014038
0.005676
-0.014343
0.005676
-0.014343
-0.003479
-0.014771
-0.003479
-0.014771
0.008057
-0.013000
0.008057
-0.013000
0.012329
-0.008850
0.012329
-0.008850
0.015076
0.002502
0.015076
0.002502
-0.001953
-0.014893
-0.001953
-0.014893
0.009216
-0.011963
0.009216
-0.011963
0.012939
-0.007385
0.012939
-0.007385
0.014587
0.003967
0.014587
0.003967
0.014038
-0.004639
0.014038
-0.004639
0.013367
0.006714
0.013367
0.006714
0.009583
0.011353
0.009583
0.011353
-0.001160
0.014832
-0.001160
0.014832
-0.001221
-0.014771
-0.001221
-0.014771
0.009521
-0.011353
0.009521
-0.011353
0.013123
-0.006714
0.013123
-0.006714
0.014038
0.004517
0.014038
0.004517
0.014099
-0.003723
0.014099
-0.003723
0.012817
0.007202
0.012817
0.007202
0.008911
0.011597
0.008911
0.011597
-0.001831
0.014465
-0.001831
0.014465
0.014465
-0.002075
0.014465
-0.002075
0.011780
0.008789
0.011780
0.008789
0.007385
0.012634
0.007385
0.012634
-0.003540
0.014160
-0.003540
0.014160
0.004822
0.013916
0.004822
0.013916
-0.006348
0.013245
-0.006348
0.013245
-0.010986
0.009949
-0.010986
0.009949
-0.014771
-0.000793
-0.014771
-0.000793
-0.000610
-0.014709
-0.000610
-0.014709
0.010193
-0.010803
0.010193
-0.010803
0.013428
-0.006104
0.013428
-0.006104
0.013916
0.005188
0.013916
0.005188
0.014160
-0.003113
0.014160
-0.003113
0.012451
0.007751
0.012451
0.007751
0.008423
0.011963
0.008423
0.011963
-0.002380
0.014404
-0.002380
0.014404
0.014587
-0.001648
0.014587
-0.001648
0.011536
0.009094
0.011536
0.009094
0.007019
0.013000
0.007019
0.013000
-0.004089
0.014099
-0.004089
0.014099
0.004333
0.014282
0.004333
0.014282
-0.006958
0.013000
-0.006958
0.013000
-0.011475
0.009521
-0.011475
0.009521
-0.014771
-0.001404
-0.014771
-0.001404
0.014832
-0.000793
0.014832
-0.000793
0.011169
0.009888
0.011169
0.009888
0.006287
0.013550
0.006287
0.013550
-0.005005
0.014038
-0.005005
0.014038
0.003479
0.014526
0.003479
0.014526
-0.007751
0.012695
-0.007751
0.012695
-0.012024
0.008850
-0.012024
0.008850
-0.014771
-0.002380
-0.014771
-0.002380
0.002197
0.015137
0.002197
0.015137
-0.009094
0.012207
-0.009094
0.012207
-0.013062
0.007812
-0.013062
0.007812
-0.014709
-0.003723
-0.014709
-0.003723
-0.014465
0.005249
-0.014465
0.005249
-0.013855
-0.006592
-0.013855
-0.006592
-0.010376
-0.011353
-0.010376
-0.011353
0.000732
-0.015381
0.000732
-0.015381
-0.000366
-0.014771
-0.000366
-0.014771
0.010315
-0.010803
0.010315
-0.010803
0.013611
-0.005920
0.013611
-0.005920
0.013855
0.005371
0.013855
0.005371
0.014526
-0.003113
0.014526
-0.003113
0.012512
0.007996
0.012512
0.007996
0.008362
0.012390
0.008362
0.012390
-0.002747
0.014648
-0.002747
0.014648
0.014709
-0.001282
0.014709
-0.001282
0.011353
0.009460
0.011353
0.009460
0.006897
0.013062
0.006897
0.013062
-0.004333
0.014099
-0.004333
0.014099
0.004089
0.014404
0.004089
0.014404
-0.007263
0.013000
-0.007263
0.013000
-0.011780
0.009399
-0.011780
0.009399
-0.014832
-0.001770
-0.014832
-0.001770
0.014954
-0.000610
0.014954
-0.000610
0.011047
0.010132
0.011047
0.010132
0.006165
0.013550
0.006165
0.013550
-0.005188
0.013977
-0.005188
0.013977
0.003235
0.014709
0.003235
0.014709
-0.008057
0.012695
-0.008057
0.012695
-0.012390
0.008728
-0.012390
0.008728
-0.014893
-0.002625
-0.014893
-0.002625
0.001892
0.015137
0.001892
0.015137
-0.009216
0.011963
-0.009216
0.011963
-0.013306
0.007507
-0.013306
0.007507
-0.014709
-0.004089
-0.014709
-0.004089
-0.014587
0.005066
-0.014587
0.005066
-0.013794
-0.006836
-0.013794
-0.006836
-0.010254
-0.011536
-0.010254
-0.011536
0.000977
-0.015503
0.000977
-0.015503
0.015198
-0.000122
0.015198
-0.000122
0.010864
0.010559
0.010864
0.010559
0.005981
0.013977
0.005981
0.013977
-0.005615
0.014038
-0.005615
0.014038
0.002930
0.015015
0.002930
0.015015
-0.008423
0.012634
-0.008423
0.012634
-0.012756
0.008484
-0.012756
0.008484
-0.015015
-0.003052
-0.015015
-0.003052
0.001404
0.015442
0.001404
0.015442
-0.009888
0.011841
-0.009888
0.011841
-0.013733
0.007324
-0.013733
0.007324
-0.014709
-0.004578
-0.014709
-0.004578
-0.015015
0.004639
-0.015015
0.004639
-0.013733
-0.007385
-0.013733
-0.007385
-0.010071
-0.011902
-0.010071
-0.011902
0.001465
-0.015564
0.001465
-0.015564
0.000977
0.015625
0.000977
0.015625
-0.010376
0.011658
-0.010376
0.011658
-0.014160
0.006958
-0.014160
0.006958
-0.014771
-0.005127
-0.014771
-0.005127
-0.015381
0.004333
-0.015381
0.004333
-0.013794
-0.007751
-0.013794
-0.007751
-0.009827
-0.012512
-0.009827
-0.012512
0.001892
-0.015808
0.001892
-0.015808
-0.015503
0.002808
-0.015503
0.002808
-0.012878
-0.009033
-0.012878
-0.009033
-0.008606
-0.013123
-0.008606
-0.013123
0.003296
-0.015503
0.003296
-0.015503
-0.006104
-0.014526
-0.006104
-0.014526
0.006042
-0.014648
0.006042
-0.014648
0.011047
-0.011169
0.011047
-0.011169
0.015747
-0.000122
0.015747
-0.000122
-0.015625
0.000305
-0.015625
0.000305
-0.011169
-0.010803
-0.011169
-0.010803
-0.006348
-0.014038
-0.006348
-0.014038
0.005615
-0.014465
0.005615
-0.014465
-0.003540
-0.014893
-0.003540
-0.014893
0.008179
-0.013123
0.008179
-0.013123
0.012451
-0.008850
0.012451
-0.008850
0.015259
0.002502
0.015259
0.002502
-0.001953
-0.014832
-0.001953
-0.014832
0.009216
-0.011902
0.009216
-0.011902
0.012939
-0.007385
0.012939
-0.007385
0.014587
0.003967
0.014587
0.003967
0.014099
-0.004517
0.014099
-0.004517
0.013367
0.006775
0.013367
0.006775
0.009644
0.011475
0.009644
0.011475
-0.001221
0.014893
-0.001221
0.014893
-0.001099
-0.014832
-0.001099
-0.014832
0.009766
-0.011353
0.009766
-0.011353
0.013306
-0.006653
0.013306
-0.006653
0.014160
0.004700
0.014160
0.004700
0.014282
-0.003662
0.014282
-0.003662
0.012817
0.007446
0.012817
0.007446
0.008972
0.011780
0.008972
0.011780
-0.001892
0.014587
-0.001892
0.014587
0.014526
-0.002075
0.014526
-0.002075
0.011841
0.008789
0.011841
0.008789
0.007446
0.012817
0.007446
0.012817
-0.003662
0.014282
-0.003662
0.014282
0.004761
0.014160
0.004761
0.014160
-0.006531
0.013367
-0.006531
0.013367
-0.011230
0.009827
-0.011230
0.009827
-0.014832
-0.000916
-0.014832
-0.000916
-0.000610
-0.014893
-0.000610
-0.014893
0.010132
-0.010925
0.010132
-0.010925
0.013489
-0.006104
0.013489
-0.006104
0.013977
0.005249
0.013977
0.005249
0.014343
-0.003113
0.014343
-0.003113
0.012512
0.007935
0.012512
0.007935
0.008362
0.012146
0.008362
0.012146
-0.002563
0.014465
-0.002563
0.014465
0.014709
-0.001343
0.014709
-0.001343
0.011414
0.009399
0.011414
0.009399
0.006958
0.013000
0.006958
0.013000
-0.004272
0.014099
-0.004272
0.014099
0.004211
0.014343
0.004211
0.014343
-0.007080
0.013000
-0.007080
0.013000
-0.011536
0.009399
-0.011536
0.009399
-0.014771
-0.001587
-0.014771
-0.001587
0.014954
-0.000732
0.014954
-0.000732
0.011169
0.010010
0.011169
0.010010
0.006287
0.013489
0.006287
0.013489
-0.005066
0.013977
-0.005066
0.013977
0.003418
0.014709
0.003418
0.014709
-0.007812
0.012756
-0.007812
0.012756
-0.012268
0.008789
-0.012268
0.008789
-0.014771
-0.002441
-0.014771
-0.002441
0.002014
0.015137
0.002014
0.015137
-0.009155
0.012085
-0.009155
0.012085
-0.013123
0.007751
-0.013123
0.007751
-0.014709
-0.003845
-0.014709
-0.003845
-0.014526
0.005127
-0.014526
0.005127
-0.013855
-0.006653
-0.013855
-0.006653
-0.010376
-0.011536
-0.010376
-0.011536
0.000793
-0.015503
0.000793
-0.015503
-0.000305
-0.014832
-0.000305
-0.014832
0.010437
-0.010742
0.010437
-0.010742
0.013733
-0.005920
0.013733
-0.005920
0.013977
0.005493
0.013977
0.005493
0.014526
-0.002991
0.014526
-0.002991
0.012451
0.008057
0.012451
0.008057
0.008301
0.012329
0.008301
0.012329
-0.002747
0.014587
-0.002747
0.014587
0.014709
-0.001282
0.014709
-0.001282
0.011353
0.009460
0.011353
0.009460
0.006775
0.013184
0.006775
0.013184
-0.004456
0.014099
-0.004456
0.014099
0.003967
0.014465
0.003967
0.014465
-0.007324
0.013000
-0.007324
0.013000
-0.011841
0.009277
-0.011841
0.009277
-0.014771
-0.001831
-0.014771
-0.001831
0.015076
-0.000488
0.015076
-0.000488
0.011047
0.010315
0.011047
0.010315
0.006165
0.013794
0.006165
0.013794
-0.005310
0.014099
-0.005310
0.014099
0.003235
0.014709
0.003235
0.014709
-0.008057
0.012695
-0.008057
0.012695
-0.012451
0.008789
-0.012451
0.008789
-0.014893
-0.002625
-0.014893
-0.002625
0.001892
0.015259
0.001892
0.015259
-0.009460
0.012085
-0.009460
0.012085
-0.013428
0.007629
-0.013428
0.007629
-0.014771
-0.004150
-0.014771
-0.004150
-0.014832
0.004883
-0.014832
0.004883
-0.013855
-0.007019
-0.013855
-0.007019
-0.010254
-0.011780
-0.010254
-0.011780
0.001160
-0.015625
0.001160
-0.015625
0.015198
-0.000122
0.015198
-0.000122
0.010864
0.010559
0.010864
0.010559
0.005859
0.014038
0.005859
0.014038
-0.005676
0.014038
-0.005676
0.014038
0.002930
0.015076
0.002930
0.015076
-0.008423
0.012634
-0.008423
0.012634
-0.012939
0.008545
-0.012939
0.008545
-0.015076
-0.003113
-0.015076
-0.003113
0.001465
0.015503
0.001465
0.015503
-0.009888
0.011963
-0.009888
0.011963
-0.013794
0.007324
-0.013794
0.007324
-0.014832
-0.004639
-0.014832
-0.004639
-0.015015
0.004761
-0.015015
0.004761
-0.013855
-0.007263
-0.013855
-0.007263
-0.010132
-0.012024
-0.010132
-0.012024
0.001465
-0.015686
0.001465
-0.015686
0.000854
0.015808
0.000854
0.015808
-0.010498
0.011719
-0.010498
0.011719
-0.014282
0.006775
-0.014282
0.006775
-0.014771
-0.005310
-0.014771
-0.005310
-0.015381
0.004089
-0.015381
0.004089
-0.013733
-0.007996
-0.013733
-0.007996
-0.009705
-0.012573
-0.009705
-0.012573
0.002197
-0.015808
0.002197
-0.015808
-0.015503
0.002869
-0.015503
0.002869
-0.013000
-0.009094
-0.013000
-0.009094
-0.008606
-0.013245
-0.008606
-0.013245
0.003296
-0.015442
0.003296
-0.015442
-0.005981
-0.014526
-0.005981
-0.014526
0.006165
-0.014526
0.006165
-0.014526
0.011108
-0.010986
0.011108
-0.010986
0.015869
0.000000
0.015869
0.000000
-0.000122
-0.015198
-0.000122
-0.015198
0.010681
-0.010864
0.010681
-0.010864
0.013855
-0.005798
0.013855
-0.005798
0.014099
0.005615
0.014099
0.005615
0.014771
-0.002869
0.014771
-0.002869
0.012512
0.008362
0.012512
0.008362
0.008301
0.012512
0.008301
0.012512
-0.002991
0.014709
-0.002991
0.014709
0.014893
-0.001160
0.014893
-0.001160
0.011414
0.009705
0.011414
0.009705
0.006775
0.013367
0.006775
0.013367
-0.004578
0.014282
-0.004578
0.014282
0.003967
0.014648
0.003967
0.014648
-0.007385
0.013123
-0.007385
0.013123
-0.012024
0.009277
-0.012024
0.009277
-0.014954
-0.001953
-0.014954
-0.001953
0.015076
-0.000183
0.015076
-0.000183
0.010986
0.010437
0.010986
0.010437
0.006165
0.013916
0.006165
0.013916
-0.005371
0.014099
-0.005371
0.014099
0.003174
0.015015
0.003174
0.015015
-0.008240
0.012817
-0.008240
0.012817
-0.012695
0.008667
-0.012695
0.008667
-0.014954
-0.002930
-0.014954
-0.002930
0.001587
0.015564
0.001587
0.015564
-0.009705
0.012207
-0.009705
0.012207
-0.013733
0.007507
-0.013733
0.007507
-0.014954
-0.004395
-0.014954
-0.004395
-0.014954
0.004944
-0.014954
0.004944
-0.014038
-0.007141
-0.014038
-0.007141
-0.010315
-0.011841
-0.010315
-0.011841
0.001282
-0.015625
0.001282
-0.015625
0.015320
0.000122
0.015320
0.000122
0.010803
0.010864
0.010803
0.010864
0.005798
0.014160
0.005798
0.014160
-0.005859
0.014099
-0.005859
0.014099
0.002869
0.015320
0.002869
0.015320
-0.008667
0.012756
-0.008667
0.012756
-0.013000
0.008545
-0.013000
0.008545
-0.015198
-0.003235
-0.015198
-0.003235
0.001282
0.015686
0.001282
0.015686
-0.010132
0.011902
-0.010132
0.011902
-0.014099
0.007202
-0.014099
0.007202
-0.014954
-0.004883
-0.014954
-0.004883
-0.015198
0.004517
-0.015198
0.004517
-0.013916
-0.007568
-0.013916
-0.007568
-0.010010
-0.012268
-0.010010
-0.012268
0.001648
-0.015808
0.001648
-0.015808
0.000732
0.015991
0.000732
0.015991
-0.010681
0.011780
-0.010681
0.011780
-0.014404
0.006775
-0.014404
0.006775
-0.014893
-0.005432
-0.014893
-0.005432
-0.015503
0.003967
-0.015503
0.003967
-0.013733
-0.008118
-0.013733
-0.008118
-0.009644
-0.012756
-0.009644
-0.012756
0.002258
-0.015930
0.002258
-0.015930
-0.015930
0.002869
-0.015930
0.002869
-0.013184
-0.009216
-0.013184
-0.009216
-0.008728
-0.013550
-0.008728
-0.013550
0.003418
-0.015808
0.003418
-0.015808
-0.005798
-0.014771
-0.005798
-0.014771
0.006409
-0.014526
0.006409
-0.014526
0.011353
-0.010925
0.011353
-0.010925
0.015808
0.000305
0.015808
0.000305
0.015320
0.000000
0.015320
0.000000
0.010864
0.010864
0.010864
0.010864
0.005737
0.014221
0.005737
0.014221
-0.005920
0.014099
-0.005920
0.014099
0.002869
0.015381
0.002869
0.015381
-0.008728
0.012878
-0.008728
0.012878
-0.013123
0.008606
-0.013123
0.008606
-0.015320
-0.003235
-0.015320
-0.003235
0.001282
0.015747
0.001282
0.015747
-0.010132
0.012024
-0.010132
0.012024
-0.014038
0.007263
-0.014038
0.007263
-0.015015
-0.004883
-0.015015
-0.004883
-0.015320
0.004517
-0.015320
0.004517
-0.013977
-0.007629
-0.013977
-0.007629
-0.010071
-0.012329
-0.010071
-0.012329
0.001648
-0.015869
0.001648
-0.015869
0.000732
0.015930
0.000732
0.015930
-0.010620
0.011780
-0.010620
0.011780
-0.014465
0.006775
-0.014465
0.006775
-0.014954
-0.005493
-0.014954
-0.005493
-0.015625
0.004028
-0.015625
0.004028
-0.013855
-0.008240
-0.013855
-0.008240
-0.009766
-0.012878
-0.009766
-0.012878
0.002258
-0.016052
0.002258
-0.016052
-0.015991
0.002869
-0.015991
0.002869
-0.013245
-0.009338
-0.013245
-0.009338
-0.008728
-0.013550
-0.008728
-0.013550
0.003479
-0.015747
0.003479
-0.015747
-0.005859
-0.014771
-0.005859
-0.014771
0.006470
-0.014648
0.006470
-0.014648
0.011414
-0.010925
0.011414
-0.010925
0.015869
0.000305
0.015869
0.000305
0.000549
0.015991
0.000549
0.015991
-0.010864
0.011719
-0.010864
0.011719
-0.014465
0.006714
-0.014465
0.006714
-0.014893
-0.005615
-0.014893
-0.005615
-0.015686
0.003906
-0.015686
0.003906
-0.013733
-0.008423
-0.013733
-0.008423
-0.009583
-0.013000
-0.009583
-0.013000
0.002502
-0.015930
0.002502
-0.015930
-0.015930
0.002502
-0.015930
0.002502
-0.013000
-0.009583
-0.013000
-0.009583
-0.008423
-0.013733
-0.008423
-0.013733
0.003906
-0.015686
0.003906
-0.015686
-0.005615
-0.014893
-0.005615
-0.014893
0.006714
-0.014465
0.006714
-0.014465
0.011719
-0.010864
0.011719
-0.010864
0.015991
0.000549
0.015991
0.000549
-0.015930
0.001709
-0.015930
0.001709
-0.012390
-0.010071
-0.012390
-0.010071
-0.007690
-0.013916
-0.007690
-0.013916
0.004517
-0.015320
0.004517
-0.015320
-0.005005
-0.014893
-0.005005
-0.014893
0.007019
-0.014160
0.007019
-0.014160
0.011902
-0.010315
0.011902
-0.010315
0.015808
0.000977
0.015808
0.000977
-0.003479
-0.015198
-0.003479
-0.015198
0.008362
-0.013184
0.008362
-0.013184
0.012756
-0.009033
0.012756
-0.009033
0.015442
0.002625
0.015442
0.002625
0.014038
-0.006104
0.014038
-0.006104
0.014282
0.005554
0.014282
0.005554
0.011047
0.010742
0.011047
0.010742
0.000366
0.015320
0.000366
0.015320
