-0.117065
0.003296
-0.117065
0.003296
-0.085022
-0.080505
-0.085022
-0.080505
-0.047791
-0.106750
-0.047791
-0.106750
0.041809
-0.109253
0.041809
-0.109253
-0.026184
-0.113953
-0.026184
-0.113953
0.062317
-0.099121
0.062317
-0.099121
0.095337
-0.067749
0.095337
-0.067749
0.115417
0.019531
0.115417
0.019531
-0.014893
-0.115723
-0.014893
-0.115723
0.071289
-0.092468
0.071289
-0.092468
0.101257
-0.057922
0.101257
-0.057922
0.112732
0.030579
0.112732
0.030579
0.110535
-0.036987
0.110535
-0.036987
0.104370
0.052002
0.104370
0.052002
0.076416
0.088013
0.076416
0.088013
-0.008118
0.116211
-0.008118
0.116211
-0.009033
-0.116272
-0.009033
-0.116272
0.075867
-0.088623
0.075867
-0.088623
0.104004
-0.052734
0.104004
-0.052734
0.110901
0.036133
0.110901
0.036133
0.112183
-0.031189
0.112183
-0.031189
0.101501
0.057251
0.101501
0.057251
0.071899
0.091736
0.071899
0.091736
-0.013977
0.115662
-0.013977
0.115662
0.114685
-0.019958
0.114685
-0.019958
0.095276
0.066895
0.095276
0.066895
0.062378
0.098450
0.062378
0.098450
-0.025391
0.113586
-0.025391
0.113586
0.041809
0.108826
0.041809
0.108826
-0.047180
0.106445
-0.047180
0.106445
-0.084534
0.080322
-0.084534
0.080322
-0.116577
-0.002991
-0.116577
-0.002991
