0.015503
-0.015320
0.015503
-0.015320
0.021912
0.000122
0.021912
0.000122
0.020081
0.008484
0.020081
0.008484
0.008240
0.020142
0.008240
0.020142
0.018066
0.012329
0.018066
0.012329
0.004089
0.021423
0.004089
0.021423
-0.004456
0.021484
-0.004456
0.021484
-0.018250
0.011902
-0.018250
0.011902
0.016724
0.014404
0.016724
0.014404
0.001770
0.021912
0.001770
0.021912
-0.006836
0.020935
-0.006836
0.020935
-0.019531
0.009949
-0.019531
0.009949
-0.010925
0.019287
-0.010925
0.019287
-0.021240
0.005859
-0.021240
0.005859
-0.022095
-0.002563
-0.022095
-0.002563
-0.013672
-0.017395
-0.013672
-0.017395
0.016113
0.015320
0.016113
0.015320
0.000671
0.022217
0.000671
0.022217
-0.007996
0.020813
-0.007996
0.020813
-0.020203
0.009033
-0.020203
0.009033
-0.011963
0.018982
-0.011963
0.018982
-0.021790
0.004944
-0.021790
0.004944
-0.022156
-0.003723
-0.022156
-0.003723
-0.012939
-0.018311
-0.012939
-0.018311
-0.013672
0.017944
-0.013672
0.017944
-0.022278
0.002991
-0.022278
0.002991
-0.021851
-0.005737
-0.021851
-0.005737
-0.011292
-0.019531
-0.011292
-0.019531
-0.020569
-0.009644
-0.020569
-0.009644
-0.007629
-0.021423
-0.007629
-0.021423
0.000977
-0.022522
0.000977
-0.022522
0.016724
-0.015259
0.016724
-0.015259
0.016052
0.015686
0.016052
0.015686
0.000366
0.022400
0.000366
0.022400
-0.008362
0.020874
-0.008362
0.020874
-0.020630
0.008789
-0.020630
0.008789
-0.012390
0.018921
-0.012390
0.018921
-0.022034
0.004578
-0.022034
0.004578
-0.022156
-0.004028
-0.022156
-0.004028
-0.012695
-0.018616
-0.012695
-0.018616
-0.014099
0.017944
-0.014099
0.017944
-0.022583
0.002686
-0.022583
0.002686
-0.021851
-0.006042
-0.021851
-0.006042
-0.011047
-0.019836
-0.011047
-0.019836
-0.020386
-0.010010
-0.020386
-0.010010
-0.007263
-0.021545
-0.007263
-0.021545
0.001465
-0.022583
0.001465
-0.022583
0.017029
-0.015076
0.017029
-0.015076
-0.014648
0.017273
-0.014648
0.017273
-0.022522
0.001770
-0.022522
0.001770
-0.021423
-0.006958
-0.021423
-0.006958
-0.010193
-0.020142
-0.010193
-0.020142
-0.019897
-0.010864
-0.019897
-0.010864
-0.006348
-0.021851
-0.006348
-0.021851
0.002502
-0.022583
0.002502
-0.022583
0.017761
-0.014221
0.017761
-0.014221
-0.018738
-0.012512
-0.018738
-0.012512
-0.004333
-0.022156
-0.004333
-0.022156
0.004395
-0.022095
0.004395
-0.022095
0.018677
-0.012573
0.018677
-0.012573
0.008606
-0.020569
0.008606
-0.020569
0.020630
-0.008545
0.020630
-0.008545
0.022217
0.000061
0.022217
0.000061
0.015808
0.015747
0.015808
0.015747
0.015747
0.015808
0.015747
0.015808
0.000061
0.022217
0.000061
0.022217
-0.008545
0.020630
-0.008545
0.020630
-0.020569
0.008606
-0.020569
0.008606
-0.012573
0.018677
-0.012573
0.018677
-0.022095
0.004395
-0.022095
0.004395
-0.022156
-0.004333
-0.022156
-0.004333
-0.012512
-0.018738
-0.012512
-0.018738
-0.014221
0.017761
-0.014221
0.017761
-0.022583
0.002502
-0.022583
0.002502
-0.021851
-0.006348
-0.021851
-0.006348
-0.010864
-0.019897
-0.010864
-0.019897
-0.020142
-0.010193
-0.020142
-0.010193
-0.006958
-0.021423
-0.006958
-0.021423
0.001770
-0.022522
0.001770
-0.022522
0.017273
-0.014648
0.017273
-0.014648
-0.015076
0.017029
-0.015076
0.017029
-0.022583
0.001465
-0.022583
0.001465
-0.021545
-0.007263
-0.021545
-0.007263
-0.010010
-0.020386
-0.010010
-0.020386
-0.019836
-0.011047
-0.019836
-0.011047
-0.006042
-0.021851
-0.006042
-0.021851
0.002686
-0.022583
0.002686
-0.022583
0.017944
-0.014099
0.017944
-0.014099
-0.018616
-0.012695
-0.018616
-0.012695
-0.004028
-0.022156
-0.004028
-0.022156
0.004578
-0.022034
0.004578
-0.022034
0.018921
-0.012390
0.018921
-0.012390
0.008789
-0.020630
0.008789
-0.020630
0.020874
-0.008362
0.020874
-0.008362
0.022400
0.000366
0.022400
0.000366
0.015686
0.016052
0.015686
0.016052
-0.015259
0.016724
-0.015259
0.016724
-0.022522
0.000977
-0.022522
0.000977
-0.021423
-0.007629
-0.021423
-0.007629
-0.009644
-0.020569
-0.009644
-0.020569
-0.019531
-0.011292
-0.019531
-0.011292
-0.005737
-0.021851
-0.005737
-0.021851
0.002991
-0.022278
0.002991
-0.022278
0.017944
-0.013672
0.017944
-0.013672
-0.018311
-0.012939
-0.018311
-0.012939
-0.003723
-0.022156
-0.003723
-0.022156
0.004944
-0.021790
0.004944
-0.021790
0.018982
-0.011963
0.018982
-0.011963
0.009033
-0.020203
0.009033
-0.020203
0.020813
-0.007996
0.020813
-0.007996
0.022217
0.000671
0.022217
0.000671
0.015320
0.016113
0.015320
0.016113
-0.017395
-0.013672
-0.017395
-0.013672
-0.002563
-0.022095
-0.002563
-0.022095
0.005859
-0.021240
0.005859
-0.021240
0.019287
-0.010925
0.019287
-0.010925
0.009949
-0.019531
0.009949
-0.019531
0.020935
-0.006836
0.020935
-0.006836
0.021912
0.001770
0.021912
0.001770
0.014404
0.016724
0.014404
0.016724
0.011902
-0.018250
0.011902
-0.018250
0.021484
-0.004456
0.021484
-0.004456
0.021423
0.004089
0.021423
0.004089
0.012329
0.018066
0.012329
0.018066
0.020142
0.008240
0.020142
0.008240
0.008484
0.020081
0.008484
0.020081
0.000122
0.021912
0.000122
0.021912
-0.015320
0.015503
-0.015320
0.015503
0.015564
0.015808
0.015564
0.015808
0.000000
0.022095
0.000000
0.022095
-0.008606
0.020508
-0.008606
0.020508
-0.020447
0.008362
-0.020447
0.008362
-0.012451
0.018616
-0.012451
0.018616
-0.021912
0.004333
-0.021912
0.004333
-0.022095
-0.004333
-0.022095
-0.004333
-0.012512
-0.018616
-0.012512
-0.018616
-0.014160
0.017639
-0.014160
0.017639
-0.022461
0.002441
-0.022461
0.002441
-0.021667
-0.006226
-0.021667
-0.006226
-0.010864
-0.019897
-0.010864
-0.019897
-0.020142
-0.010193
-0.020142
-0.010193
-0.006958
-0.021423
-0.006958
-0.021423
0.001709
-0.022461
0.001709
-0.022461
0.017151
-0.014709
0.017151
-0.014709
-0.014954
0.016968
-0.014954
0.016968
-0.022461
0.001404
-0.022461
0.001404
-0.021423
-0.007263
-0.021423
-0.007263
-0.009949
-0.020203
-0.009949
-0.020203
-0.019775
-0.011108
-0.019775
-0.011108
-0.006042
-0.021790
-0.006042
-0.021790
0.002625
-0.022461
0.002625
-0.022461
0.017822
-0.014038
0.017822
-0.014038
-0.018555
-0.012634
-0.018555
-0.012634
-0.004028
-0.022095
-0.004028
-0.022095
0.004639
-0.021851
0.004639
-0.021851
0.018799
-0.012207
0.018799
-0.012207
0.008667
-0.020386
0.008667
-0.020386
0.020691
-0.008362
0.020691
-0.008362
0.022217
0.000305
0.022217
0.000305
0.015564
0.015869
0.015564
0.015869
-0.015198
0.016663
-0.015198
0.016663
-0.022461
0.001038
-0.022461
0.001038
-0.021240
-0.007568
-0.021240
-0.007568
-0.009583
-0.020386
-0.009583
-0.020386
-0.019470
-0.011353
-0.019470
-0.011353
-0.005737
-0.021790
-0.005737
-0.021790
0.002991
-0.022156
0.002991
-0.022156
0.017944
-0.013611
0.017944
-0.013611
-0.018311
-0.013062
-0.018311
-0.013062
-0.003723
-0.022156
-0.003723
-0.022156
0.004944
-0.021729
0.004944
-0.021729
0.018982
-0.011902
0.018982
-0.011902
0.009033
-0.020142
0.009033
-0.020142
0.020691
-0.007935
0.020691
-0.007935
0.022095
0.000610
0.022095
0.000610
0.015320
0.015991
0.015320
0.015991
-0.017395
-0.013611
-0.017395
-0.013611
-0.002625
-0.021973
-0.002625
-0.021973
0.005859
-0.021240
0.005859
-0.021240
0.019226
-0.010864
0.019226
-0.010864
0.009827
-0.019470
0.009827
-0.019470
0.020874
-0.006836
0.020874
-0.006836
0.021851
0.001709
0.021851
0.001709
0.014343
0.016602
0.014343
0.016602
0.011902
-0.018127
0.011902
-0.018127
0.021362
-0.004517
0.021362
-0.004517
0.021362
0.004089
0.021362
0.004089
0.012329
0.017944
0.012329
0.017944
0.020020
0.008240
0.020020
0.008240
0.008423
0.020020
0.008423
0.020020
0.000183
0.021729
0.000183
0.021729
-0.015198
0.015442
-0.015198
0.015442
-0.015198
0.016479
-0.015198
0.016479
-0.022278
0.000977
-0.022278
0.000977
-0.021057
-0.007568
-0.021057
-0.007568
-0.009460
-0.020325
-0.009460
-0.020325
-0.019226
-0.011536
-0.019226
-0.011536
-0.005310
-0.021851
-0.005310
-0.021851
0.003235
-0.022156
0.003235
-0.022156
0.018005
-0.013367
0.018005
-0.013367
-0.017883
-0.013000
-0.017883
-0.013000
-0.003296
-0.021973
-0.003296
-0.021973
0.005249
-0.021484
0.005249
-0.021484
0.018982
-0.011414
0.018982
-0.011414
0.009216
-0.019897
0.009216
-0.019897
0.020691
-0.007568
0.020691
-0.007568
0.021973
0.000977
0.021973
0.000977
0.014832
0.016174
0.014832
0.016174
-0.017090
-0.013855
-0.017090
-0.013855
-0.002258
-0.021973
-0.002258
-0.021973
0.006165
-0.020996
0.006165
-0.020996
0.019287
-0.010498
0.019287
-0.010498
0.010071
-0.019165
0.010071
-0.019165
0.020752
-0.006470
0.020752
-0.006470
0.021606
0.002014
0.021606
0.002014
0.013855
0.016724
0.013855
0.016724
0.011902
-0.017883
0.011902
-0.017883
0.021179
-0.004211
0.021179
-0.004211
0.021179
0.004333
0.021179
0.004333
0.012085
0.018005
0.012085
0.018005
0.019958
0.008423
0.019958
0.008423
0.008240
0.020020
0.008240
0.020020
-0.000183
0.021606
-0.000183
0.021606
-0.015381
0.015137
-0.015381
0.015137
-0.016602
-0.014160
-0.016602
-0.014160
-0.001587
-0.021851
-0.001587
-0.021851
0.006775
-0.020630
0.006775
-0.020630
0.019409
-0.009827
0.019409
-0.009827
0.010559
-0.018799
0.010559
-0.018799
0.020813
-0.005859
0.020813
-0.005859
0.021362
0.002686
0.021362
0.002686
0.013367
0.016968
0.013367
0.016968
0.012451
-0.017578
0.012451
-0.017578
0.021362
-0.003540
0.021362
-0.003540
0.020874
0.004761
0.020874
0.004761
0.011475
0.018127
0.011475
0.018127
0.019409
0.008972
0.019409
0.008972
0.007507
0.020081
0.007507
0.020081
-0.000854
0.021484
-0.000854
0.021484
-0.015686
0.014526
-0.015686
0.014526
0.013367
-0.016663
0.013367
-0.016663
0.021240
-0.002319
0.021240
-0.002319
0.020447
0.006104
0.020447
0.006104
0.010315
0.018738
0.010315
0.018738
0.018921
0.010071
0.018921
0.010071
0.006287
0.020447
0.006287
0.020447
-0.002136
0.021423
-0.002136
0.021423
-0.016541
0.013611
-0.016541
0.013611
0.017822
0.012207
0.017822
0.012207
0.004089
0.021179
0.004089
0.021179
-0.004456
0.021179
-0.004456
0.021179
-0.018005
0.011780
-0.018005
0.011780
-0.008545
0.020081
-0.008545
0.020081
-0.020142
0.008179
-0.020142
0.008179
-0.021851
-0.000122
-0.021851
-0.000122
-0.015259
-0.015564
-0.015259
-0.015564
0.015625
0.015869
0.015625
0.015869
-0.000061
0.022156
-0.000061
0.022156
-0.008606
0.020508
-0.008606
0.020508
-0.020508
0.008423
-0.020508
0.008423
-0.012451
0.018555
-0.012451
0.018555
-0.021851
0.004333
-0.021851
0.004333
-0.022095
-0.004395
-0.022095
-0.004395
-0.012451
-0.018677
-0.012451
-0.018677
-0.014221
0.017578
-0.014221
0.017578
-0.022400
0.002380
-0.022400
0.002380
-0.021606
-0.006226
-0.021606
-0.006226
-0.010803
-0.019775
-0.010803
-0.019775
-0.020081
-0.010193
-0.020081
-0.010193
-0.006836
-0.021484
-0.006836
-0.021484
0.001770
-0.022522
0.001770
-0.022522
0.017273
-0.014648
0.017273
-0.014648
-0.014893
0.016907
-0.014893
0.016907
-0.022461
0.001343
-0.022461
0.001343
-0.021423
-0.007263
-0.021423
-0.007263
-0.009949
-0.020203
-0.009949
-0.020203
-0.019592
-0.011047
-0.019592
-0.011047
-0.005920
-0.021667
-0.005920
-0.021667
0.002747
-0.022156
0.002747
-0.022156
0.017761
-0.013733
0.017761
-0.013733
-0.018433
-0.012695
-0.018433
-0.012695
-0.003967
-0.021973
-0.003967
-0.021973
0.004700
-0.021851
0.004700
-0.021851
0.018860
-0.012207
0.018860
-0.012207
0.008667
-0.020325
0.008667
-0.020325
0.020569
-0.008179
0.020569
-0.008179
0.022095
0.000366
0.022095
0.000366
0.015442
0.015747
0.015442
0.015747
-0.015137
0.016541
-0.015137
0.016541
-0.022278
0.001038
-0.022278
0.001038
-0.021057
-0.007507
-0.021057
-0.007507
-0.009460
-0.020203
-0.009460
-0.020203
-0.019409
-0.011230
-0.019409
-0.011230
-0.005737
-0.021667
-0.005737
-0.021667
0.002991
-0.022156
0.002991
-0.022156
0.017883
-0.013550
0.017883
-0.013550
-0.018188
-0.012817
-0.018188
-0.012817
-0.003662
-0.021851
-0.003662
-0.021851
0.005005
-0.021606
0.005005
-0.021606
0.018921
-0.011841
0.018921
-0.011841
0.008850
-0.019897
0.008850
-0.019897
0.020447
-0.007812
0.020447
-0.007812
0.021912
0.000732
0.021912
0.000732
0.015137
0.015991
0.015137
0.015991
-0.017212
-0.013611
-0.017212
-0.013611
-0.002441
-0.021851
-0.002441
-0.021851
0.005981
-0.021057
0.005981
-0.021057
0.019165
-0.010742
0.019165
-0.010742
0.009949
-0.019287
0.009949
-0.019287
0.020752
-0.006592
0.020752
-0.006592
0.021606
0.001892
0.021606
0.001892
0.014038
0.016663
0.014038
0.016663
0.011780
-0.018066
0.011780
-0.018066
0.021179
-0.004517
0.021179
-0.004517
0.021240
0.004028
0.021240
0.004028
0.012207
0.017822
0.012207
0.017822
0.020020
0.008240
0.020020
0.008240
0.008423
0.019958
0.008423
0.019958
0.000244
0.021729
0.000244
0.021729
-0.015198
0.015442
-0.015198
0.015442
-0.015198
0.016418
-0.015198
0.016418
-0.022278
0.000916
-0.022278
0.000916
-0.020935
-0.007690
-0.020935
-0.007690
-0.009338
-0.020386
-0.009338
-0.020386
-0.019165
-0.011597
-0.019165
-0.011597
-0.005188
-0.021851
-0.005188
-0.021851
0.003357
-0.022095
0.003357
-0.022095
0.018127
-0.013306
0.018127
-0.013306
-0.017883
-0.013000
-0.017883
-0.013000
-0.003296
-0.021973
-0.003296
-0.021973
0.005249
-0.021484
0.005249
-0.021484
0.018982
-0.011414
0.018982
-0.011414
0.009399
-0.019897
0.009399
-0.019897
0.020752
-0.007446
0.020752
-0.007446
0.021912
0.001038
0.021912
0.001038
0.014771
0.016174
0.014771
0.016174
-0.016968
-0.013855
-0.016968
-0.013855
-0.002075
-0.021851
-0.002075
-0.021851
0.006287
-0.020935
0.006287
-0.020935
0.019287
-0.010376
0.019287
-0.010376
0.010132
-0.019043
0.010132
-0.019043
0.020691
-0.006348
0.020691
-0.006348
0.021484
0.002197
0.021484
0.002197
0.013733
0.016663
0.013733
0.016663
0.011963
-0.017761
0.011963
-0.017761
0.021179
-0.004150
0.021179
-0.004150
0.021057
0.004272
0.021057
0.004272
0.011902
0.017822
0.011902
0.017822
0.019714
0.008484
0.019714
0.008484
0.007935
0.019897
0.007935
0.019897
-0.000305
0.021545
-0.000305
0.021545
-0.015442
0.015015
-0.015442
0.015015
-0.016418
-0.014160
-0.016418
-0.014160
-0.001526
-0.021545
-0.001526
-0.021545
0.006836
-0.020569
0.006836
-0.020569
0.019470
-0.009705
0.019470
-0.009705
0.010620
-0.018555
0.010620
-0.018555
0.020752
-0.005615
0.020752
-0.005615
0.021240
0.002808
0.021240
0.002808
0.013245
0.016846
0.013245
0.016846
0.012329
-0.017334
0.012329
-0.017334
0.021057
-0.003540
0.021057
-0.003540
0.020752
0.004822
0.020752
0.004822
0.011292
0.018066
0.011292
0.018066
0.019165
0.009155
0.019165
0.009155
0.007263
0.020020
0.007263
0.020020
-0.000977
0.021362
-0.000977
0.021362
-0.015747
0.014343
-0.015747
0.014343
0.013489
-0.016541
0.013489
-0.016541
0.021362
-0.002258
0.021362
-0.002258
0.020386
0.006226
0.020386
0.006226
0.010193
0.018799
0.010193
0.018799
0.018799
0.010193
0.018799
0.010193
0.006226
0.020386
0.006226
0.020386
-0.002258
0.021362
-0.002258
0.021362
-0.016541
0.013489
-0.016541
0.013489
0.017700
0.012085
0.017700
0.012085
0.004089
0.021057
0.004089
0.021057
-0.004395
0.021179
-0.004395
0.021179
-0.017883
0.011780
-0.017883
0.011780
-0.008606
0.019897
-0.008606
0.019897
-0.020081
0.007996
-0.020081
0.007996
-0.021667
-0.000183
-0.021667
-0.000183
-0.015198
-0.015503
-0.015198
-0.015503
-0.015381
0.016174
-0.015381
0.016174
-0.022156
0.000488
-0.022156
0.000488
-0.020630
-0.008057
-0.020630
-0.008057
-0.008789
-0.020325
-0.008789
-0.020325
-0.018799
-0.011841
-0.018799
-0.011841
-0.004944
-0.021667
-0.004944
-0.021667
0.003662
-0.021851
0.003662
-0.021851
0.018188
-0.012939
0.018188
-0.012939
-0.017700
-0.013123
-0.017700
-0.013123
-0.003052
-0.021851
-0.003052
-0.021851
0.005493
-0.021301
0.005493
-0.021301
0.019043
-0.011230
0.019043
-0.011230
0.009460
-0.019714
0.009460
-0.019714
0.020691
-0.007263
0.020691
-0.007263
0.021790
0.001282
0.021790
0.001282
0.014648
0.016357
0.014648
0.016357
-0.016724
-0.013977
-0.016724
-0.013977
-0.001831
-0.021667
-0.001831
-0.021667
0.006470
-0.020752
0.006470
-0.020752
0.019287
-0.010193
0.019287
-0.010193
0.010254
-0.018921
0.010254
-0.018921
0.020752
-0.006165
0.020752
-0.006165
0.021362
0.002319
0.021362
0.002319
0.013611
0.016724
0.013611
0.016724
0.012207
-0.017639
0.012207
-0.017639
0.021118
-0.004028
0.021118
-0.004028
0.020813
0.004517
0.020813
0.004517
0.011597
0.017944
0.011597
0.017944
0.019592
0.008667
0.019592
0.008667
0.007751
0.020020
0.007751
0.020020
-0.000610
0.021484
-0.000610
0.021484
-0.015503
0.014709
-0.015503
0.014709
-0.016296
-0.014343
-0.016296
-0.014343
-0.001282
-0.021667
-0.001282
-0.021667
0.007019
-0.020508
0.007019
-0.020508
0.019592
-0.009583
0.019592
-0.009583
0.010742
-0.018616
0.010742
-0.018616
0.020752
-0.005554
0.020752
-0.005554
0.021240
0.002808
0.021240
0.002808
0.013062
0.016968
0.013062
0.016968
0.012512
-0.017212
0.012512
-0.017212
0.021057
-0.003418
0.021057
-0.003418
0.020630
0.005127
0.020630
0.005127
0.011108
0.018188
0.011108
0.018188
0.019104
0.009155
0.019104
0.009155
0.007080
0.020020
0.007080
0.020020
-0.001038
0.021240
-0.001038
0.021240
-0.015808
0.014282
-0.015808
0.014282
0.013489
-0.016296
0.013489
-0.016296
0.021118
-0.001953
0.021118
-0.001953
0.020264
0.006287
0.020264
0.006287
0.009949
0.018738
0.009949
0.018738
0.018494
0.010376
0.018494
0.010376
0.005798
0.020386
0.005798
0.020386
-0.002563
0.021179
-0.002563
0.021179
-0.016602
0.013062
-0.016602
0.013062
0.017517
0.012329
0.017517
0.012329
0.003845
0.021057
0.003845
0.021057
-0.004578
0.020935
-0.004578
0.020935
-0.018005
0.011536
-0.018005
0.011536
-0.008789
0.019836
-0.008789
0.019836
-0.020142
0.007751
-0.020142
0.007751
-0.021667
-0.000427
-0.021667
-0.000427
-0.014832
-0.015625
-0.014832
-0.015625
-0.015930
-0.014526
-0.015930
-0.014526
-0.000916
-0.021545
-0.000916
-0.021545
0.007385
-0.020203
0.007385
-0.020203
0.019592
-0.009094
0.019592
-0.009094
0.011047
-0.018127
0.011047
-0.018127
0.020752
-0.005066
0.020752
-0.005066
0.021118
0.003296
0.021118
0.003296
0.012634
0.017212
0.012634
0.017212
0.012817
-0.016846
0.012817
-0.016846
0.021057
-0.002808
0.021057
-0.002808
0.020569
0.005554
0.020569
0.005554
0.010742
0.018372
0.010742
0.018372
0.018982
0.009644
0.018982
0.009644
0.006775
0.020203
0.006775
0.020203
-0.001587
0.021362
-0.001587
0.021362
-0.016052
0.013977
-0.016052
0.013977
0.013977
-0.016052
0.013977
-0.016052
0.021362
-0.001587
0.021362
-0.001587
0.020203
0.006775
0.020203
0.006775
0.009644
0.018982
0.009644
0.018982
0.018372
0.010742
0.018372
0.010742
0.005554
0.020569
0.005554
0.020569
-0.002808
0.021057
-0.002808
0.021057
-0.016846
0.012817
-0.016846
0.012817
0.017212
0.012634
0.017212
0.012634
0.003296
0.021118
0.003296
0.021118
-0.005066
0.020752
-0.005066
0.020752
-0.018127
0.011047
-0.018127
0.011047
-0.009094
0.019592
-0.009094
0.019592
-0.020203
0.007385
-0.020203
0.007385
-0.021545
-0.000916
-0.021545
-0.000916
-0.014526
-0.015930
-0.014526
-0.015930
0.014343
-0.015747
0.014343
-0.015747
0.021362
-0.000977
0.021362
-0.000977
0.020020
0.007263
0.020020
0.007263
0.009155
0.019165
0.009155
0.019165
0.018127
0.011292
0.018127
0.011292
0.005005
0.020752
0.005005
0.020752
-0.003540
0.021240
-0.003540
0.021240
-0.017395
0.012451
-0.017395
0.012451
0.017029
0.013184
0.017029
0.013184
0.002747
0.021423
0.002747
0.021423
-0.005676
0.020874
-0.005676
0.020874
-0.018738
0.010620
-0.018738
0.010620
-0.009766
0.019531
-0.009766
0.019531
-0.020630
0.006897
-0.020630
0.006897
-0.021667
-0.001526
-0.021667
-0.001526
-0.014160
-0.016479
-0.014160
-0.016479
0.016418
0.014282
0.016418
0.014282
0.001648
0.021667
0.001648
0.021667
-0.006897
0.020691
-0.006897
0.020691
-0.019348
0.009705
-0.019348
0.009705
-0.010803
0.019043
-0.010803
0.019043
-0.020935
0.005798
-0.020935
0.005798
-0.021790
-0.002808
-0.021790
-0.002808
-0.013306
-0.017395
-0.013306
-0.017395
-0.012573
0.018188
-0.012573
0.018188
-0.021729
0.003906
-0.021729
0.003906
-0.021606
-0.004578
-0.021606
-0.004578
-0.011963
-0.018494
-0.011963
-0.018494
-0.020508
-0.008606
-0.020508
-0.008606
-0.008301
-0.020691
-0.008301
-0.020691
0.000122
-0.022156
0.000122
-0.022156
0.015869
-0.015625
0.015869
-0.015625
0.015564
0.015747
0.015564
0.015747
-0.000061
0.022156
-0.000061
0.022156
-0.008606
0.020447
-0.008606
0.020447
-0.020508
0.008362
-0.020508
0.008362
-0.012573
0.018616
-0.012573
0.018616
-0.021973
0.004272
-0.021973
0.004272
-0.021912
-0.004456
-0.021912
-0.004456
-0.012207
-0.018738
-0.012207
-0.018738
-0.014160
0.017456
-0.014160
0.017456
-0.022278
0.002258
-0.022278
0.002258
-0.021606
-0.006348
-0.021606
-0.006348
-0.010742
-0.019836
-0.010742
-0.019836
-0.020020
-0.010193
-0.020020
-0.010193
-0.006836
-0.021362
-0.006836
-0.021362
0.001770
-0.022278
0.001770
-0.022278
0.017212
-0.014465
0.017212
-0.014465
-0.014893
0.016907
-0.014893
0.016907
-0.022461
0.001343
-0.022461
0.001343
-0.021423
-0.007324
-0.021423
-0.007324
-0.009827
-0.020203
-0.009827
-0.020203
-0.019653
-0.011108
-0.019653
-0.011108
-0.005920
-0.021729
-0.005920
-0.021729
0.002808
-0.022278
0.002808
-0.022278
0.017883
-0.013855
0.017883
-0.013855
-0.018372
-0.012695
-0.018372
-0.012695
-0.003906
-0.021973
-0.003906
-0.021973
0.004700
-0.021667
0.004700
-0.021667
0.018799
-0.012024
0.018799
-0.012024
0.008728
-0.020203
0.008728
-0.020203
0.020569
-0.008118
0.020569
-0.008118
0.022095
0.000427
0.022095
0.000427
0.015442
0.015808
0.015442
0.015808
-0.015076
0.016541
-0.015076
0.016541
-0.022278
0.000977
-0.022278
0.000977
-0.021057
-0.007568
-0.021057
-0.007568
-0.009460
-0.020325
-0.009460
-0.020325
-0.019348
-0.011353
-0.019348
-0.011353
-0.005493
-0.021729
-0.005493
-0.021729
0.003052
-0.022156
0.003052
-0.022156
0.017944
-0.013489
0.017944
-0.013489
-0.018005
-0.012878
-0.018005
-0.012878
-0.003479
-0.021912
-0.003479
-0.021912
0.005005
-0.021484
0.005005
-0.021484
0.018860
-0.011658
0.018860
-0.011658
0.009094
-0.019897
0.009094
-0.019897
0.020630
-0.007629
0.020630
-0.007629
0.021851
0.000854
0.021851
0.000854
0.014954
0.016052
0.014954
0.016052
-0.017151
-0.013733
-0.017151
-0.013733
-0.002441
-0.021912
-0.002441
-0.021912
0.006165
-0.020996
0.006165
-0.020996
0.019287
-0.010620
0.019287
-0.010620
0.010010
-0.019287
0.010010
-0.019287
0.020752
-0.006592
0.020752
-0.006592
0.021606
0.002014
0.021606
0.002014
0.013977
0.016602
0.013977
0.016602
0.011841
-0.018005
0.011841
-0.018005
0.021179
-0.004333
0.021179
-0.004333
0.021057
0.004089
0.021057
0.004089
0.012146
0.017761
0.012146
0.017761
0.019836
0.008301
0.019836
0.008301
0.008301
0.019836
0.008301
0.019836
-0.000183
0.021484
-0.000183
0.021484
-0.015320
0.015076
-0.015320
0.015076
-0.015198
0.016174
-0.015198
0.016174
-0.022034
0.000549
-0.022034
0.000549
-0.020752
-0.007690
-0.020752
-0.007690
-0.009094
-0.020203
-0.009094
-0.020203
-0.018982
-0.011658
-0.018982
-0.011658
-0.005188
-0.021667
-0.005188
-0.021667
0.003418
-0.021912
0.003418
-0.021912
0.018005
-0.013123
0.018005
-0.013123
-0.017700
-0.013000
-0.017700
-0.013000
-0.003296
-0.021790
-0.003296
-0.021790
0.005310
-0.021301
0.005310
-0.021301
0.018982
-0.011353
0.018982
-0.011353
0.009277
-0.019714
0.009277
-0.019714
0.020569
-0.007507
0.020569
-0.007507
0.021790
0.001160
0.021790
0.001160
0.014709
0.016174
0.014709
0.016174
-0.016907
-0.013916
-0.016907
-0.013916
-0.002014
-0.021790
-0.002014
-0.021790
0.006287
-0.020813
0.006287
-0.020813
0.019287
-0.010376
0.019287
-0.010376
0.010254
-0.019043
0.010254
-0.019043
0.020813
-0.006226
0.020813
-0.006226
0.021484
0.002258
0.021484
0.002258
0.013672
0.016724
0.013672
0.016724
0.011963
-0.017700
0.011963
-0.017700
0.021118
-0.004150
0.021118
-0.004150
0.021057
0.004333
0.021057
0.004333
0.011902
0.017883
0.011902
0.017883
0.019531
0.008545
0.019531
0.008545
0.007874
0.019836
0.007874
0.019836
-0.000305
0.021484
-0.000305
0.021484
-0.015381
0.014954
-0.015381
0.014954
-0.016357
-0.014221
-0.016357
-0.014221
-0.001404
-0.021667
-0.001404
-0.021667
0.006958
-0.020508
0.006958
-0.020508
0.019470
-0.009644
0.019470
-0.009644
0.010620
-0.018555
0.010620
-0.018555
0.020813
-0.005615
0.020813
-0.005615
0.021362
0.002747
0.021362
0.002747
0.013062
0.017029
0.013062
0.017029
0.012451
-0.017334
0.012451
-0.017334
0.021118
-0.003479
0.021118
-0.003479
0.020691
0.004944
0.020691
0.004944
0.011230
0.018066
0.011230
0.018066
0.019104
0.009155
0.019104
0.009155
0.007202
0.020020
0.007202
0.020020
-0.001038
0.021362
-0.001038
0.021362
-0.015808
0.014343
-0.015808
0.014343
0.013306
-0.016479
0.013306
-0.016479
0.021118
-0.002258
0.021118
-0.002258
0.020264
0.006165
0.020264
0.006165
0.010132
0.018616
0.010132
0.018616
0.018616
0.010132
0.018616
0.010132
0.006165
0.020264
0.006165
0.020264
-0.002258
0.021118
-0.002258
0.021118
-0.016479
0.013306
-0.016479
0.013306
0.017639
0.012207
0.017639
0.012207
0.003967
0.021118
0.003967
0.021118
-0.004517
0.020996
-0.004517
0.020996
-0.017944
0.011597
-0.017944
0.011597
-0.008606
0.019897
-0.008606
0.019897
-0.020081
0.007996
-0.020081
0.007996
-0.021667
-0.000244
-0.021667
-0.000244
-0.015076
-0.015503
-0.015076
-0.015503
-0.015381
0.015930
-0.015381
0.015930
-0.022095
0.000427
-0.022095
0.000427
-0.020630
-0.008057
-0.020630
-0.008057
-0.008789
-0.020325
-0.008789
-0.020325
-0.018799
-0.011841
-0.018799
-0.011841
-0.004883
-0.021606
-0.004883
-0.021606
0.003723
-0.021851
0.003723
-0.021851
0.018127
-0.012817
0.018127
-0.012817
-0.017334
-0.013245
-0.017334
-0.013245
-0.002808
-0.021667
-0.002808
-0.021667
0.005554
-0.021118
0.005554
-0.021118
0.018921
-0.011108
0.018921
-0.011108
0.009521
-0.019592
0.009521
-0.019592
0.020630
-0.007080
0.020630
-0.007080
0.021667
0.001282
0.021667
0.001282
0.014526
0.016235
0.014526
0.016235
-0.016541
-0.014038
-0.016541
-0.014038
-0.001709
-0.021667
-0.001709
-0.021667
0.006653
-0.020752
0.006653
-0.020752
0.019409
-0.010071
0.019409
-0.010071
0.010437
-0.018799
0.010437
-0.018799
0.020752
-0.005981
0.020752
-0.005981
0.021362
0.002441
0.021362
0.002441
0.013489
0.016785
0.013489
0.016785
0.012268
-0.017578
0.012268
-0.017578
0.021179
-0.003845
0.021179
-0.003845
0.020874
0.004639
0.020874
0.004639
0.011475
0.018066
0.011475
0.018066
0.019409
0.008789
0.019409
0.008789
0.007629
0.019897
0.007629
0.019897
-0.000671
0.021362
-0.000671
0.021362
-0.015381
0.014587
-0.015381
0.014587
-0.016113
-0.014221
-0.016113
-0.014221
-0.001221
-0.021484
-0.001221
-0.021484
0.007019
-0.020203
0.007019
-0.020203
0.019287
-0.009338
0.019287
-0.009338
0.010803
-0.018433
0.010803
-0.018433
0.020752
-0.005371
0.020752
-0.005371
0.021179
0.002930
0.021179
0.002930
0.013000
0.016968
0.013000
0.016968
0.012512
-0.017151
0.012512
-0.017151
0.021118
-0.003296
0.021118
-0.003296
0.020630
0.005127
0.020630
0.005127
0.011047
0.018127
0.011047
0.018127
0.019104
0.009216
0.019104
0.009216
0.007019
0.020020
0.007019
0.020020
-0.001221
0.021301
-0.001221
0.021301
-0.015747
0.014160
-0.015747
0.014160
0.013489
-0.016113
0.013489
-0.016113
0.020935
-0.001831
0.020935
-0.001831
0.020142
0.006348
0.020142
0.006348
0.009888
0.018677
0.009888
0.018677
0.018433
0.010315
0.018433
0.010315
0.005737
0.020325
0.005737
0.020325
-0.002563
0.021057
-0.002563
0.021057
-0.016541
0.013000
-0.016541
0.013000
0.017395
0.012329
0.017395
0.012329
0.003662
0.021057
0.003662
0.021057
-0.004639
0.020874
-0.004639
0.020874
-0.017944
0.011475
-0.017944
0.011475
-0.008789
0.019836
-0.008789
0.019836
-0.020203
0.007751
-0.020203
0.007751
-0.021606
-0.000488
-0.021606
-0.000488
-0.014893
-0.015686
-0.014893
-0.015686
-0.015869
-0.014648
-0.015869
-0.014648
-0.000854
-0.021606
-0.000854
-0.021606
0.007507
-0.020142
0.007507
-0.020142
0.019592
-0.009033
0.019592
-0.009033
0.011230
-0.018188
0.011230
-0.018188
0.020935
-0.005005
0.020935
-0.005005
0.021118
0.003357
0.021118
0.003357
0.012634
0.017334
0.012634
0.017334
0.012939
-0.016785
0.012939
-0.016785
0.021118
-0.002686
0.021118
-0.002686
0.020447
0.005554
0.020447
0.005554
0.010620
0.018311
0.010620
0.018311
0.018860
0.009644
0.018860
0.009644
0.006592
0.020203
0.006592
0.020203
-0.001648
0.021179
-0.001648
0.021179
-0.016113
0.013733
-0.016113
0.013733
0.013977
-0.015808
0.013977
-0.015808
0.021057
-0.001404
0.021057
-0.001404
0.020020
0.006836
0.020020
0.006836
0.009399
0.018921
0.009399
0.018921
0.018250
0.010742
0.018250
0.010742
0.005432
0.020447
0.005432
0.020447
-0.002991
0.020996
-0.002991
0.020996
-0.016968
0.012756
-0.016968
0.012756
0.017212
0.012695
0.017212
0.012695
0.003235
0.021057
0.003235
0.021057
-0.005066
0.020752
-0.005066
0.020752
-0.018188
0.011169
-0.018188
0.011169
-0.009155
0.019592
-0.009155
0.019592
-0.020203
0.007263
-0.020203
0.007263
-0.021545
-0.000916
-0.021545
-0.000916
-0.014526
-0.015930
-0.014526
-0.015930
0.014343
-0.015625
0.014343
-0.015625
0.021240
-0.000916
0.021240
-0.000916
0.019897
0.007324
0.019897
0.007324
0.008972
0.019226
0.008972
0.019226
0.018005
0.011292
0.018005
0.011292
0.004822
0.020630
0.004822
0.020630
-0.003601
0.021057
-0.003601
0.021057
-0.017334
0.012329
-0.017334
0.012329
0.016907
0.013245
0.016907
0.013245
0.002747
0.021240
0.002747
0.021240
-0.005798
0.020752
-0.005798
0.020752
-0.018738
0.010559
-0.018738
0.010559
-0.009766
0.019348
-0.009766
0.019348
-0.020508
0.006775
-0.020508
0.006775
-0.021606
-0.001526
-0.021606
-0.001526
-0.014099
-0.016418
-0.014099
-0.016418
0.016296
0.014282
0.016296
0.014282
0.001465
0.021606
0.001465
0.021606
-0.006836
0.020630
-0.006836
0.020630
-0.019348
0.009705
-0.019348
0.009705
-0.010803
0.019043
-0.010803
0.019043
-0.020935
0.005798
-0.020935
0.005798
-0.021790
-0.002808
-0.021790
-0.002808
-0.013306
-0.017395
-0.013306
-0.017395
-0.012695
0.018127
-0.012695
0.018127
-0.021729
0.003784
-0.021729
0.003784
-0.021667
-0.004700
-0.021667
-0.004700
-0.011902
-0.018738
-0.011902
-0.018738
-0.020325
-0.008728
-0.020325
-0.008728
-0.008118
-0.020569
-0.008118
-0.020569
0.000183
-0.022095
0.000183
-0.022095
0.015869
-0.015564
0.015869
-0.015564
-0.015503
0.015808
-0.015503
0.015808
-0.022095
0.000244
-0.022095
0.000244
-0.020630
-0.008057
-0.020630
-0.008057
-0.008850
-0.020264
-0.008850
-0.020264
-0.018677
-0.011902
-0.018677
-0.011902
-0.004761
-0.021606
-0.004761
-0.021606
0.003784
-0.021667
0.003784
-0.021667
0.018127
-0.012695
0.018127
-0.012695
-0.017395
-0.013306
-0.017395
-0.013306
-0.002808
-0.021790
-0.002808
-0.021790
0.005554
-0.021118
0.005554
-0.021118
0.018982
-0.011047
0.018982
-0.011047
0.009583
-0.019470
0.009583
-0.019470
0.020630
-0.006958
0.020630
-0.006958
0.021729
0.001465
0.021729
0.001465
0.014404
0.016357
0.014404
0.016357
-0.016541
-0.014160
-0.016541
-0.014160
-0.001648
-0.021667
-0.001648
-0.021667
0.006714
-0.020691
0.006714
-0.020691
0.019409
-0.009888
0.019409
-0.009888
0.010498
-0.018738
0.010498
-0.018738
0.020752
-0.005920
0.020752
-0.005920
0.021301
0.002502
0.021301
0.002502
0.013367
0.016907
0.013367
0.016907
0.012207
-0.017395
0.012207
-0.017395
0.021118
-0.003723
0.021118
-0.003723
0.020874
0.004700
0.020874
0.004700
0.011536
0.018066
0.011536
0.018066
0.019348
0.008850
0.019348
0.008850
0.007568
0.019836
0.007568
0.019836
-0.000793
0.021301
-0.000793
0.021301
-0.015503
0.014465
-0.015503
0.014465
-0.016113
-0.014343
-0.016113
-0.014343
-0.001160
-0.021606
-0.001160
-0.021606
0.007202
-0.020325
0.007202
-0.020325
0.019592
-0.009338
0.019592
-0.009338
0.010925
-0.018433
0.010925
-0.018433
0.020813
-0.005249
0.020813
-0.005249
0.021057
0.003052
0.021057
0.003052
0.012817
0.017090
0.012817
0.017090
0.012512
-0.016907
0.012512
-0.016907
0.020935
-0.003113
0.020935
-0.003113
0.020447
0.005127
0.020447
0.005127
0.010864
0.018127
0.010864
0.018127
0.019043
0.009216
0.019043
0.009216
0.007019
0.019897
0.007019
0.019897
-0.001221
0.021179
-0.001221
0.021179
-0.015747
0.013977
-0.015747
0.013977
0.013611
-0.016113
0.013611
-0.016113
0.021118
-0.001770
0.021118
-0.001770
0.020264
0.006470
0.020264
0.006470
0.009766
0.018799
0.009766
0.018799
0.018372
0.010559
0.018372
0.010559
0.005676
0.020447
0.005676
0.020447
-0.002686
0.021179
-0.002686
0.021179
-0.016724
0.013062
-0.016724
0.013062
0.017334
0.012390
0.017334
0.012390
0.003479
0.021057
0.003479
0.021057
-0.004883
0.020874
-0.004883
0.020874
-0.018127
0.011292
-0.018127
0.011292
-0.008728
0.019714
-0.008728
0.019714
-0.020081
0.007629
-0.020081
0.007629
-0.021545
-0.000610
-0.021545
-0.000610
-0.014771
-0.015625
-0.014771
-0.015625
-0.015625
-0.014771
-0.015625
-0.014771
-0.000610
-0.021545
-0.000610
-0.021545
0.007629
-0.020081
0.007629
-0.020081
0.019714
-0.008728
0.019714
-0.008728
0.011292
-0.018127
0.011292
-0.018127
0.020874
-0.004883
0.020874
-0.004883
0.021057
0.003479
0.021057
0.003479
0.012390
0.017334
0.012390
0.017334
0.013062
-0.016724
0.013062
-0.016724
0.021179
-0.002625
0.021179
-0.002625
0.020508
0.005737
0.020508
0.005737
0.010559
0.018555
0.010559
0.018555
0.018860
0.009827
0.018860
0.009827
0.006470
0.020325
0.006470
0.020325
-0.001770
0.021179
-0.001770
0.021179
-0.016174
0.013672
-0.016174
0.013672
0.014099
-0.015747
0.014099
-0.015747
0.021179
-0.001221
0.021179
-0.001221
0.020020
0.007019
0.020020
0.007019
0.009216
0.019104
0.009216
0.019104
0.018188
0.010986
0.018188
0.010986
0.005127
0.020569
0.005127
0.020569
-0.003174
0.020935
-0.003174
0.020935
-0.016968
0.012512
-0.016968
0.012512
0.016907
0.012878
0.016907
0.012878
0.002991
0.021057
0.002991
0.021057
-0.005310
0.020691
-0.005310
0.020691
-0.018311
0.010864
-0.018311
0.010864
-0.009399
0.019409
-0.009399
0.019409
-0.020386
0.007080
-0.020386
0.007080
-0.021545
-0.001160
-0.021545
-0.001160
-0.014221
-0.016113
-0.014221
-0.016113
0.014526
-0.015442
0.014526
-0.015442
0.021240
-0.000671
0.021240
-0.000671
0.019836
0.007568
0.019836
0.007568
0.008850
0.019348
0.008850
0.019348
0.018005
0.011475
0.018005
0.011475
0.004639
0.020874
0.004639
0.020874
-0.003723
0.021057
-0.003723
0.021057
-0.017395
0.012207
-0.017395
0.012207
0.016907
0.013367
0.016907
0.013367
0.002563
0.021362
0.002563
0.021362
-0.005920
0.020752
-0.005920
0.020752
-0.018738
0.010498
-0.018738
0.010498
-0.009888
0.019409
-0.009888
0.019409
-0.020630
0.006714
-0.020630
0.006714
-0.021667
-0.001648
-0.021667
-0.001648
-0.014038
-0.016541
-0.014038
-0.016541
0.016296
0.014404
0.016296
0.014404
0.001465
0.021606
0.001465
0.021606
-0.006958
0.020630
-0.006958
0.020630
-0.019409
0.009521
-0.019409
0.009521
-0.010925
0.018921
-0.010925
0.018921
-0.020996
0.005615
-0.020996
0.005615
-0.021667
-0.002808
-0.021667
-0.002808
-0.013245
-0.017334
-0.013245
-0.017334
-0.012695
0.018127
-0.012695
0.018127
-0.021667
0.003784
-0.021667
0.003784
-0.021606
-0.004761
-0.021606
-0.004761
-0.011902
-0.018677
-0.011902
-0.018677
-0.020264
-0.008850
-0.020264
-0.008850
-0.008057
-0.020630
-0.008057
-0.020630
0.000244
-0.022095
0.000244
-0.022095
0.015808
-0.015503
0.015808
-0.015503
-0.015747
-0.015015
-0.015747
-0.015015
-0.000488
-0.021790
-0.000488
-0.021790
0.007812
-0.020081
0.007812
-0.020081
0.019836
-0.008728
0.019836
-0.008728
0.011597
-0.018127
0.011597
-0.018127
0.021057
-0.004700
0.021057
-0.004700
0.021179
0.003784
0.021179
0.003784
0.012329
0.017578
0.012329
0.017578
0.013245
-0.016602
0.013245
-0.016602
0.021179
-0.002380
0.021179
-0.002380
0.020325
0.005859
0.020325
0.005859
0.010315
0.018555
0.010315
0.018555
0.018738
0.010071
0.018738
0.010071
0.006226
0.020325
0.006226
0.020325
-0.002075
0.021240
-0.002075
0.021240
-0.016418
0.013550
-0.016418
0.013550
0.014160
-0.015808
0.014160
-0.015808
0.021301
-0.001160
0.021301
-0.001160
0.020020
0.007141
0.020020
0.007141
0.009094
0.019104
0.009094
0.019104
0.018127
0.011169
0.018127
0.011169
0.005005
0.020630
0.005005
0.020630
-0.003357
0.020996
-0.003357
0.020996
-0.017151
0.012451
-0.017151
0.012451
0.016968
0.013062
0.016968
0.013062
0.002808
0.021240
0.002808
0.021240
-0.005554
0.020752
-0.005554
0.020752
-0.018616
0.010742
-0.018616
0.010742
-0.009583
0.019592
-0.009583
0.019592
-0.020508
0.007019
-0.020508
0.007019
-0.021667
-0.001282
-0.021667
-0.001282
-0.014343
-0.016296
-0.014343
-0.016296
0.014709
-0.015503
0.014709
-0.015503
0.021484
-0.000610
0.021484
-0.000610
0.020020
0.007751
0.020020
0.007751
0.008667
0.019592
0.008667
0.019592
0.017944
0.011597
0.017944
0.011597
0.004517
0.020813
0.004517
0.020813
-0.004028
0.021118
-0.004028
0.021118
-0.017639
0.012207
-0.017639
0.012207
0.016724
0.013611
0.016724
0.013611
0.002319
0.021362
0.002319
0.021362
-0.006165
0.020752
-0.006165
0.020752
-0.018921
0.010254
-0.018921
0.010254
-0.010193
0.019287
-0.010193
0.019287
-0.020752
0.006470
-0.020752
0.006470
-0.021667
-0.001831
-0.021667
-0.001831
-0.013977
-0.016724
-0.013977
-0.016724
0.016357
0.014648
0.016357
0.014648
0.001282
0.021790
0.001282
0.021790
-0.007263
0.020691
-0.007263
0.020691
-0.019714
0.009460
-0.019714
0.009460
-0.011230
0.019043
-0.011230
0.019043
-0.021301
0.005493
-0.021301
0.005493
-0.021851
-0.003052
-0.021851
-0.003052
-0.013123
-0.017700
-0.013123
-0.017700
-0.012939
0.018188
-0.012939
0.018188
-0.021851
0.003662
-0.021851
0.003662
-0.021667
-0.004944
-0.021667
-0.004944
-0.011841
-0.018799
-0.011841
-0.018799
-0.020325
-0.008789
-0.020325
-0.008789
-0.008057
-0.020630
-0.008057
-0.020630
0.000488
-0.022156
0.000488
-0.022156
0.016174
-0.015381
0.016174
-0.015381
0.015198
-0.015381
0.015198
-0.015381
0.021667
-0.000183
0.021667
-0.000183
0.020020
0.008240
0.020020
0.008240
0.008484
0.019897
0.008484
0.019897
0.017944
0.011963
0.017944
0.011963
0.004395
0.021118
0.004395
0.021118
-0.004211
0.021179
-0.004211
0.021179
-0.017883
0.011902
-0.017883
0.011902
0.016785
0.013794
0.016785
0.013794
0.002075
0.021606
0.002075
0.021606
-0.006348
0.020874
-0.006348
0.020874
-0.019165
0.010254
-0.019165
0.010254
-0.010437
0.019287
-0.010437
0.019287
-0.020935
0.006287
-0.020935
0.006287
-0.021851
-0.002197
-0.021851
-0.002197
-0.013855
-0.017090
-0.013855
-0.017090
0.016174
0.014832
0.016174
0.014832
0.000977
0.021973
0.000977
0.021973
-0.007568
0.020691
-0.007568
0.020691
-0.019897
0.009216
-0.019897
0.009216
-0.011414
0.018982
-0.011414
0.018982
-0.021484
0.005249
-0.021484
0.005249
-0.021973
-0.003296
-0.021973
-0.003296
-0.013000
-0.017883
-0.013000
-0.017883
-0.013367
0.018005
-0.013367
0.018005
-0.022156
0.003235
-0.022156
0.003235
-0.021851
-0.005310
-0.021851
-0.005310
-0.011536
-0.019226
-0.011536
-0.019226
-0.020264
-0.009338
-0.020264
-0.009338
-0.007690
-0.020996
-0.007690
-0.020996
0.000854
-0.022217
0.000854
-0.022217
0.016418
-0.015137
0.016418
-0.015137
0.016052
0.015320
0.016052
0.015320
0.000671
0.022095
0.000671
0.022095
-0.007996
0.020630
-0.007996
0.020630
-0.020203
0.008972
-0.020203
0.008972
-0.011963
0.018982
-0.011963
0.018982
-0.021729
0.004883
-0.021729
0.004883
-0.022156
-0.003723
-0.022156
-0.003723
-0.013000
-0.018311
-0.013000
-0.018311
-0.013611
0.017822
-0.013611
0.017822
-0.022156
0.002930
-0.022156
0.002930
-0.021667
-0.005798
-0.021667
-0.005798
-0.011230
-0.019470
-0.011230
-0.019470
-0.020386
-0.009705
-0.020386
-0.009705
-0.007385
-0.021301
-0.007385
-0.021301
0.001099
-0.022461
0.001099
-0.022461
0.016724
-0.015076
0.016724
-0.015076
-0.014404
0.017334
-0.014404
0.017334
-0.022339
0.001953
-0.022339
0.001953
-0.021545
-0.006592
-0.021545
-0.006592
-0.010437
-0.019897
-0.010437
-0.019897
-0.019897
-0.010559
-0.019897
-0.010559
-0.006531
-0.021545
-0.006531
-0.021545
0.002197
-0.022339
0.002197
-0.022339
0.017456
-0.014343
0.017456
-0.014343
-0.018677
-0.012146
-0.018677
-0.012146
-0.004456
-0.021851
-0.004456
-0.021851
0.004211
-0.021912
0.004211
-0.021912
0.018555
-0.012573
0.018555
-0.012573
0.008240
-0.020569
0.008240
-0.020569
0.020386
-0.008728
0.020386
-0.008728
0.022095
-0.000183
0.022095
-0.000183
0.015869
0.015442
0.015869
0.015442
