-0.125000
0.003479
-0.125000
0.003479
-0.090820
-0.085938
-0.090820
-0.085938
-0.051025
-0.114014
-0.051025
-0.114014
0.044617
-0.116821
0.044617
-0.116821
-0.028015
-0.121704
-0.028015
-0.121704
0.066406
-0.105896
0.066406
-0.105896
0.101685
-0.072327
0.101685
-0.072327
0.123169
0.020691
0.123169
0.020691
-0.015869
-0.123535
-0.015869
-0.123535
0.076355
-0.098633
0.076355
-0.098633
0.108154
-0.061951
0.108154
-0.061951
0.120361
0.032593
0.120361
0.032593
0.117920
-0.039490
0.117920
-0.039490
0.111389
0.055420
0.111389
0.055420
0.081604
0.093994
0.081604
0.093994
-0.008606
0.124084
-0.008606
0.124084
-0.009705
-0.124146
-0.009705
-0.124146
0.081055
-0.094666
0.081055
-0.094666
0.110962
-0.056335
0.110962
-0.056335
0.118408
0.038574
0.118408
0.038574
0.119751
-0.033447
0.119751
-0.033447
0.108337
0.060974
0.108337
0.060974
0.076721
0.097900
0.076721
0.097900
-0.014832
0.123352
-0.014832
0.123352
0.122437
-0.021179
0.122437
-0.021179
0.101562
0.071472
0.101562
0.071472
0.066467
0.104980
0.066467
0.104980
-0.027222
0.121155
-0.027222
0.121155
0.044617
0.116150
0.044617
0.116150
-0.050476
0.113708
-0.050476
0.113708
-0.090210
0.085754
-0.090210
0.085754
-0.124390
-0.003113
-0.124390
-0.003113
