0.014587
-0.014343
0.014587
-0.014343
0.020447
0.000061
0.020447
0.000061
0.018799
0.007935
0.018799
0.007935
0.007812
0.018860
0.007812
0.018860
0.016785
0.011597
0.016785
0.011597
0.003784
0.020020
0.003784
0.020020
-0.004211
0.020081
-0.004211
0.020081
-0.017090
0.011169
-0.017090
0.011169
0.015564
0.013428
0.015564
0.013428
0.001587
0.020508
0.001587
0.020508
-0.006470
0.019531
-0.006470
0.019531
-0.018250
0.009277
-0.018250
0.009277
-0.010193
0.018250
-0.010193
0.018250
-0.020081
0.005615
-0.020081
0.005615
-0.020691
-0.002502
-0.020691
-0.002502
-0.012878
-0.016418
-0.012878
-0.016418
0.015015
0.014221
0.015015
0.014221
0.000671
0.020691
0.000671
0.020691
-0.007385
0.019409
-0.007385
0.019409
-0.018921
0.008423
-0.018921
0.008423
-0.011230
0.017822
-0.011230
0.017822
-0.020447
0.004578
-0.020447
0.004578
-0.020813
-0.003479
-0.020813
-0.003479
-0.012146
-0.017273
-0.012146
-0.017273
-0.012878
0.016846
-0.012878
0.016846
-0.020813
0.002686
-0.020813
0.002686
-0.020447
-0.005371
-0.020447
-0.005371
-0.010620
-0.018311
-0.010620
-0.018311
-0.019165
-0.009033
-0.019165
-0.009033
-0.007080
-0.019897
-0.007080
-0.019897
0.001099
-0.020996
0.001099
-0.020996
0.015625
-0.014160
0.015625
-0.014160
0.014954
0.014587
0.014954
0.014587
0.000244
0.020874
0.000244
0.020874
-0.007812
0.019409
-0.007812
0.019409
-0.019165
0.008179
-0.019165
0.008179
-0.011536
0.017578
-0.011536
0.017578
-0.020447
0.004333
-0.020447
0.004333
-0.020752
-0.003723
-0.020752
-0.003723
-0.011902
-0.017395
-0.011902
-0.017395
-0.013123
0.016663
-0.013123
0.016663
-0.020935
0.002502
-0.020935
0.002502
-0.020508
-0.005615
-0.020508
-0.005615
-0.010437
-0.018494
-0.010437
-0.018494
-0.019043
-0.009338
-0.019043
-0.009338
-0.006836
-0.020081
-0.006836
-0.020081
0.001404
-0.021057
0.001404
-0.021057
0.015991
-0.013855
0.015991
-0.013855
-0.013916
0.016174
-0.013916
0.016174
-0.021118
0.001587
-0.021118
0.001587
-0.020203
-0.006531
-0.020203
-0.006531
-0.009583
-0.018982
-0.009583
-0.018982
-0.018616
-0.010254
-0.018616
-0.010254
-0.005798
-0.020508
-0.005798
-0.020508
0.002380
-0.020996
0.002380
-0.020996
0.016602
-0.013123
0.016602
-0.013123
-0.017578
-0.011719
-0.017578
-0.011719
-0.004028
-0.020691
-0.004028
-0.020691
0.004272
-0.020569
0.004272
-0.020569
0.017578
-0.011658
0.017578
-0.011658
0.008057
-0.019287
0.008057
-0.019287
0.019409
-0.007996
0.019409
-0.007996
0.020813
0.000122
0.020813
0.000122
0.014709
0.014832
0.014709
0.014832
0.014709
0.014709
0.014709
0.014709
0.000000
0.020752
0.000000
0.020752
-0.007996
0.019287
-0.007996
0.019287
-0.019348
0.007935
-0.019348
0.007935
-0.011597
0.017456
-0.011597
0.017456
-0.020508
0.004089
-0.020508
0.004089
-0.020691
-0.004028
-0.020691
-0.004028
-0.011658
-0.017456
-0.011658
-0.017456
-0.013245
0.016541
-0.013245
0.016541
-0.020996
0.002319
-0.020996
0.002319
-0.020386
-0.005798
-0.020386
-0.005798
-0.010193
-0.018616
-0.010193
-0.018616
-0.018921
-0.009583
-0.018921
-0.009583
-0.006470
-0.020203
-0.006470
-0.020203
0.001587
-0.021118
0.001587
-0.021118
0.016174
-0.013916
0.016174
-0.013916
-0.013855
0.015991
-0.013855
0.015991
-0.021057
0.001404
-0.021057
0.001404
-0.020081
-0.006836
-0.020081
-0.006836
-0.009338
-0.019043
-0.009338
-0.019043
-0.018494
-0.010437
-0.018494
-0.010437
-0.005615
-0.020508
-0.005615
-0.020508
0.002502
-0.020935
0.002502
-0.020935
0.016663
-0.013123
0.016663
-0.013123
-0.017395
-0.011902
-0.017395
-0.011902
-0.003723
-0.020752
-0.003723
-0.020752
0.004333
-0.020447
0.004333
-0.020447
0.017578
-0.011536
0.017578
-0.011536
0.008179
-0.019165
0.008179
-0.019165
0.019409
-0.007812
0.019409
-0.007812
0.020874
0.000244
0.020874
0.000244
0.014587
0.014954
0.014587
0.014954
-0.014160
0.015625
-0.014160
0.015625
-0.020996
0.001099
-0.020996
0.001099
-0.019897
-0.007080
-0.019897
-0.007080
-0.009033
-0.019165
-0.009033
-0.019165
-0.018311
-0.010620
-0.018311
-0.010620
-0.005371
-0.020447
-0.005371
-0.020447
0.002686
-0.020813
0.002686
-0.020813
0.016846
-0.012878
0.016846
-0.012878
-0.017273
-0.012146
-0.017273
-0.012146
-0.003479
-0.020813
-0.003479
-0.020813
0.004578
-0.020447
0.004578
-0.020447
0.017822
-0.011230
0.017822
-0.011230
0.008423
-0.018921
0.008423
-0.018921
0.019409
-0.007385
0.019409
-0.007385
0.020691
0.000671
0.020691
0.000671
0.014221
0.015015
0.014221
0.015015
-0.016418
-0.012878
-0.016418
-0.012878
-0.002502
-0.020691
-0.002502
-0.020691
0.005615
-0.020081
0.005615
-0.020081
0.018250
-0.010193
0.018250
-0.010193
0.009277
-0.018250
0.009277
-0.018250
0.019531
-0.006470
0.019531
-0.006470
0.020508
0.001587
0.020508
0.001587
0.013428
0.015564
0.013428
0.015564
0.011169
-0.017090
0.011169
-0.017090
0.020081
-0.004211
0.020081
-0.004211
0.020020
0.003784
0.020020
0.003784
0.011597
0.016785
0.011597
0.016785
0.018860
0.007812
0.018860
0.007812
0.007935
0.018799
0.007935
0.018799
0.000061
0.020447
0.000061
0.020447
-0.014343
0.014587
-0.014343
0.014587
0.014709
0.014709
0.014709
0.014709
0.000000
0.020813
0.000000
0.020813
-0.008057
0.019226
-0.008057
0.019226
-0.019226
0.007935
-0.019226
0.007935
-0.011597
0.017456
-0.011597
0.017456
-0.020508
0.004089
-0.020508
0.004089
-0.020691
-0.004028
-0.020691
-0.004028
-0.011658
-0.017456
-0.011658
-0.017456
-0.013245
0.016541
-0.013245
0.016541
-0.020996
0.002319
-0.020996
0.002319
-0.020386
-0.005798
-0.020386
-0.005798
-0.010193
-0.018616
-0.010193
-0.018616
-0.019043
-0.009583
-0.019043
-0.009583
-0.006531
-0.020264
-0.006531
-0.020264
0.001587
-0.021118
0.001587
-0.021118
0.016174
-0.013916
0.016174
-0.013916
-0.013855
0.015869
-0.013855
0.015869
-0.020935
0.001404
-0.020935
0.001404
-0.020020
-0.006714
-0.020020
-0.006714
-0.009338
-0.018860
-0.009338
-0.018860
-0.018433
-0.010376
-0.018433
-0.010376
-0.005676
-0.020447
-0.005676
-0.020447
0.002441
-0.020935
0.002441
-0.020935
0.016602
-0.013123
0.016602
-0.013123
-0.017395
-0.011841
-0.017395
-0.011841
-0.003967
-0.020691
-0.003967
-0.020691
0.004272
-0.020569
0.004272
-0.020569
0.017639
-0.011597
0.017639
-0.011597
0.008057
-0.019104
0.008057
-0.019104
0.019287
-0.007812
0.019287
-0.007812
0.020813
0.000183
0.020813
0.000183
0.014709
0.014771
0.014709
0.014771
-0.014038
0.015625
-0.014038
0.015625
-0.020935
0.001038
-0.020935
0.001038
-0.019897
-0.006958
-0.019897
-0.006958
-0.009094
-0.019043
-0.009094
-0.019043
-0.018311
-0.010620
-0.018311
-0.010620
-0.005371
-0.020447
-0.005371
-0.020447
0.002747
-0.020813
0.002747
-0.020813
0.016785
-0.012817
0.016785
-0.012817
-0.017090
-0.012085
-0.017090
-0.012085
-0.003479
-0.020630
-0.003479
-0.020630
0.004578
-0.020386
0.004578
-0.020386
0.017700
-0.011230
0.017700
-0.011230
0.008545
-0.018921
0.008545
-0.018921
0.019592
-0.007385
0.019592
-0.007385
0.020691
0.000610
0.020691
0.000610
0.014221
0.015015
0.014221
0.015015
-0.016418
-0.012756
-0.016418
-0.012756
-0.002502
-0.020630
-0.002502
-0.020630
0.005493
-0.019836
0.005493
-0.019836
0.018005
-0.010193
0.018005
-0.010193
0.009277
-0.018372
0.009277
-0.018372
0.019653
-0.006531
0.019653
-0.006531
0.020447
0.001587
0.020447
0.001587
0.013489
0.015503
0.013489
0.015503
0.011047
-0.016968
0.011047
-0.016968
0.019958
-0.004211
0.019958
-0.004211
0.020020
0.003784
0.020020
0.003784
0.011475
0.016785
0.011475
0.016785
0.018738
0.007874
0.018738
0.007874
0.007812
0.018799
0.007812
0.018799
-0.000061
0.020386
-0.000061
0.020386
-0.014404
0.014282
-0.014404
0.014282
-0.014343
0.015320
-0.014343
0.015320
-0.020935
0.000732
-0.020935
0.000732
-0.019653
-0.007263
-0.019653
-0.007263
-0.008728
-0.019043
-0.008728
-0.019043
-0.018066
-0.010681
-0.018066
-0.010681
-0.005127
-0.020386
-0.005127
-0.020386
0.002991
-0.020752
0.002991
-0.020752
0.016846
-0.012573
0.016846
-0.012573
-0.016907
-0.012146
-0.016907
-0.012146
-0.003235
-0.020630
-0.003235
-0.020630
0.004761
-0.020081
0.004761
-0.020081
0.017700
-0.010925
0.017700
-0.010925
0.008606
-0.018738
0.008606
-0.018738
0.019348
-0.007263
0.019348
-0.007263
0.020569
0.000732
0.020569
0.000732
0.014099
0.015076
0.014099
0.015076
-0.016052
-0.013062
-0.016052
-0.013062
-0.002014
-0.020691
-0.002014
-0.020691
0.005920
-0.019775
0.005920
-0.019775
0.018250
-0.009766
0.018250
-0.009766
0.009521
-0.018127
0.009521
-0.018127
0.019592
-0.006104
0.019592
-0.006104
0.020264
0.001953
0.020264
0.001953
0.013062
0.015625
0.013062
0.015625
0.011230
-0.016907
0.011230
-0.016907
0.020020
-0.004028
0.020020
-0.004028
0.019836
0.003967
0.019836
0.003967
0.011292
0.016785
0.011292
0.016785
0.018555
0.007996
0.018555
0.007996
0.007507
0.018799
0.007507
0.018799
-0.000183
0.020325
-0.000183
0.020325
-0.014465
0.014160
-0.014465
0.014160
-0.015503
-0.013306
-0.015503
-0.013306
-0.001465
-0.020386
-0.001465
-0.020386
0.006348
-0.019226
0.006348
-0.019226
0.018188
-0.009155
0.018188
-0.009155
0.009827
-0.017639
0.009827
-0.017639
0.019531
-0.005554
0.019531
-0.005554
0.020081
0.002380
0.020081
0.002380
0.012573
0.015808
0.012573
0.015808
0.011536
-0.016418
0.011536
-0.016418
0.019836
-0.003479
0.019836
-0.003479
0.019592
0.004578
0.019592
0.004578
0.010681
0.017029
0.010681
0.017029
0.018127
0.008362
0.018127
0.008362
0.006958
0.018677
0.006958
0.018677
-0.000732
0.019897
-0.000732
0.019897
-0.014587
0.013489
-0.014587
0.013489
0.012512
-0.015564
0.012512
-0.015564
0.019836
-0.002197
0.019836
-0.002197
0.019104
0.005615
0.019104
0.005615
0.009583
0.017517
0.009583
0.017517
0.017517
0.009583
0.017517
0.009583
0.005676
0.019165
0.005676
0.019165
-0.002258
0.019958
-0.002258
0.019958
-0.015503
0.012512
-0.015503
0.012512
0.016602
0.011353
0.016602
0.011353
0.003845
0.019836
0.003845
0.019836
-0.004150
0.019775
-0.004150
0.019775
-0.016907
0.011047
-0.016907
0.011047
-0.008118
0.018677
-0.008118
0.018677
-0.018860
0.007507
-0.018860
0.007507
-0.020386
-0.000183
-0.020386
-0.000183
-0.014221
-0.014587
-0.014221
-0.014587
0.014587
0.014709
0.014587
0.014709
-0.000061
0.020752
-0.000061
0.020752
-0.008118
0.019226
-0.008118
0.019226
-0.019226
0.007812
-0.019226
0.007812
-0.011841
0.017395
-0.011841
0.017395
-0.020691
0.003906
-0.020691
0.003906
-0.020569
-0.004211
-0.020569
-0.004211
-0.011536
-0.017578
-0.011536
-0.017578
-0.013306
0.016418
-0.013306
0.016418
-0.020813
0.002136
-0.020813
0.002136
-0.020203
-0.005859
-0.020203
-0.005859
-0.010071
-0.018494
-0.010071
-0.018494
-0.018799
-0.009521
-0.018799
-0.009521
-0.006531
-0.020020
-0.006531
-0.020020
0.001587
-0.020935
0.001587
-0.020935
0.016052
-0.013733
0.016052
-0.013733
-0.013855
0.015808
-0.013855
0.015808
-0.020935
0.001343
-0.020935
0.001343
-0.020020
-0.006836
-0.020020
-0.006836
-0.009338
-0.018982
-0.009338
-0.018982
-0.018372
-0.010315
-0.018372
-0.010315
-0.005615
-0.020386
-0.005615
-0.020386
0.002563
-0.020813
0.002563
-0.020813
0.016602
-0.012939
0.016602
-0.012939
-0.017273
-0.011902
-0.017273
-0.011902
-0.003723
-0.020630
-0.003723
-0.020630
0.004395
-0.020386
0.004395
-0.020386
0.017578
-0.011414
0.017578
-0.011414
0.008240
-0.019043
0.008240
-0.019043
0.019348
-0.007629
0.019348
-0.007629
0.020691
0.000427
0.020691
0.000427
0.014465
0.014832
0.014465
0.014832
-0.014038
0.015564
-0.014038
0.015564
-0.020813
0.001038
-0.020813
0.001038
-0.019836
-0.006958
-0.019836
-0.006958
-0.009033
-0.019043
-0.009033
-0.019043
-0.018066
-0.010437
-0.018066
-0.010437
-0.005249
-0.020203
-0.005249
-0.020203
0.002869
-0.020813
0.002869
-0.020813
0.016724
-0.012756
0.016724
-0.012756
-0.016968
-0.012146
-0.016968
-0.012146
-0.003296
-0.020569
-0.003296
-0.020569
0.004639
-0.020325
0.004639
-0.020325
0.017639
-0.011108
0.017639
-0.011108
0.008423
-0.018738
0.008423
-0.018738
0.019287
-0.007385
0.019287
-0.007385
0.020508
0.000671
0.020508
0.000671
0.014099
0.014954
0.014099
0.014954
-0.016418
-0.012695
-0.016418
-0.012695
-0.002441
-0.020630
-0.002441
-0.020630
0.005554
-0.019836
0.005554
-0.019836
0.018066
-0.010071
0.018066
-0.010071
0.009155
-0.018066
0.009155
-0.018066
0.019348
-0.006348
0.019348
-0.006348
0.020264
0.001526
0.020264
0.001526
0.013306
0.015381
0.013306
0.015381
0.011047
-0.016968
0.011047
-0.016968
0.019958
-0.004211
0.019958
-0.004211
0.019897
0.003845
0.019897
0.003845
0.011414
0.016785
0.011414
0.016785
0.018677
0.007690
0.018677
0.007690
0.007874
0.018677
0.007874
0.018677
0.000000
0.020325
0.000000
0.020325
-0.014282
0.014343
-0.014282
0.014343
-0.014221
0.015259
-0.014221
0.015259
-0.020813
0.000671
-0.020813
0.000671
-0.019592
-0.007263
-0.019592
-0.007263
-0.008606
-0.018982
-0.008606
-0.018982
-0.017822
-0.010803
-0.017822
-0.010803
-0.004883
-0.020203
-0.004883
-0.020203
0.003113
-0.020508
0.003113
-0.020508
0.016785
-0.012268
0.016785
-0.012268
-0.016785
-0.012146
-0.016785
-0.012146
-0.003113
-0.020508
-0.003113
-0.020508
0.004944
-0.020020
0.004944
-0.020020
0.017639
-0.010742
0.017639
-0.010742
0.008667
-0.018433
0.008667
-0.018433
0.019287
-0.007019
0.019287
-0.007019
0.020447
0.000916
0.020447
0.000916
0.013916
0.015015
0.013916
0.015015
-0.015869
-0.013000
-0.015869
-0.013000
-0.001953
-0.020447
-0.001953
-0.020447
0.005859
-0.019531
0.005859
-0.019531
0.018066
-0.009705
0.018066
-0.009705
0.009521
-0.017761
0.009521
-0.017761
0.019348
-0.005920
0.019348
-0.005920
0.020081
0.002014
0.020081
0.002014
0.012878
0.015564
0.012878
0.015564
0.011169
-0.016541
0.011169
-0.016541
0.019836
-0.003845
0.019836
-0.003845
0.019714
0.004028
0.019714
0.004028
0.011230
0.016785
0.011230
0.016785
0.018372
0.008057
0.018372
0.008057
0.007507
0.018616
0.007507
0.018616
-0.000305
0.020142
-0.000305
0.020142
-0.014404
0.013977
-0.014404
0.013977
-0.015320
-0.013306
-0.015320
-0.013306
-0.001343
-0.020264
-0.001343
-0.020264
0.006287
-0.019226
0.006287
-0.019226
0.018188
-0.009155
0.018188
-0.009155
0.009827
-0.017456
0.009827
-0.017456
0.019348
-0.005371
0.019348
-0.005371
0.019836
0.002502
0.019836
0.002502
0.012390
0.015747
0.012390
0.015747
0.011597
-0.016174
0.011597
-0.016174
0.019775
-0.003296
0.019775
-0.003296
0.019470
0.004517
0.019470
0.004517
0.010620
0.016968
0.010620
0.016968
0.018005
0.008423
0.018005
0.008423
0.006897
0.018616
0.006897
0.018616
-0.000977
0.020020
-0.000977
0.020020
-0.014771
0.013428
-0.014771
0.013428
0.012573
-0.015503
0.012573
-0.015503
0.019897
-0.002136
0.019897
-0.002136
0.019043
0.005615
0.019043
0.005615
0.009583
0.017456
0.009583
0.017456
0.017517
0.009583
0.017517
0.009583
0.005676
0.019165
0.005676
0.019165
-0.002197
0.019836
-0.002197
0.019836
-0.015503
0.012512
-0.015503
0.012512
0.016418
0.011414
0.016418
0.011414
0.003662
0.019714
0.003662
0.019714
-0.004211
0.019592
-0.004211
0.019592
-0.016846
0.010864
-0.016846
0.010864
-0.008118
0.018677
-0.008118
0.018677
-0.018799
0.007385
-0.018799
0.007385
-0.020386
-0.000183
-0.020386
-0.000183
-0.014160
-0.014526
-0.014160
-0.014526
-0.014282
0.015137
-0.014282
0.015137
-0.020691
0.000549
-0.020691
0.000549
-0.019348
-0.007385
-0.019348
-0.007385
-0.008423
-0.018921
-0.008423
-0.018921
-0.017822
-0.010803
-0.017822
-0.010803
-0.004883
-0.020203
-0.004883
-0.020203
0.003174
-0.020386
0.003174
-0.020386
0.016785
-0.012268
0.016785
-0.012268
-0.016541
-0.012329
-0.016541
-0.012329
-0.002808
-0.020447
-0.002808
-0.020447
0.005066
-0.019897
0.005066
-0.019897
0.017822
-0.010498
0.017822
-0.010498
0.008850
-0.018372
0.008850
-0.018372
0.019287
-0.006836
0.019287
-0.006836
0.020264
0.001160
0.020264
0.001160
0.013611
0.015137
0.013611
0.015137
-0.015686
-0.013062
-0.015686
-0.013062
-0.001770
-0.020386
-0.001770
-0.020386
0.006165
-0.019348
0.006165
-0.019348
0.018127
-0.009338
0.018127
-0.009338
0.009705
-0.017578
0.009705
-0.017578
0.019409
-0.005615
0.019409
-0.005615
0.019897
0.002197
0.019897
0.002197
0.012573
0.015564
0.012573
0.015564
0.011292
-0.016479
0.011292
-0.016479
0.019836
-0.003723
0.019836
-0.003723
0.019592
0.004150
0.019592
0.004150
0.010986
0.016785
0.010986
0.016785
0.018250
0.008118
0.018250
0.008118
0.007385
0.018555
0.007385
0.018555
-0.000488
0.019958
-0.000488
0.019958
-0.014343
0.013733
-0.014343
0.013733
-0.015320
-0.013306
-0.015320
-0.013306
-0.001343
-0.020264
-0.001343
-0.020264
0.006287
-0.019165
0.006287
-0.019165
0.018127
-0.009094
0.018127
-0.009094
0.010010
-0.017456
0.010010
-0.017456
0.019470
-0.005249
0.019470
-0.005249
0.019836
0.002686
0.019836
0.002686
0.012329
0.015808
0.012329
0.015808
0.011658
-0.015991
0.011658
-0.015991
0.019714
-0.003052
0.019714
-0.003052
0.019226
0.004761
0.019226
0.004761
0.010376
0.016968
0.010376
0.016968
0.017944
0.008484
0.017944
0.008484
0.006775
0.018616
0.006775
0.018616
-0.001038
0.019775
-0.001038
0.019775
-0.014648
0.013245
-0.014648
0.013245
0.012512
-0.015198
0.012512
-0.015198
0.019714
-0.001892
0.019714
-0.001892
0.018860
0.005737
0.018860
0.005737
0.009338
0.017395
0.009338
0.017395
0.017334
0.009644
0.017334
0.009644
0.005554
0.019043
0.005554
0.019043
-0.002258
0.019775
-0.002258
0.019775
-0.015442
0.012390
-0.015442
0.012390
0.016357
0.011414
0.016357
0.011414
0.003662
0.019714
0.003662
0.019714
-0.004272
0.019592
-0.004272
0.019592
-0.016785
0.010742
-0.016785
0.010742
-0.008118
0.018677
-0.008118
0.018677
-0.018799
0.007385
-0.018799
0.007385
-0.020203
-0.000366
-0.020203
-0.000366
-0.013916
-0.014648
-0.013916
-0.014648
-0.014893
-0.013611
-0.014893
-0.013611
-0.000916
-0.020142
-0.000916
-0.020142
0.006775
-0.018982
0.006775
-0.018982
0.018372
-0.008667
0.018372
-0.008667
0.010437
-0.016968
0.010437
-0.016968
0.019592
-0.004700
0.019592
-0.004700
0.019714
0.003052
0.019714
0.003052
0.011841
0.016113
0.011841
0.016113
0.011963
-0.015625
0.011963
-0.015625
0.019592
-0.002625
0.019592
-0.002625
0.019104
0.005127
0.019104
0.005127
0.010010
0.017090
0.010010
0.017090
0.017639
0.008972
0.017639
0.008972
0.006287
0.018738
0.006287
0.018738
-0.001404
0.019836
-0.001404
0.019836
-0.014893
0.013000
-0.014893
0.013000
0.013062
-0.014954
0.013062
-0.014954
0.019836
-0.001404
0.019836
-0.001404
0.018860
0.006287
0.018860
0.006287
0.008972
0.017700
0.008972
0.017700
0.017090
0.010010
0.017090
0.010010
0.005066
0.019165
0.005066
0.019165
-0.002563
0.019714
-0.002563
0.019714
-0.015747
0.012024
-0.015747
0.012024
0.016113
0.011841
0.016113
0.011841
0.003052
0.019714
0.003052
0.019714
-0.004700
0.019592
-0.004700
0.019592
-0.016968
0.010437
-0.016968
0.010437
-0.008545
0.018372
-0.008545
0.018372
-0.018921
0.006836
-0.018921
0.006836
-0.020142
-0.000916
-0.020142
-0.000916
-0.013611
-0.014893
-0.013611
-0.014893
0.013428
-0.014771
0.013428
-0.014771
0.020020
-0.000977
0.020020
-0.000977
0.018616
0.006836
0.018616
0.006836
0.008484
0.017944
0.008484
0.017944
0.016968
0.010620
0.016968
0.010620
0.004517
0.019470
0.004517
0.019470
-0.003235
0.019714
-0.003235
0.019714
-0.016235
0.011597
-0.016235
0.011597
0.015869
0.012390
0.015869
0.012390
0.002502
0.019897
0.002502
0.019897
-0.005432
0.019409
-0.005432
0.019409
-0.017517
0.009827
-0.017517
0.009827
-0.009155
0.018250
-0.009155
0.018250
-0.019287
0.006409
-0.019287
0.006409
-0.020264
-0.001343
-0.020264
-0.001343
-0.013306
-0.015320
-0.013306
-0.015320
0.015320
0.013245
0.015320
0.013245
0.001526
0.020203
0.001526
0.020203
-0.006348
0.019287
-0.006348
0.019287
-0.018066
0.009094
-0.018066
0.009094
-0.010071
0.017883
-0.010071
0.017883
-0.019653
0.005554
-0.019653
0.005554
-0.020386
-0.002380
-0.020386
-0.002380
-0.012573
-0.016174
-0.012573
-0.016174
-0.011780
0.017151
-0.011780
0.017151
-0.020386
0.003784
-0.020386
0.003784
-0.020325
-0.004333
-0.020325
-0.004333
-0.011230
-0.017456
-0.011230
-0.017456
-0.019348
-0.007996
-0.019348
-0.007996
-0.007996
-0.019348
-0.007996
-0.019348
0.000061
-0.020813
0.000061
-0.020813
0.014832
-0.014771
0.014832
-0.014771
0.014587
0.014709
0.014587
0.014709
-0.000061
0.020752
-0.000061
0.020752
-0.008057
0.019226
-0.008057
0.019226
-0.019226
0.007812
-0.019226
0.007812
-0.011780
0.017273
-0.011780
0.017273
-0.020447
0.003906
-0.020447
0.003906
-0.020508
-0.004150
-0.020508
-0.004150
-0.011475
-0.017456
-0.011475
-0.017456
-0.013306
0.016296
-0.013306
0.016296
-0.020813
0.002136
-0.020813
0.002136
-0.020081
-0.006042
-0.020081
-0.006042
-0.009766
-0.018494
-0.009766
-0.018494
-0.018738
-0.009583
-0.018738
-0.009583
-0.006409
-0.019958
-0.006409
-0.019958
0.001648
-0.020874
0.001648
-0.020874
0.016052
-0.013611
0.016052
-0.013611
-0.013977
0.015747
-0.013977
0.015747
-0.020813
0.001160
-0.020813
0.001160
-0.019897
-0.006836
-0.019897
-0.006836
-0.009155
-0.018982
-0.009155
-0.018982
-0.018250
-0.010376
-0.018250
-0.010376
-0.005493
-0.020203
-0.005493
-0.020203
0.002747
-0.020813
0.002747
-0.020813
0.016724
-0.012878
0.016724
-0.012878
-0.017212
-0.011963
-0.017212
-0.011963
-0.003662
-0.020630
-0.003662
-0.020630
0.004456
-0.020386
0.004456
-0.020386
0.017639
-0.011230
0.017639
-0.011230
0.008240
-0.018921
0.008240
-0.018921
0.019287
-0.007568
0.019287
-0.007568
0.020630
0.000427
0.020630
0.000427
0.014404
0.014832
0.014404
0.014832
-0.014099
0.015564
-0.014099
0.015564
-0.020813
0.001038
-0.020813
0.001038
-0.019653
-0.007080
-0.019653
-0.007080
-0.008850
-0.018982
-0.008850
-0.018982
-0.018005
-0.010498
-0.018005
-0.010498
-0.005188
-0.020142
-0.005188
-0.020142
0.002869
-0.020569
0.002869
-0.020569
0.016724
-0.012573
0.016724
-0.012573
-0.016968
-0.012085
-0.016968
-0.012085
-0.003296
-0.020508
-0.003296
-0.020508
0.004761
-0.020142
0.004761
-0.020142
0.017700
-0.010925
0.017700
-0.010925
0.008362
-0.018616
0.008362
-0.018616
0.019165
-0.007263
0.019165
-0.007263
0.020447
0.000732
0.020447
0.000732
0.013977
0.014954
0.013977
0.014954
-0.016174
-0.012878
-0.016174
-0.012878
-0.002258
-0.020508
-0.002258
-0.020508
0.005676
-0.019653
0.005676
-0.019653
0.018005
-0.009888
0.018005
-0.009888
0.009277
-0.018005
0.009277
-0.018005
0.019348
-0.006165
0.019348
-0.006165
0.020325
0.001648
0.020325
0.001648
0.013184
0.015442
0.013184
0.015442
0.011108
-0.016907
0.011108
-0.016907
0.019958
-0.004150
0.019958
-0.004150
0.019836
0.003906
0.019836
0.003906
0.011414
0.016724
0.011414
0.016724
0.018555
0.007812
0.018555
0.007812
0.007751
0.018677
0.007751
0.018677
0.000000
0.020203
0.000000
0.020203
-0.014221
0.014282
-0.014221
0.014282
-0.014282
0.015320
-0.014282
0.015320
-0.020813
0.000671
-0.020813
0.000671
-0.019470
-0.007324
-0.019470
-0.007324
-0.008545
-0.018921
-0.008545
-0.018921
-0.017700
-0.010925
-0.017700
-0.010925
-0.004822
-0.020325
-0.004822
-0.020325
0.003174
-0.020447
0.003174
-0.020447
0.016846
-0.012268
0.016846
-0.012268
-0.016602
-0.012146
-0.016602
-0.012146
-0.002991
-0.020386
-0.002991
-0.020386
0.004883
-0.019897
0.004883
-0.019897
0.017639
-0.010620
0.017639
-0.010620
0.008606
-0.018311
0.008606
-0.018311
0.019104
-0.006897
0.019104
-0.006897
0.020264
0.000977
0.020264
0.000977
0.013672
0.014954
0.013672
0.014954
-0.015869
-0.013000
-0.015869
-0.013000
-0.001953
-0.020386
-0.001953
-0.020386
0.005920
-0.019470
0.005920
-0.019470
0.018005
-0.009644
0.018005
-0.009644
0.009399
-0.017639
0.009399
-0.017639
0.019287
-0.005859
0.019287
-0.005859
0.020081
0.002014
0.020081
0.002014
0.012878
0.015564
0.012878
0.015564
0.011230
-0.016479
0.011230
-0.016479
0.019714
-0.003845
0.019714
-0.003845
0.019592
0.004089
0.019592
0.004089
0.011047
0.016724
0.011047
0.016724
0.018250
0.008057
0.018250
0.008057
0.007324
0.018555
0.007324
0.018555
-0.000366
0.020020
-0.000366
0.020020
-0.014343
0.013794
-0.014343
0.013794
-0.015320
-0.013306
-0.015320
-0.013306
-0.001343
-0.020264
-0.001343
-0.020264
0.006348
-0.019226
0.006348
-0.019226
0.018250
-0.009155
0.018250
-0.009155
0.009888
-0.017395
0.009888
-0.017395
0.019287
-0.005310
0.019287
-0.005310
0.019836
0.002563
0.019836
0.002563
0.012329
0.015747
0.012329
0.015747
0.011597
-0.016052
0.011597
-0.016052
0.019653
-0.003235
0.019653
-0.003235
0.019348
0.004639
0.019348
0.004639
0.010437
0.016907
0.010437
0.016907
0.017883
0.008484
0.017883
0.008484
0.006775
0.018555
0.006775
0.018555
-0.001038
0.019775
-0.001038
0.019775
-0.014648
0.013245
-0.014648
0.013245
0.012573
-0.015381
0.012573
-0.015381
0.019836
-0.001953
0.019836
-0.001953
0.018982
0.005798
0.018982
0.005798
0.009399
0.017395
0.009399
0.017395
0.017334
0.009521
0.017334
0.009521
0.005676
0.018982
0.005676
0.018982
-0.002258
0.019775
-0.002258
0.019775
-0.015381
0.012390
-0.015381
0.012390
0.016418
0.011475
0.016418
0.011475
0.003540
0.019714
0.003540
0.019714
-0.004333
0.019653
-0.004333
0.019653
-0.016846
0.010742
-0.016846
0.010742
-0.008118
0.018677
-0.008118
0.018677
-0.018799
0.007385
-0.018799
0.007385
-0.020264
-0.000305
-0.020264
-0.000305
-0.013977
-0.014648
-0.013977
-0.014648
-0.014282
0.015137
-0.014282
0.015137
-0.020691
0.000549
-0.020691
0.000549
-0.019348
-0.007385
-0.019348
-0.007385
-0.008423
-0.018921
-0.008423
-0.018921
-0.017822
-0.010803
-0.017822
-0.010803
-0.004883
-0.020203
-0.004883
-0.020203
0.003174
-0.020386
0.003174
-0.020386
0.016785
-0.012268
0.016785
-0.012268
-0.016479
-0.012329
-0.016479
-0.012329
-0.002808
-0.020386
-0.002808
-0.020386
0.005127
-0.019836
0.005127
-0.019836
0.017761
-0.010498
0.017761
-0.010498
0.008850
-0.018372
0.008850
-0.018372
0.019287
-0.006836
0.019287
-0.006836
0.020264
0.001160
0.020264
0.001160
0.013611
0.015137
0.013611
0.015137
-0.015625
-0.013000
-0.015625
-0.013000
-0.001709
-0.020386
-0.001709
-0.020386
0.006104
-0.019348
0.006104
-0.019348
0.018127
-0.009338
0.018127
-0.009338
0.009583
-0.017578
0.009583
-0.017578
0.019348
-0.005798
0.019348
-0.005798
0.020020
0.002136
0.020020
0.002136
0.012695
0.015747
0.012695
0.015747
0.011292
-0.016418
0.011292
-0.016418
0.019714
-0.003601
0.019714
-0.003601
0.019409
0.004150
0.019409
0.004150
0.010803
0.016663
0.010803
0.016663
0.018127
0.008301
0.018127
0.008301
0.007080
0.018616
0.007080
0.018616
-0.000610
0.019958
-0.000610
0.019958
-0.014465
0.013672
-0.014465
0.013672
-0.015198
-0.013306
-0.015198
-0.013306
-0.001343
-0.020203
-0.001343
-0.020203
0.006470
-0.018982
0.006470
-0.018982
0.018127
-0.008911
0.018127
-0.008911
0.009827
-0.017212
0.009827
-0.017212
0.019287
-0.005249
0.019287
-0.005249
0.019775
0.002625
0.019775
0.002625
0.012207
0.015808
0.012207
0.015808
0.011658
-0.015930
0.011658
-0.015930
0.019592
-0.003052
0.019592
-0.003052
0.019287
0.004700
0.019287
0.004700
0.010437
0.016907
0.010437
0.016907
0.017822
0.008484
0.017822
0.008484
0.006653
0.018616
0.006653
0.018616
-0.001099
0.019775
-0.001099
0.019775
-0.014709
0.013184
-0.014709
0.013184
0.012573
-0.015076
0.012573
-0.015076
0.019714
-0.001770
0.019714
-0.001770
0.018860
0.005859
0.018860
0.005859
0.009277
0.017395
0.009277
0.017395
0.017151
0.009521
0.017151
0.009521
0.005493
0.018860
0.005493
0.018860
-0.002258
0.019592
-0.002258
0.019592
-0.015320
0.012207
-0.015320
0.012207
0.016296
0.011475
0.016296
0.011475
0.003479
0.019592
0.003479
0.019592
-0.004333
0.019470
-0.004333
0.019470
-0.016724
0.010681
-0.016724
0.010681
-0.008118
0.018494
-0.008118
0.018494
-0.018738
0.007263
-0.018738
0.007263
-0.020203
-0.000427
-0.020203
-0.000427
-0.013855
-0.014648
-0.013855
-0.014648
-0.014893
-0.013611
-0.014893
-0.013611
-0.000916
-0.020142
-0.000916
-0.020142
0.006836
-0.018921
0.006836
-0.018921
0.018372
-0.008545
0.018372
-0.008545
0.010437
-0.016968
0.010437
-0.016968
0.019592
-0.004700
0.019592
-0.004700
0.019714
0.003052
0.019714
0.003052
0.011841
0.016113
0.011841
0.016113
0.011963
-0.015564
0.011963
-0.015564
0.019592
-0.002563
0.019592
-0.002563
0.019043
0.005066
0.019043
0.005066
0.009949
0.016968
0.009949
0.016968
0.017639
0.008911
0.017639
0.008911
0.006226
0.018677
0.006226
0.018677
-0.001526
0.019653
-0.001526
0.019653
-0.014893
0.012817
-0.014893
0.012817
0.013000
-0.014893
0.013000
-0.014893
0.019836
-0.001404
0.019836
-0.001404
0.018738
0.006287
0.018738
0.006287
0.008911
0.017700
0.008911
0.017700
0.017090
0.010010
0.017090
0.010010
0.005066
0.019165
0.005066
0.019165
-0.002563
0.019714
-0.002563
0.019714
-0.015747
0.012024
-0.015747
0.012024
0.016052
0.011902
0.016052
0.011902
0.003052
0.019714
0.003052
0.019714
-0.004761
0.019409
-0.004761
0.019409
-0.017029
0.010376
-0.017029
0.010376
-0.008606
0.018250
-0.008606
0.018250
-0.018921
0.006775
-0.018921
0.006775
-0.020203
-0.000854
-0.020203
-0.000854
-0.013611
-0.014893
-0.013611
-0.014893
0.013306
-0.014709
0.013306
-0.014709
0.019836
-0.001038
0.019836
-0.001038
0.018616
0.006836
0.018616
0.006836
0.008484
0.017944
0.008484
0.017944
0.016907
0.010681
0.016907
0.010681
0.004517
0.019470
0.004517
0.019470
-0.003418
0.019714
-0.003418
0.019714
-0.016235
0.011475
-0.016235
0.011475
0.015747
0.012390
0.015747
0.012390
0.002502
0.019897
0.002502
0.019897
-0.005432
0.019287
-0.005432
0.019287
-0.017395
0.009827
-0.017395
0.009827
-0.009155
0.018188
-0.009155
0.018188
-0.019226
0.006287
-0.019226
0.006287
-0.020203
-0.001465
-0.020203
-0.001465
-0.013245
-0.015381
-0.013245
-0.015381
0.015320
0.013428
0.015320
0.013428
0.001404
0.020203
0.001404
0.020203
-0.006531
0.019165
-0.006531
0.019165
-0.018066
0.008911
-0.018066
0.008911
-0.010132
0.017822
-0.010132
0.017822
-0.019714
0.005371
-0.019714
0.005371
-0.020203
-0.002563
-0.020203
-0.002563
-0.012451
-0.016174
-0.012451
-0.016174
-0.011902
0.016968
-0.011902
0.016968
-0.020386
0.003601
-0.020386
0.003601
-0.020264
-0.004456
-0.020264
-0.004456
-0.011108
-0.017456
-0.011108
-0.017456
-0.019043
-0.008118
-0.019043
-0.008118
-0.007629
-0.019287
-0.007629
-0.019287
0.000183
-0.020752
0.000183
-0.020752
0.014893
-0.014526
0.014893
-0.014526
-0.014465
0.014893
-0.014465
0.014893
-0.020691
0.000305
-0.020691
0.000305
-0.019287
-0.007446
-0.019287
-0.007446
-0.008179
-0.019043
-0.008179
-0.019043
-0.017517
-0.011108
-0.017517
-0.011108
-0.004517
-0.020203
-0.004517
-0.020203
0.003540
-0.020386
0.003540
-0.020386
0.016968
-0.011902
0.016968
-0.011902
-0.016357
-0.012390
-0.016357
-0.012390
-0.002686
-0.020386
-0.002686
-0.020386
0.005127
-0.019775
0.005127
-0.019775
0.017639
-0.010315
0.017639
-0.010315
0.008972
-0.018250
0.008972
-0.018250
0.019226
-0.006653
0.019226
-0.006653
0.020203
0.001404
0.020203
0.001404
0.013428
0.015320
0.013428
0.015320
-0.015442
-0.013062
-0.015442
-0.013062
-0.001648
-0.020203
-0.001648
-0.020203
0.006165
-0.019226
0.006165
-0.019226
0.018005
-0.009155
0.018005
-0.009155
0.009705
-0.017456
0.009705
-0.017456
0.019287
-0.005554
0.019287
-0.005554
0.019836
0.002258
0.019836
0.002258
0.012451
0.015625
0.012451
0.015625
0.011475
-0.016235
0.011475
-0.016235
0.019714
-0.003479
0.019714
-0.003479
0.019470
0.004333
0.019470
0.004333
0.010742
0.016785
0.010742
0.016785
0.018005
0.008362
0.018005
0.008362
0.006897
0.018616
0.006897
0.018616
-0.000793
0.019897
-0.000793
0.019897
-0.014465
0.013550
-0.014465
0.013550
-0.014893
-0.013428
-0.014893
-0.013428
-0.001038
-0.020142
-0.001038
-0.020142
0.006592
-0.018921
0.006592
-0.018921
0.018188
-0.008728
0.018188
-0.008728
0.010071
-0.017151
0.010071
-0.017151
0.019287
-0.005005
0.019287
-0.005005
0.019714
0.002808
0.019714
0.002808
0.011963
0.015930
0.011963
0.015930
0.011780
-0.015991
0.011780
-0.015991
0.019714
-0.002991
0.019714
-0.002991
0.019104
0.004883
0.019104
0.004883
0.010193
0.016907
0.010193
0.016907
0.017822
0.008606
0.017822
0.008606
0.006470
0.018677
0.006470
0.018677
-0.001221
0.019775
-0.001221
0.019775
-0.014709
0.013062
-0.014709
0.013062
0.012817
-0.015076
0.012817
-0.015076
0.019775
-0.001648
0.019775
-0.001648
0.018860
0.006165
0.018860
0.006165
0.009094
0.017578
0.009094
0.017578
0.017029
0.009827
0.017029
0.009827
0.005249
0.018982
0.005249
0.018982
-0.002380
0.019653
-0.002380
0.019653
-0.015503
0.012085
-0.015503
0.012085
0.016174
0.011597
0.016174
0.011597
0.003357
0.019653
0.003357
0.019653
-0.004578
0.019531
-0.004578
0.019531
-0.016907
0.010498
-0.016907
0.010498
-0.008423
0.018433
-0.008423
0.018433
-0.018921
0.007019
-0.018921
0.007019
-0.020203
-0.000793
-0.020203
-0.000793
-0.013611
-0.014893
-0.013611
-0.014893
-0.014771
-0.013672
-0.014771
-0.013672
-0.000610
-0.020203
-0.000610
-0.020203
0.007019
-0.018799
0.007019
-0.018799
0.018311
-0.008423
0.018311
-0.008423
0.010559
-0.016907
0.010559
-0.016907
0.019531
-0.004456
0.019531
-0.004456
0.019653
0.003357
0.019653
0.003357
0.011597
0.016235
0.011597
0.016235
0.011902
-0.015503
0.011902
-0.015503
0.019592
-0.002502
0.019592
-0.002502
0.018982
0.005249
0.018982
0.005249
0.009827
0.017029
0.009827
0.017029
0.017578
0.009094
0.017578
0.009094
0.006165
0.018860
0.006165
0.018860
-0.001648
0.019775
-0.001648
0.019775
-0.015076
0.012817
-0.015076
0.012817
0.013123
-0.014709
0.013123
-0.014709
0.019714
-0.001099
0.019714
-0.001099
0.018555
0.006470
0.018555
0.006470
0.008545
0.017639
0.008545
0.017639
0.016846
0.010254
0.016846
0.010254
0.004822
0.019104
0.004822
0.019104
-0.002991
0.019592
-0.002991
0.019592
-0.015930
0.011780
-0.015930
0.011780
0.015869
0.011963
0.015869
0.011963
0.002869
0.019653
0.002869
0.019653
-0.005005
0.019226
-0.005005
0.019226
-0.017090
0.010010
-0.017090
0.010010
-0.008789
0.018250
-0.008789
0.018250
-0.018921
0.006592
-0.018921
0.006592
-0.020142
-0.001160
-0.020142
-0.001160
-0.013367
-0.015015
-0.013367
-0.015015
0.013550
-0.014404
0.013550
-0.014404
0.019836
-0.000732
0.019836
-0.000732
0.018555
0.007019
0.018555
0.007019
0.008240
0.018066
0.008240
0.018066
0.016785
0.010742
0.016785
0.010742
0.004395
0.019409
0.004395
0.019409
-0.003540
0.019714
-0.003540
0.019714
-0.016296
0.011414
-0.016296
0.011414
0.015625
0.012451
0.015625
0.012451
0.002258
0.019836
0.002258
0.019836
-0.005615
0.019348
-0.005615
0.019348
-0.017517
0.009644
-0.017517
0.009644
-0.009155
0.018127
-0.009155
0.018127
-0.019165
0.006226
-0.019165
0.006226
-0.020264
-0.001648
-0.020264
-0.001648
-0.013062
-0.015503
-0.013062
-0.015503
0.015137
0.013550
0.015137
0.013550
0.001099
0.020325
0.001099
0.020325
-0.006775
0.019165
-0.006775
0.019165
-0.018250
0.008789
-0.018250
0.008789
-0.010376
0.017639
-0.010376
0.017639
-0.019714
0.005127
-0.019714
0.005127
-0.020325
-0.002808
-0.020325
-0.002808
-0.012268
-0.016357
-0.012268
-0.016357
-0.012085
0.016846
-0.012085
0.016846
-0.020447
0.003357
-0.020447
0.003357
-0.020203
-0.004578
-0.020203
-0.004578
-0.010925
-0.017578
-0.010925
-0.017578
-0.018921
-0.008240
-0.018921
-0.008240
-0.007385
-0.019226
-0.007385
-0.019226
0.000488
-0.020630
0.000488
-0.020630
0.015015
-0.014282
0.015015
-0.014282
-0.014648
-0.013916
-0.014648
-0.013916
-0.000366
-0.020264
-0.000366
-0.020264
0.007324
-0.018799
0.007324
-0.018799
0.018555
-0.008240
0.018555
-0.008240
0.010742
-0.016907
0.010742
-0.016907
0.019653
-0.004456
0.019653
-0.004456
0.019775
0.003479
0.019775
0.003479
0.011597
0.016418
0.011597
0.016418
0.012390
-0.015625
0.012390
-0.015625
0.019836
-0.002380
0.019836
-0.002380
0.019104
0.005493
0.019104
0.005493
0.009644
0.017334
0.009644
0.017334
0.017517
0.009399
0.017517
0.009399
0.005859
0.018982
0.005859
0.018982
-0.001953
0.019836
-0.001953
0.019836
-0.015320
0.012573
-0.015320
0.012573
0.013367
-0.014771
0.013367
-0.014771
0.019897
-0.001038
0.019897
-0.001038
0.018616
0.006775
0.018616
0.006775
0.008484
0.017944
0.008484
0.017944
0.016907
0.010437
0.016907
0.010437
0.004700
0.019287
0.004700
0.019287
-0.003052
0.019592
-0.003052
0.019592
-0.015930
0.011658
-0.015930
0.011658
0.015930
0.012207
0.015930
0.012207
0.002747
0.019836
0.002747
0.019836
-0.005188
0.019409
-0.005188
0.019409
-0.017273
0.010132
-0.017273
0.010132
-0.009033
0.018188
-0.009033
0.018188
-0.019104
0.006531
-0.019104
0.006531
-0.020264
-0.001343
-0.020264
-0.001343
-0.013306
-0.015320
-0.013306
-0.015320
0.013855
-0.014526
0.013855
-0.014526
0.020142
-0.000488
0.020142
-0.000488
0.018738
0.007263
0.018738
0.007263
0.008240
0.018372
0.008240
0.018372
0.016968
0.010864
0.016968
0.010864
0.004395
0.019714
0.004395
0.019714
-0.003601
0.019958
-0.003601
0.019958
-0.016541
0.011475
-0.016541
0.011475
0.015625
0.012512
0.015625
0.012512
0.002258
0.019836
0.002258
0.019836
-0.005615
0.019409
-0.005615
0.019409
-0.017578
0.009705
-0.017578
0.009705
-0.009399
0.018127
-0.009399
0.018127
-0.019409
0.006165
-0.019409
0.006165
-0.020386
-0.001709
-0.020386
-0.001709
-0.013062
-0.015625
-0.013062
-0.015625
0.015137
0.013611
0.015137
0.013611
0.001160
0.020264
0.001160
0.020264
-0.006836
0.019287
-0.006836
0.019287
-0.018372
0.008850
-0.018372
0.008850
-0.010498
0.017822
-0.010498
0.017822
-0.019897
0.005066
-0.019897
0.005066
-0.020447
-0.002808
-0.020447
-0.002808
-0.012329
-0.016541
-0.012329
-0.016541
-0.012085
0.016968
-0.012085
0.016968
-0.020447
0.003357
-0.020447
0.003357
-0.020386
-0.004761
-0.020386
-0.004761
-0.010925
-0.017822
-0.010925
-0.017822
-0.019043
-0.008301
-0.019043
-0.008301
-0.007446
-0.019348
-0.007446
-0.019348
0.000427
-0.020691
0.000427
-0.020691
0.015015
-0.014404
0.015015
-0.014404
0.014099
-0.014404
0.014099
-0.014404
0.020264
-0.000183
0.020264
-0.000183
0.018616
0.007568
0.018616
0.007568
0.007935
0.018555
0.007935
0.018555
0.016785
0.011292
0.016785
0.011292
0.003967
0.019836
0.003967
0.019836
-0.004028
0.020020
-0.004028
0.020020
-0.016846
0.011230
-0.016846
0.011230
0.015686
0.013062
0.015686
0.013062
0.001953
0.020203
0.001953
0.020203
-0.006042
0.019409
-0.006042
0.019409
-0.017944
0.009399
-0.017944
0.009399
-0.009827
0.018127
-0.009827
0.018127
-0.019653
0.005737
-0.019653
0.005737
-0.020508
-0.002075
-0.020508
-0.002075
-0.012939
-0.015930
-0.012939
-0.015930
0.015015
0.013977
0.015015
0.013977
0.000732
0.020508
0.000732
0.020508
-0.007080
0.019348
-0.007080
0.019348
-0.018555
0.008606
-0.018555
0.008606
-0.010864
0.017761
-0.010864
0.017761
-0.020203
0.004822
-0.020203
0.004822
-0.020508
-0.003235
-0.020508
-0.003235
-0.012146
-0.016846
-0.012146
-0.016846
-0.012512
0.016846
-0.012512
0.016846
-0.020691
0.003052
-0.020691
0.003052
-0.020386
-0.005066
-0.020386
-0.005066
-0.010803
-0.018005
-0.010803
-0.018005
-0.019043
-0.008728
-0.019043
-0.008728
-0.007263
-0.019714
-0.007263
-0.019714
0.000732
-0.020935
0.000732
-0.020935
0.015320
-0.014343
0.015320
-0.014343
0.015015
0.014282
0.015015
0.014282
0.000549
0.020752
0.000549
0.020752
-0.007446
0.019409
-0.007446
0.019409
-0.018921
0.008484
-0.018921
0.008484
-0.011230
0.017700
-0.011230
0.017700
-0.020386
0.004578
-0.020386
0.004578
-0.020691
-0.003540
-0.020691
-0.003540
-0.011963
-0.017151
-0.011963
-0.017151
-0.012817
0.016785
-0.012817
0.016785
-0.020813
0.002686
-0.020813
0.002686
-0.020325
-0.005432
-0.020325
-0.005432
-0.010437
-0.018188
-0.010437
-0.018188
-0.019043
-0.009094
-0.019043
-0.009094
-0.006958
-0.019897
-0.006958
-0.019897
0.001099
-0.020935
0.001099
-0.020935
0.015686
-0.014038
0.015686
-0.014038
-0.013489
0.016113
-0.013489
0.016113
-0.020874
0.001831
-0.020874
0.001831
-0.020081
-0.006226
-0.020081
-0.006226
-0.009766
-0.018616
-0.009766
-0.018616
-0.018616
-0.009827
-0.018616
-0.009827
-0.006104
-0.020142
-0.006104
-0.020142
0.001953
-0.020935
0.001953
-0.020935
0.016235
-0.013367
0.016235
-0.013367
-0.017578
-0.011353
-0.017578
-0.011353
-0.004211
-0.020508
-0.004211
-0.020508
0.003845
-0.020569
0.003845
-0.020569
0.017273
-0.011902
0.017273
-0.011902
0.007751
-0.019226
0.007751
-0.019226
0.019165
-0.008118
0.019165
-0.008118
0.020691
-0.000122
0.020691
-0.000122
0.014771
0.014404
0.014771
0.014404
