0.000244
0.062866
0.000244
0.062866
-0.044189
0.044617
-0.044189
0.044617
-0.057922
0.024353
-0.057922
0.024353
-0.058044
-0.023743
-0.058044
-0.023743
-0.061646
0.012756
-0.061646
0.012756
-0.052551
-0.034607
-0.052551
-0.034607
-0.035461
-0.052002
-0.035461
-0.052002
0.011780
-0.061829
0.011780
-0.061829
-0.062439
0.006897
-0.062439
0.006897
-0.048950
-0.039368
-0.048950
-0.039368
-0.030273
-0.054993
-0.030273
-0.054993
0.017517
-0.060303
0.017517
-0.060303
-0.019043
-0.059631
-0.019043
-0.059631
0.028809
-0.055664
0.028809
-0.055664
0.047913
-0.040405
0.047913
-0.040405
0.062439
0.005188
0.062439
0.005188
-0.062683
0.004028
-0.062683
0.004028
-0.047058
-0.041443
-0.047058
-0.041443
-0.027710
-0.056213
-0.027710
-0.056213
0.020264
-0.059326
0.020264
-0.059326
-0.016235
-0.060303
-0.016235
-0.060303
0.031189
-0.054199
0.031189
-0.054199
0.049500
-0.038086
0.049500
-0.038086
0.062012
0.007996
0.062012
0.007996
-0.010193
-0.061462
-0.010193
-0.061462
0.036255
-0.050720
0.036255
-0.050720
0.052856
-0.033020
0.052856
-0.033020
0.060730
0.014038
0.060730
0.014038
0.058289
-0.021790
0.058289
-0.021790
0.056763
0.025757
0.056763
0.025757
0.042480
0.045532
0.042480
0.045532
-0.002014
0.062195
-0.002014
0.062195
-0.062378
0.002441
-0.062378
0.002441
-0.045715
-0.042480
-0.045715
-0.042480
-0.026123
-0.056702
-0.026123
-0.056702
0.021606
-0.058716
0.021606
-0.058716
-0.014771
-0.060547
-0.014771
-0.060547
0.032471
-0.053284
0.032471
-0.053284
0.050354
-0.036743
0.050354
-0.036743
0.061584
0.009583
0.061584
0.009583
-0.008728
-0.061462
-0.008728
-0.061462
0.037415
-0.049622
0.037415
-0.049622
0.053467
-0.031494
0.053467
-0.031494
0.060242
0.015503
0.060242
0.015503
0.058472
-0.020447
0.058472
-0.020447
0.055847
0.026917
0.055847
0.026917
0.041199
0.046326
0.041199
0.046326
-0.003540
0.061890
-0.003540
0.061890
-0.005615
-0.061584
-0.005615
-0.061584
0.039734
-0.047546
0.039734
-0.047546
0.054871
-0.028748
0.054871
-0.028748
0.059143
0.018372
0.059143
0.018372
0.059326
-0.017273
0.059326
-0.017273
0.054199
0.029724
0.054199
0.029724
0.038696
0.048157
0.038696
0.048157
-0.006592
0.061401
-0.006592
0.061401
0.060730
-0.011108
0.060730
-0.011108
0.050903
0.035095
0.050903
0.035095
0.033447
0.052063
0.033447
0.052063
-0.013000
0.060425
-0.013000
0.060425
0.022583
0.057678
0.022583
0.057678
-0.024719
0.056641
-0.024719
0.056641
-0.044678
0.043030
-0.044678
0.043030
-0.062012
-0.001221
-0.062012
-0.001221
-0.062439
0.001648
-0.062439
0.001648
-0.045288
-0.043091
-0.045288
-0.043091
-0.025513
-0.057007
-0.025513
-0.057007
0.022339
-0.058411
0.022339
-0.058411
-0.013855
-0.060608
-0.013855
-0.060608
0.033081
-0.052734
0.033081
-0.052734
0.050598
-0.035950
0.050598
-0.035950
0.061279
0.010315
0.061279
0.010315
-0.007874
-0.061462
-0.007874
-0.061462
0.037964
-0.049011
0.037964
-0.049011
0.053833
-0.030701
0.053833
-0.030701
0.059937
0.016296
0.059937
0.016296
0.058594
-0.019470
0.058594
-0.019470
0.055298
0.027649
0.055298
0.027649
0.040527
0.046814
0.040527
0.046814
-0.004333
0.061707
-0.004333
0.061707
-0.004700
-0.061768
-0.004700
-0.061768
0.040466
-0.047058
0.040466
-0.047058
0.055237
-0.027893
0.055237
-0.027893
0.058838
0.019287
0.058838
0.019287
0.059448
-0.016418
0.059448
-0.016418
0.053711
0.030457
0.053711
0.030457
0.037842
0.048767
0.037842
0.048767
-0.007629
0.061157
-0.007629
0.061157
0.060791
-0.010315
0.060791
-0.010315
0.050354
0.035706
0.050354
0.035706
0.032837
0.052307
0.032837
0.052307
-0.013611
0.060120
-0.013611
0.060120
0.021973
0.057739
0.021973
0.057739
-0.025208
0.056274
-0.025208
0.056274
-0.045105
0.042419
-0.045105
0.042419
-0.061768
-0.001892
-0.061768
-0.001892
-0.002991
-0.061768
-0.002991
-0.061768
0.041626
-0.045776
0.041626
-0.045776
0.055847
-0.026245
0.055847
-0.026245
0.058105
0.020813
0.058105
0.020813
0.059937
-0.014771
0.059937
-0.014771
0.052856
0.031860
0.052856
0.031860
0.036499
0.049683
0.036499
0.049683
-0.009216
0.061035
-0.009216
0.061035
0.060974
-0.008606
0.060974
-0.008606
0.049316
0.036987
0.049316
0.036987
0.031189
0.053162
0.031189
0.053162
-0.015381
0.059631
-0.015381
0.059631
0.020142
0.058350
0.020142
0.058350
-0.026917
0.055542
-0.026917
0.055542
-0.046326
0.041077
-0.046326
0.041077
-0.061707
-0.003723
-0.061707
-0.003723
0.061584
-0.005371
0.061584
-0.005371
0.047546
0.039734
0.047546
0.039734
0.028687
0.054871
0.028687
0.054871
-0.018433
0.059021
-0.018433
0.059021
0.017212
0.059631
0.017212
0.059631
-0.029907
0.054321
-0.029907
0.054321
-0.048401
0.038757
-0.048401
0.038757
-0.061646
-0.006836
-0.061646
-0.006836
0.011292
0.061157
0.011292
0.061157
-0.035095
0.051270
-0.035095
0.051270
-0.052185
0.033936
-0.052185
0.033936
-0.060913
-0.012939
-0.060913
-0.012939
-0.057922
0.023254
-0.057922
0.023254
-0.057373
-0.024475
-0.057373
-0.024475
-0.043701
-0.044556
-0.043701
-0.044556
0.000671
-0.062439
0.000671
-0.062439
