0.031189
0.031494
0.031189
0.031494
-0.000061
0.044189
-0.000061
0.044189
-0.017090
0.040894
-0.017090
0.040894
-0.040894
0.016785
-0.040894
0.016785
-0.024780
0.036987
-0.024780
0.036987
-0.043518
0.008606
-0.043518
0.008606
-0.043640
-0.008606
-0.043640
-0.008606
-0.024658
-0.036926
-0.024658
-0.036926
-0.028198
0.034546
-0.028198
0.034546
-0.044312
0.004395
-0.044312
0.004395
-0.042786
-0.012817
-0.042786
-0.012817
-0.021118
-0.039368
-0.021118
-0.039368
-0.039612
-0.020691
-0.039612
-0.020691
-0.013245
-0.042603
-0.013245
-0.042603
0.003967
-0.044373
0.003967
-0.044373
0.034302
-0.028625
0.034302
-0.028625
-0.029846
0.033203
-0.029846
0.033203
-0.044556
0.002380
-0.044556
0.002380
-0.042114
-0.014771
-0.042114
-0.014771
-0.019287
-0.040161
-0.019287
-0.040161
-0.038574
-0.022400
-0.038574
-0.022400
-0.011353
-0.043152
-0.011353
-0.043152
0.005920
-0.044189
0.005920
-0.044189
0.035583
-0.027161
0.035583
-0.027161
-0.036133
-0.025818
-0.036133
-0.025818
-0.007202
-0.043884
-0.007202
-0.043884
0.010010
-0.043274
0.010010
-0.043274
0.037720
-0.023621
0.037720
-0.023621
0.018066
-0.040100
0.018066
-0.040100
0.041382
-0.015625
0.041382
-0.015625
0.044067
0.001404
0.044067
0.001404
0.030212
0.032104
0.030212
0.032104
-0.030396
0.032532
-0.030396
0.032532
-0.044434
0.001526
-0.044434
0.001526
-0.041748
-0.015503
-0.041748
-0.015503
-0.018433
-0.040588
-0.018433
-0.040588
-0.038086
-0.023193
-0.038086
-0.023193
-0.010437
-0.043335
-0.010437
-0.043335
0.006836
-0.043945
0.006836
-0.043945
0.036011
-0.026245
0.036011
-0.026245
-0.035461
-0.026428
-0.035461
-0.026428
-0.006226
-0.043823
-0.006226
-0.043823
0.010925
-0.042908
0.010925
-0.042908
0.038147
-0.022644
0.038147
-0.022644
0.019043
-0.039795
0.019043
-0.039795
0.041626
-0.014771
0.041626
-0.014771
0.044067
0.002380
0.044067
0.002380
0.029602
0.032837
0.029602
0.032837
-0.033997
-0.028076
-0.033997
-0.028076
-0.004089
-0.043945
-0.004089
-0.043945
0.012939
-0.042175
0.012939
-0.042175
0.039062
-0.020691
0.039062
-0.020691
0.020813
-0.038635
0.020813
-0.038635
0.042114
-0.012573
0.042114
-0.012573
0.043518
0.004578
0.043518
0.004578
0.027588
0.034058
0.027588
0.034058
0.024475
-0.036072
0.024475
-0.036072
0.042908
-0.008179
0.042908
-0.008179
0.042725
0.008789
0.042725
0.008789
0.024109
0.036377
0.024109
0.036377
0.040161
0.017334
0.040161
0.017334
0.016235
0.040527
0.016235
0.040527
-0.000610
0.043762
-0.000610
0.043762
-0.031250
0.030457
-0.031250
0.030457
-0.030762
0.032227
-0.030762
0.032227
-0.044373
0.001038
-0.044373
0.001038
-0.041504
-0.015930
-0.041504
-0.015930
-0.017883
-0.040588
-0.017883
-0.040588
-0.037598
-0.023621
-0.037598
-0.023621
-0.009827
-0.043213
-0.009827
-0.043213
0.007446
-0.043701
0.007446
-0.043701
0.036255
-0.025696
0.036255
-0.025696
-0.035095
-0.026978
-0.035095
-0.026978
-0.005615
-0.043945
-0.005615
-0.043945
0.011475
-0.042603
0.011475
-0.042603
0.038391
-0.022156
0.038391
-0.022156
0.019409
-0.039368
0.019409
-0.039368
0.041687
-0.014160
0.041687
-0.014160
0.043884
0.003052
0.043884
0.003052
0.028992
0.033142
0.028992
0.033142
-0.033447
-0.028503
-0.033447
-0.028503
-0.003357
-0.043823
-0.003357
-0.043823
0.013550
-0.041748
0.013550
-0.041748
0.039124
-0.020081
0.039124
-0.020081
0.021423
-0.038208
0.021423
-0.038208
0.042297
-0.011902
0.042297
-0.011902
0.043457
0.005188
0.043457
0.005188
0.027222
0.034363
0.027222
0.034363
0.024963
-0.035583
0.024963
-0.035583
0.042969
-0.007568
0.042969
-0.007568
0.042542
0.009521
0.042542
0.009521
0.023438
0.036682
0.023438
0.036682
0.039734
0.017822
0.039734
0.017822
0.015564
0.040710
0.015564
0.040710
-0.001221
0.043579
-0.001221
0.043579
-0.031555
0.029907
-0.031555
0.029907
-0.032776
-0.029236
-0.032776
-0.029236
-0.002441
-0.043762
-0.002441
-0.043762
0.014404
-0.041382
0.014404
-0.041382
0.039490
-0.019043
0.039490
-0.019043
0.022217
-0.037598
0.022217
-0.037598
0.042419
-0.010925
0.042419
-0.010925
0.043213
0.006226
0.043213
0.006226
0.026184
0.035034
0.026184
0.035034
0.025879
-0.034912
0.025879
-0.034912
0.043030
-0.006531
0.043030
-0.006531
0.042114
0.010559
0.042114
0.010559
0.022400
0.037231
0.022400
0.037231
0.039185
0.018799
0.039185
0.018799
0.014587
0.040955
0.014587
0.040955
-0.002380
0.043396
-0.002380
0.043396
-0.032288
0.028931
-0.032288
0.028931
0.027710
-0.033569
0.027710
-0.033569
0.043335
-0.004150
0.043335
-0.004150
0.041504
0.012817
0.041504
0.012817
0.020325
0.038452
0.020325
0.038452
0.038025
0.020874
0.038025
0.020874
0.012329
0.041687
0.012329
0.041687
-0.004700
0.043152
-0.004700
0.043152
-0.033752
0.027222
-0.033752
0.027222
0.035950
0.024719
0.035950
0.024719
0.007996
0.042786
0.007996
0.042786
-0.008972
0.042786
-0.008972
0.042786
-0.036438
0.023865
-0.036438
0.023865
-0.017273
0.040283
-0.017273
0.040283
-0.040649
0.016235
-0.040649
0.016235
-0.043884
-0.000488
-0.043884
-0.000488
-0.030640
-0.031372
-0.030640
-0.031372
-0.030823
0.031677
-0.030823
0.031677
-0.044128
0.000549
-0.044128
0.000549
-0.041138
-0.016174
-0.041138
-0.016174
-0.017578
-0.040527
-0.017578
-0.040527
-0.037292
-0.023743
-0.037292
-0.023743
-0.009521
-0.043152
-0.009521
-0.043152
0.007751
-0.043518
0.007751
-0.043518
0.036255
-0.025330
0.036255
-0.025330
-0.034668
-0.027161
-0.034668
-0.027161
-0.005249
-0.043823
-0.005249
-0.043823
0.011719
-0.042480
0.011719
-0.042480
0.038452
-0.021729
0.038452
-0.021729
0.019714
-0.039185
0.019714
-0.039185
0.041748
-0.013794
0.041748
-0.013794
0.043640
0.003296
0.043640
0.003296
0.028687
0.033264
0.028687
0.033264
-0.033203
-0.028625
-0.033203
-0.028625
-0.003113
-0.043701
-0.003113
-0.043701
0.013733
-0.041565
0.013733
-0.041565
0.039185
-0.019775
0.039185
-0.019775
0.021484
-0.037903
0.021484
-0.037903
0.042114
-0.011780
0.042114
-0.011780
0.043335
0.005249
0.043335
0.005249
0.027039
0.034363
0.027039
0.034363
0.025024
-0.035400
0.025024
-0.035400
0.042847
-0.007385
0.042847
-0.007385
0.042419
0.009766
0.042419
0.009766
0.023254
0.036804
0.023254
0.036804
0.039612
0.017883
0.039612
0.017883
0.015503
0.040649
0.015503
0.040649
-0.001404
0.043579
-0.001404
0.043579
-0.031738
0.029724
-0.031738
0.029724
-0.032288
-0.029236
-0.032288
-0.029236
-0.002075
-0.043579
-0.002075
-0.043579
0.014648
-0.041016
0.014648
-0.041016
0.039490
-0.018677
0.039490
-0.018677
0.022339
-0.037231
0.022339
-0.037231
0.042236
-0.010559
0.042236
-0.010559
0.042908
0.006470
0.042908
0.006470
0.025879
0.034851
0.025879
0.034851
0.025879
-0.034668
0.025879
-0.034668
0.042969
-0.006226
0.042969
-0.006226
0.041809
0.010742
0.041809
0.010742
0.022095
0.037231
0.022095
0.037231
0.039062
0.018982
0.039062
0.018982
0.014282
0.040894
0.014282
0.040894
-0.002563
0.043335
-0.002563
0.043335
-0.032471
0.028809
-0.032471
0.028809
0.027832
-0.033142
0.027832
-0.033142
0.043213
-0.003845
0.043213
-0.003845
0.041321
0.013000
0.041321
0.013000
0.020081
0.038330
0.020081
0.038330
0.037842
0.021057
0.037842
0.021057
0.011963
0.041565
0.011963
0.041565
-0.004944
0.043091
-0.004944
0.043091
-0.033936
0.026917
-0.033936
0.026917
0.035645
0.025024
0.035645
0.025024
0.007629
0.042847
0.007629
0.042847
-0.009460
0.042480
-0.009460
0.042480
-0.036682
0.023376
-0.036682
0.023376
-0.017456
0.040100
-0.017456
0.040100
-0.040588
0.015991
-0.040588
0.015991
-0.043823
-0.000793
-0.043823
-0.000793
-0.030334
-0.031555
-0.030334
-0.031555
-0.031860
-0.029968
-0.031860
-0.029968
-0.001221
-0.043823
-0.001221
-0.043823
0.015503
-0.040833
0.015503
-0.040833
0.039917
-0.017944
0.039917
-0.017944
0.023132
-0.036926
0.023132
-0.036926
0.042542
-0.009766
0.042542
-0.009766
0.042908
0.007324
0.042908
0.007324
0.025330
0.035522
0.025330
0.035522
0.026489
-0.034241
0.026489
-0.034241
0.043030
-0.005493
0.043030
-0.005493
0.041809
0.011475
0.041809
0.011475
0.021484
0.037659
0.021484
0.037659
0.038574
0.019531
0.038574
0.019531
0.013550
0.041138
0.013550
0.041138
-0.003418
0.043274
-0.003418
0.043274
-0.032898
0.028137
-0.032898
0.028137
0.028381
-0.032654
0.028381
-0.032654
0.043274
-0.003052
0.043274
-0.003052
0.041138
0.013794
0.041138
0.013794
0.019348
0.038757
0.019348
0.038757
0.037598
0.021729
0.037598
0.021729
0.011414
0.041809
0.011414
0.041809
-0.005615
0.043030
-0.005615
0.043030
-0.034363
0.026367
-0.034363
0.026367
0.035217
0.025452
0.035217
0.025452
0.006897
0.042908
0.006897
0.042908
-0.010193
0.042419
-0.010193
0.042419
-0.037048
0.022827
-0.037048
0.022827
-0.018066
0.039734
-0.018066
0.039734
-0.040833
0.015320
-0.040833
0.015320
-0.043640
-0.001526
-0.043640
-0.001526
-0.029724
-0.032043
-0.029724
-0.032043
0.029297
-0.032104
0.029297
-0.032104
0.043518
-0.001953
0.043518
-0.001953
0.040771
0.014954
0.040771
0.014954
0.018372
0.039307
0.018372
0.039307
0.036987
0.022766
0.036987
0.022766
0.010132
0.042175
0.010132
0.042175
-0.006897
0.042908
-0.006897
0.042908
-0.035156
0.025452
-0.035156
0.025452
0.034607
0.026611
0.034607
0.026611
0.005798
0.043152
0.005798
0.043152
-0.011353
0.042236
-0.011353
0.042236
-0.037903
0.021851
-0.037903
0.021851
-0.019287
0.039490
-0.019287
0.039490
-0.041443
0.014221
-0.041443
0.014221
-0.043762
-0.002808
-0.043762
-0.002808
-0.028931
-0.032959
-0.028931
-0.032959
0.033447
0.028320
0.033447
0.028320
0.003723
0.043762
0.003723
0.043762
-0.013367
0.041870
-0.013367
0.041870
-0.039001
0.020081
-0.039001
0.020081
-0.021423
0.038635
-0.021423
0.038635
-0.042419
0.012146
-0.042419
0.012146
-0.043823
-0.004883
-0.043823
-0.004883
-0.027466
-0.034546
-0.027466
-0.034546
-0.024963
0.036499
-0.024963
0.036499
-0.043335
0.008118
-0.043335
0.008118
-0.043213
-0.009155
-0.043213
-0.009155
-0.024048
-0.037048
-0.024048
-0.037048
-0.040771
-0.017212
-0.040771
-0.017212
-0.016602
-0.041077
-0.016602
-0.041077
0.000305
-0.044250
0.000305
-0.044250
0.031494
-0.031128
0.031494
-0.031128
