0.000427
0.058838
0.000427
0.058838
-0.041321
0.041809
-0.041321
0.041809
-0.054199
0.022949
-0.054199
0.022949
-0.054443
-0.022156
-0.054443
-0.022156
-0.057678
0.012085
-0.057678
0.012085
-0.049255
-0.032166
-0.049255
-0.032166
-0.033142
-0.048706
-0.033142
-0.048706
0.011047
-0.057922
0.011047
-0.057922
-0.058533
0.006531
-0.058533
0.006531
-0.045898
-0.036865
-0.045898
-0.036865
-0.028442
-0.051453
-0.028442
-0.051453
0.016418
-0.056580
0.016418
-0.056580
-0.018005
-0.055786
-0.018005
-0.055786
0.026855
-0.052185
0.026855
-0.052185
0.044617
-0.037842
0.044617
-0.037842
0.058472
0.004761
0.058472
0.004761
-0.058594
0.003784
-0.058594
0.003784
-0.044067
-0.038757
-0.044067
-0.038757
-0.025818
-0.052673
-0.025818
-0.052673
0.019104
-0.055481
0.019104
-0.055481
-0.015442
-0.056641
-0.015442
-0.056641
0.029236
-0.050903
0.029236
-0.050903
0.046387
-0.035828
0.046387
-0.035828
0.058167
0.007507
0.058167
0.007507
-0.009583
-0.057434
-0.009583
-0.057434
0.033997
-0.047485
0.033997
-0.047485
0.049438
-0.030823
0.049438
-0.030823
0.056885
0.013062
0.056885
0.013062
0.054382
-0.020508
0.054382
-0.020508
0.052979
0.023865
0.052979
0.023865
0.039673
0.042419
0.039673
0.042419
-0.001770
0.058044
-0.001770
0.058044
-0.058594
0.002319
-0.058594
0.002319
-0.043091
-0.039795
-0.043091
-0.039795
-0.024597
-0.053223
-0.024597
-0.053223
0.020264
-0.054993
0.020264
-0.054993
-0.013733
-0.056702
-0.013733
-0.056702
0.030457
-0.049927
0.030457
-0.049927
0.046997
-0.034424
0.046997
-0.034424
0.057739
0.008850
0.057739
0.008850
-0.008118
-0.057556
-0.008118
-0.057556
0.035034
-0.046570
0.035034
-0.046570
0.049988
-0.029602
0.049988
-0.029602
0.056396
0.014404
0.056396
0.014404
0.054626
-0.019043
0.054626
-0.019043
0.052124
0.025146
0.052124
0.025146
0.038452
0.043335
0.038452
0.043335
-0.003296
0.057800
-0.003296
0.057800
-0.005188
-0.057800
-0.005188
-0.057800
0.037292
-0.044617
0.037292
-0.044617
0.051392
-0.026855
0.051392
-0.026855
0.055420
0.017334
0.055420
0.017334
0.055542
-0.016113
0.055542
-0.016113
0.050720
0.027832
0.050720
0.027832
0.036194
0.045166
0.036194
0.045166
-0.006287
0.057434
-0.006287
0.057434
0.056885
-0.010376
0.056885
-0.010376
0.047668
0.032837
0.047668
0.032837
0.031494
0.048767
0.031494
0.048767
-0.012146
0.056641
-0.012146
0.056641
0.021301
0.053955
0.021301
0.053955
-0.023071
0.053162
-0.023071
0.053162
-0.041748
0.040344
-0.041748
0.040344
-0.057922
-0.001038
-0.057922
-0.001038
-0.058350
0.001526
-0.058350
0.001526
-0.042297
-0.040283
-0.042297
-0.040283
-0.023804
-0.053345
-0.023804
-0.053345
0.020935
-0.054565
0.020935
-0.054565
-0.013000
-0.056763
-0.013000
-0.056763
0.031067
-0.049377
0.031067
-0.049377
0.047424
-0.033752
0.047424
-0.033752
0.057434
0.009644
0.057434
0.009644
-0.007385
-0.057495
-0.007385
-0.057495
0.035522
-0.045959
0.035522
-0.045959
0.050354
-0.028809
0.050354
-0.028809
0.056091
0.015198
0.056091
0.015198
0.054932
-0.018311
0.054932
-0.018311
0.051819
0.025879
0.051819
0.025879
0.037842
0.043762
0.037842
0.043762
-0.004028
0.057739
-0.004028
0.057739
-0.004333
-0.057678
-0.004333
-0.057678
0.037781
-0.043945
0.037781
-0.043945
0.051575
-0.026123
0.051575
-0.026123
0.055115
0.017944
0.055115
0.017944
0.055664
-0.015381
0.055664
-0.015381
0.050354
0.028442
0.050354
0.028442
0.035461
0.045593
0.035461
0.045593
-0.007019
0.057312
-0.007019
0.057312
0.056885
-0.009583
0.056885
-0.009583
0.047119
0.033447
0.047119
0.033447
0.030640
0.048889
0.030640
0.048889
-0.012939
0.056274
-0.012939
0.056274
0.020508
0.054199
0.020508
0.054199
-0.023743
0.052795
-0.023743
0.052795
-0.042236
0.039734
-0.042236
0.039734
-0.057800
-0.001831
-0.057800
-0.001831
-0.002747
-0.057800
-0.002747
-0.057800
0.039062
-0.042908
0.039062
-0.042908
0.052368
-0.024536
0.052368
-0.024536
0.054382
0.019592
0.054382
0.019592
0.056152
-0.013733
0.056152
-0.013733
0.049438
0.029907
0.049438
0.029907
0.034180
0.046631
0.034180
0.046631
-0.008667
0.057129
-0.008667
0.057129
0.057129
-0.007935
0.057129
-0.007935
0.046143
0.034790
0.046143
0.034790
0.029175
0.049805
0.029175
0.049805
-0.014465
0.055847
-0.014465
0.055847
0.018860
0.054688
0.018860
0.054688
-0.025208
0.051941
-0.025208
0.051941
-0.043518
0.038452
-0.043518
0.038452
-0.057800
-0.003601
-0.057800
-0.003601
0.057617
-0.005188
0.057617
-0.005188
0.044434
0.037109
0.044434
0.037109
0.026672
0.051392
0.026672
0.051392
-0.017334
0.055115
-0.017334
0.055115
0.016174
0.055786
0.016174
0.055786
-0.027893
0.050842
-0.027893
0.050842
-0.045227
0.036377
-0.045227
0.036377
-0.057678
-0.006348
-0.057678
-0.006348
0.010742
0.057434
0.010742
0.057434
-0.032898
0.048157
-0.032898
0.048157
-0.048828
0.031799
-0.048828
0.031799
-0.057068
-0.012024
-0.057068
-0.012024
-0.054199
0.021912
-0.054199
0.021912
-0.053833
-0.022949
-0.053833
-0.022949
-0.041016
-0.041748
-0.041016
-0.041748
0.000549
-0.058533
0.000549
-0.058533
