0.029297
0.029419
0.029297
0.029419
0.000000
0.041504
0.000000
0.041504
-0.015991
0.038452
-0.015991
0.038452
-0.038330
0.015869
-0.038330
0.015869
-0.023193
0.034729
-0.023193
0.034729
-0.040833
0.008057
-0.040833
0.008057
-0.040894
-0.008057
-0.040894
-0.008057
-0.023071
-0.034668
-0.023071
-0.034668
-0.026428
0.032410
-0.026428
0.032410
-0.041565
0.004211
-0.041565
0.004211
-0.040100
-0.011963
-0.040100
-0.011963
-0.019836
-0.036926
-0.019836
-0.036926
-0.037048
-0.019287
-0.037048
-0.019287
-0.012451
-0.039795
-0.012451
-0.039795
0.003662
-0.041565
0.003662
-0.041565
0.032104
-0.026794
0.032104
-0.026794
-0.027893
0.031189
-0.027893
0.031189
-0.041748
0.002197
-0.041748
0.002197
-0.039551
-0.013733
-0.039551
-0.013733
-0.018188
-0.037720
-0.018188
-0.037720
-0.036072
-0.021057
-0.036072
-0.021057
-0.010498
-0.040405
-0.010498
-0.040405
0.005676
-0.041321
0.005676
-0.041321
0.033264
-0.025269
0.033264
-0.025269
-0.033936
-0.024170
-0.033936
-0.024170
-0.006836
-0.041077
-0.006836
-0.041077
0.009399
-0.040588
0.009399
-0.040588
0.035339
-0.022095
0.035339
-0.022095
0.016968
-0.037720
0.016968
-0.037720
0.038757
-0.014648
0.038757
-0.014648
0.041382
0.001404
0.041382
0.001404
0.028381
0.030212
0.028381
0.030212
-0.028503
0.030579
-0.028503
0.030579
-0.041748
0.001465
-0.041748
0.001465
-0.039124
-0.014526
-0.039124
-0.014526
-0.017334
-0.037903
-0.017334
-0.037903
-0.035706
-0.021667
-0.035706
-0.021667
-0.009766
-0.040588
-0.009766
-0.040588
0.006287
-0.041199
0.006287
-0.041199
0.033691
-0.024719
0.033691
-0.024719
-0.033508
-0.024841
-0.033508
-0.024841
-0.006042
-0.041199
-0.006042
-0.041199
0.010193
-0.040222
0.010193
-0.040222
0.035706
-0.021240
0.035706
-0.021240
0.017761
-0.037354
0.017761
-0.037354
0.039001
-0.013855
0.039001
-0.013855
0.041321
0.002197
0.041321
0.002197
0.027710
0.030762
0.027710
0.030762
-0.031860
-0.026489
-0.031860
-0.026489
-0.003723
-0.041260
-0.003723
-0.041260
0.012207
-0.039490
0.012207
-0.039490
0.036682
-0.019348
0.036682
-0.019348
0.019592
-0.036194
0.019592
-0.036194
0.039490
-0.011780
0.039490
-0.011780
0.040894
0.004333
0.040894
0.004333
0.026001
0.031921
0.026001
0.031921
0.022949
-0.033936
0.022949
-0.033936
0.040344
-0.007812
0.040344
-0.007812
0.040161
0.008301
0.040161
0.008301
0.022644
0.034180
0.022644
0.034180
0.037537
0.016052
0.037537
0.016052
0.015320
0.037842
0.015320
0.037842
-0.000549
0.041016
-0.000549
0.041016
-0.029236
0.028564
-0.029236
0.028564
-0.028748
0.030029
-0.028748
0.030029
-0.041443
0.000793
-0.041443
0.000793
-0.038696
-0.015076
-0.038696
-0.015076
-0.016541
-0.038086
-0.016541
-0.038086
-0.035095
-0.022095
-0.035095
-0.022095
-0.009094
-0.040466
-0.009094
-0.040466
0.006958
-0.040833
0.006958
-0.040833
0.033875
-0.024048
0.033875
-0.024048
-0.032898
-0.025146
-0.032898
-0.025146
-0.005310
-0.041016
-0.005310
-0.041016
0.010620
-0.040039
0.010620
-0.040039
0.035889
-0.020813
0.035889
-0.020813
0.018250
-0.036987
0.018250
-0.036987
0.039185
-0.013306
0.039185
-0.013306
0.041077
0.002747
0.041077
0.002747
0.027222
0.030945
0.027222
0.030945
-0.031433
-0.026672
-0.031433
-0.026672
-0.003296
-0.041077
-0.003296
-0.041077
0.012573
-0.039124
0.012573
-0.039124
0.036682
-0.018799
0.036682
-0.018799
0.019958
-0.035889
0.019958
-0.035889
0.039612
-0.011230
0.039612
-0.011230
0.040649
0.004700
0.040649
0.004700
0.025452
0.032043
0.025452
0.032043
0.023315
-0.033447
0.023315
-0.033447
0.040222
-0.007263
0.040222
-0.007263
0.039856
0.008911
0.039856
0.008911
0.022034
0.034424
0.022034
0.034424
0.037292
0.016479
0.037292
0.016479
0.014709
0.037964
0.014709
0.037964
-0.001038
0.040771
-0.001038
0.040771
-0.029480
0.028076
-0.029480
0.028076
-0.030579
-0.027405
-0.030579
-0.027405
-0.002197
-0.041016
-0.002197
-0.041016
0.013489
-0.038696
0.013489
-0.038696
0.036987
-0.017822
0.036987
-0.017822
0.020874
-0.035095
0.020874
-0.035095
0.039612
-0.010193
0.039612
-0.010193
0.040344
0.005798
0.040344
0.005798
0.024475
0.032654
0.024475
0.032654
0.024170
-0.032776
0.024170
-0.032776
0.040283
-0.006165
0.040283
-0.006165
0.039490
0.009888
0.039490
0.009888
0.020996
0.034851
0.020996
0.034851
0.036682
0.017517
0.036682
0.017517
0.013550
0.038269
0.013550
0.038269
-0.002075
0.040649
-0.002075
0.040649
-0.030151
0.027283
-0.030151
0.027283
0.025879
-0.031250
0.025879
-0.031250
0.040466
-0.003784
0.040466
-0.003784
0.038818
0.012024
0.038818
0.012024
0.019104
0.035889
0.019104
0.035889
0.035645
0.019531
0.035645
0.019531
0.011536
0.039001
0.011536
0.039001
-0.004333
0.040466
-0.004333
0.040466
-0.031677
0.025452
-0.031677
0.025452
0.033691
0.023132
0.033691
0.023132
0.007507
0.040161
0.007507
0.040161
-0.008484
0.040039
-0.008484
0.040039
-0.034180
0.022339
-0.034180
0.022339
-0.016235
0.037842
-0.016235
0.037842
-0.038086
0.015320
-0.038086
0.015320
-0.041016
-0.000366
-0.041016
-0.000366
-0.028687
-0.029358
-0.028687
-0.029358
-0.028748
0.029846
-0.028748
0.029846
-0.041382
0.000732
-0.041382
0.000732
-0.038635
-0.015198
-0.038635
-0.015198
-0.016479
-0.038086
-0.016479
-0.038086
-0.035034
-0.022278
-0.035034
-0.022278
-0.008972
-0.040588
-0.008972
-0.040588
0.007141
-0.040833
0.007141
-0.040833
0.033997
-0.023926
0.033997
-0.023926
-0.032593
-0.025391
-0.032593
-0.025391
-0.005127
-0.041016
-0.005127
-0.041016
0.010986
-0.039856
0.010986
-0.039856
0.036011
-0.020508
0.036011
-0.020508
0.018433
-0.036743
0.018433
-0.036743
0.039062
-0.013000
0.039062
-0.013000
0.040955
0.002930
0.040955
0.002930
0.026978
0.031067
0.026978
0.031067
-0.031250
-0.026733
-0.031250
-0.026733
-0.003113
-0.041016
-0.003113
-0.041016
0.012817
-0.038940
0.012817
-0.038940
0.036682
-0.018555
0.036682
-0.018555
0.020203
-0.035522
0.020203
-0.035522
0.039429
-0.010864
0.039429
-0.010864
0.040588
0.005066
0.040588
0.005066
0.025208
0.032227
0.025208
0.032227
0.023499
-0.033142
0.023499
-0.033142
0.040222
-0.006836
0.040222
-0.006836
0.039612
0.009094
0.039612
0.009094
0.021606
0.034363
0.021606
0.034363
0.036987
0.016846
0.036987
0.016846
0.014282
0.038025
0.014282
0.038025
-0.001404
0.040771
-0.001404
0.040771
-0.029663
0.027771
-0.029663
0.027771
-0.030273
-0.027588
-0.030273
-0.027588
-0.001831
-0.040894
-0.001831
-0.040894
0.013794
-0.038513
0.013794
-0.038513
0.037109
-0.017578
0.037109
-0.017578
0.020996
-0.034790
0.020996
-0.034790
0.039551
-0.009766
0.039551
-0.009766
0.040222
0.006165
0.040222
0.006165
0.024231
0.032715
0.024231
0.032715
0.024292
-0.032471
0.024292
-0.032471
0.040222
-0.005798
0.040222
-0.005798
0.039246
0.010071
0.039246
0.010071
0.020691
0.034912
0.020691
0.034912
0.036377
0.017639
0.036377
0.017639
0.013367
0.038208
0.013367
0.038208
-0.002380
0.040405
-0.002380
0.040405
-0.030151
0.026855
-0.030151
0.026855
0.026245
-0.031067
0.026245
-0.031067
0.040588
-0.003418
0.040588
-0.003418
0.038757
0.012329
0.038757
0.012329
0.018677
0.036011
0.018677
0.036011
0.035461
0.019836
0.035461
0.019836
0.011169
0.039001
0.011169
0.039001
-0.004700
0.040405
-0.004700
0.040405
-0.031738
0.025208
-0.031738
0.025208
0.033447
0.023376
0.033447
0.023376
0.007263
0.040100
0.007263
0.040100
-0.008606
0.039917
-0.008606
0.039917
-0.034241
0.021973
-0.034241
0.021973
-0.016479
0.037415
-0.016479
0.037415
-0.038086
0.014832
-0.038086
0.014832
-0.040955
-0.000854
-0.040955
-0.000854
-0.028320
-0.029541
-0.028320
-0.029541
-0.030029
-0.027954
-0.030029
-0.027954
-0.001343
-0.041016
-0.001343
-0.041016
0.014343
-0.038269
0.014343
-0.038269
0.037354
-0.016968
0.037354
-0.016968
0.021484
-0.034546
0.021484
-0.034546
0.039673
-0.009338
0.039673
-0.009338
0.040222
0.006592
0.040222
0.006592
0.023865
0.033142
0.023865
0.033142
0.024902
-0.032104
0.024902
-0.032104
0.040344
-0.005127
0.040344
-0.005127
0.039185
0.010742
0.039185
0.010742
0.020203
0.035217
0.020203
0.035217
0.036255
0.018433
0.036255
0.018433
0.012695
0.038574
0.012695
0.038574
-0.003113
0.040527
-0.003113
0.040527
-0.030762
0.026489
-0.030762
0.026489
0.026489
-0.030701
0.026489
-0.030701
0.040405
-0.002991
0.040405
-0.002991
0.038391
0.012878
0.038391
0.012878
0.018127
0.036255
0.018127
0.036255
0.035217
0.020325
0.035217
0.020325
0.010620
0.039185
0.010620
0.039185
-0.005371
0.040344
-0.005371
0.040344
-0.032227
0.024719
-0.032227
0.024719
0.033020
0.023926
0.033020
0.023926
0.006592
0.040222
0.006592
0.040222
-0.009460
0.039673
-0.009460
0.039673
-0.034668
0.021362
-0.034668
0.021362
-0.017151
0.037231
-0.017151
0.037231
-0.038391
0.014221
-0.038391
0.014221
-0.041077
-0.001465
-0.041077
-0.001465
-0.027893
-0.030090
-0.027893
-0.030090
0.027466
-0.029968
0.027466
-0.029968
0.040710
-0.001770
0.040710
-0.001770
0.038208
0.013916
0.038208
0.013916
0.017212
0.036804
0.017212
0.036804
0.034607
0.021362
0.034607
0.021362
0.009399
0.039490
0.009399
0.039490
-0.006531
0.040222
-0.006531
0.040222
-0.033020
0.023743
-0.033020
0.023743
0.032593
0.024963
0.032593
0.024963
0.005554
0.040649
0.005554
0.040649
-0.010620
0.039612
-0.010620
0.039612
-0.035400
0.020386
-0.035400
0.020386
-0.018188
0.036926
-0.018188
0.036926
-0.038818
0.013245
-0.038818
0.013245
-0.041077
-0.002625
-0.041077
-0.002625
-0.027161
-0.031006
-0.027161
-0.031006
0.031311
0.026733
0.031311
0.026733
0.003357
0.041077
0.003357
0.041077
-0.012695
0.039185
-0.012695
0.039185
-0.036560
0.018738
-0.036560
0.018738
-0.020081
0.036072
-0.020081
0.036072
-0.039673
0.011292
-0.039673
0.011292
-0.041077
-0.004578
-0.041077
-0.004578
-0.025696
-0.032349
-0.025696
-0.032349
-0.023315
0.034302
-0.023315
0.034302
-0.040710
0.007690
-0.040710
0.007690
-0.040649
-0.008423
-0.040649
-0.008423
-0.022705
-0.034790
-0.022705
-0.034790
-0.038330
-0.015991
-0.038330
-0.015991
-0.015686
-0.038513
-0.015686
-0.038513
0.000122
-0.041443
0.000122
-0.041443
0.029480
-0.029175
0.029480
-0.029175
