0.029175
0.000122
0.029175
0.000122
0.020508
0.020691
0.020508
0.020691
0.011047
0.027039
0.011047
0.027039
-0.011292
0.026794
-0.011292
0.026794
0.005432
0.028870
0.005432
0.028870
-0.016479
0.024231
-0.016479
0.024231
-0.024658
0.016052
-0.024658
0.016052
-0.028748
-0.006104
-0.028748
-0.006104
0.002625
0.029419
0.002625
0.029419
-0.018921
0.022583
-0.018921
0.022583
-0.026245
0.013672
-0.026245
0.013672
-0.028137
-0.008850
-0.028137
-0.008850
-0.028503
0.008362
-0.028503
0.008362
-0.026001
-0.014343
-0.026001
-0.014343
-0.018677
-0.023010
-0.018677
-0.023010
0.003235
-0.029480
0.003235
-0.029480
0.001282
0.029602
0.001282
0.029602
-0.019958
0.021851
-0.019958
0.021851
-0.026855
0.012573
-0.026855
0.012573
-0.027710
-0.010132
-0.027710
-0.010132
-0.028992
0.007263
-0.028992
0.007263
-0.025513
-0.015381
-0.025513
-0.015381
-0.017883
-0.023926
-0.017883
-0.023926
0.004395
-0.029541
0.004395
-0.029541
-0.029480
0.004700
-0.029480
0.004700
-0.024048
-0.017639
-0.024048
-0.017639
-0.015625
-0.025391
-0.015625
-0.025391
0.007019
-0.029053
0.007019
-0.029053
-0.010437
-0.027710
-0.010437
-0.027710
0.012329
-0.026978
0.012329
-0.026978
0.021606
-0.020081
0.021606
-0.020081
0.029602
0.001038
0.029602
0.001038
0.000610
0.029724
0.000610
0.029724
-0.020508
0.021423
-0.020508
0.021423
-0.027161
0.011902
-0.027161
0.011902
-0.027527
-0.010803
-0.027527
-0.010803
-0.029175
0.006653
-0.029175
0.006653
-0.025269
-0.015991
-0.025269
-0.015991
-0.017273
-0.024353
-0.017273
-0.024353
0.005127
-0.029419
0.005127
-0.029419
-0.029602
0.003845
-0.029602
0.003845
-0.023499
-0.018188
-0.023499
-0.018188
-0.014832
-0.025757
-0.014832
-0.025757
0.007751
-0.028748
0.007751
-0.028748
-0.009766
-0.027893
-0.009766
-0.027893
0.013000
-0.026733
0.013000
-0.026733
0.022156
-0.019653
0.022156
-0.019653
0.029724
0.001709
0.029724
0.001709
-0.029480
0.002747
-0.029480
0.002747
-0.022705
-0.018921
-0.022705
-0.018921
-0.013855
-0.026123
-0.013855
-0.026123
0.008789
-0.028320
0.008789
-0.028320
-0.008545
-0.028320
-0.008545
-0.028320
0.014099
-0.026062
0.014099
-0.026062
0.022888
-0.018738
0.022888
-0.018738
0.029419
0.002930
0.029419
0.002930
-0.005798
-0.028687
-0.005798
-0.028687
0.016235
-0.024414
0.016235
-0.024414
0.024292
-0.016235
0.024292
-0.016235
0.028870
0.005615
0.028870
0.005615
0.026917
-0.011169
0.026917
-0.011169
0.026917
0.011169
0.026917
0.011169
0.020630
0.020752
0.020630
0.020752
0.000000
0.029236
0.000000
0.029236
0.000549
0.029724
0.000549
0.029724
-0.020508
0.021423
-0.020508
0.021423
-0.027161
0.011902
-0.027161
0.011902
-0.027527
-0.010803
-0.027527
-0.010803
-0.029053
0.006592
-0.029053
0.006592
-0.025208
-0.015930
-0.025208
-0.015930
-0.017151
-0.024231
-0.017151
-0.024231
0.005005
-0.029297
0.005005
-0.029297
-0.029480
0.003784
-0.029480
0.003784
-0.023438
-0.018311
-0.023438
-0.018311
-0.014771
-0.025757
-0.014771
-0.025757
0.007812
-0.028687
0.007812
-0.028687
-0.009705
-0.027954
-0.009705
-0.027954
0.013062
-0.026550
0.013062
-0.026550
0.022217
-0.019592
0.022217
-0.019592
0.029602
0.001831
0.029602
0.001831
-0.029480
0.002563
-0.029480
0.002563
-0.022583
-0.019043
-0.022583
-0.019043
-0.013611
-0.026123
-0.013611
-0.026123
0.008972
-0.028137
0.008972
-0.028137
-0.008484
-0.028198
-0.008484
-0.028198
0.014099
-0.026001
0.014099
-0.026001
0.022827
-0.018616
0.022827
-0.018616
0.029358
0.002991
0.029358
0.002991
-0.005615
-0.028625
-0.005615
-0.028625
0.016357
-0.024231
0.016357
-0.024231
0.024353
-0.016113
0.024353
-0.016113
0.028687
0.005859
0.028687
0.005859
0.026917
-0.010803
0.026917
-0.010803
0.026794
0.011353
0.026794
0.011353
0.020264
0.020752
0.020264
0.020752
-0.000183
0.028992
-0.000183
0.028992
-0.029358
0.001709
-0.029358
0.001709
-0.021973
-0.019653
-0.021973
-0.019653
-0.012939
-0.026489
-0.012939
-0.026489
0.009644
-0.027893
0.009644
-0.027893
-0.007568
-0.028198
-0.007568
-0.028198
0.014648
-0.025330
0.014648
-0.025330
0.023071
-0.017700
0.023071
-0.017700
0.028931
0.003784
0.028931
0.003784
-0.004822
-0.028625
-0.004822
-0.028625
0.016968
-0.023743
0.016968
-0.023743
0.024719
-0.015259
0.024719
-0.015259
0.028320
0.006592
0.028320
0.006592
0.027100
-0.010010
0.027100
-0.010010
0.026245
0.012024
0.026245
0.012024
0.019592
0.021179
0.019592
0.021179
-0.001038
0.028809
-0.001038
0.028809
-0.003296
-0.028503
-0.003296
-0.028503
0.018005
-0.022522
0.018005
-0.022522
0.025146
-0.013855
0.025146
-0.013855
0.027649
0.007996
0.027649
0.007996
0.027222
-0.008362
0.027222
-0.008362
0.025330
0.013428
0.025330
0.013428
0.018188
0.022095
0.018188
0.022095
-0.002625
0.028381
-0.002625
0.028381
0.028076
-0.005615
0.028076
-0.005615
0.023987
0.015869
0.023987
0.015869
0.015869
0.023865
0.015869
0.023865
-0.005554
0.028137
-0.005554
0.028137
0.010864
0.026672
0.010864
0.026672
-0.011047
0.026489
-0.011047
0.026489
-0.020508
0.020264
-0.020508
0.020264
-0.028748
-0.000244
-0.028748
-0.000244
0.000305
0.029419
0.000305
0.029419
-0.020508
0.021057
-0.020508
0.021057
-0.027100
0.011536
-0.027100
0.011536
-0.027283
-0.010925
-0.027283
-0.010925
-0.028992
0.006287
-0.028992
0.006287
-0.024780
-0.016174
-0.024780
-0.016174
-0.016846
-0.024353
-0.016846
-0.024353
0.005371
-0.029114
0.005371
-0.029114
-0.029419
0.003662
-0.029419
0.003662
-0.023254
-0.018311
-0.023254
-0.018311
-0.014526
-0.025757
-0.014526
-0.025757
0.007935
-0.028503
0.007935
-0.028503
-0.009460
-0.027771
-0.009460
-0.027771
0.013062
-0.026367
0.013062
-0.026367
0.022034
-0.019287
0.022034
-0.019287
0.029358
0.001953
0.029358
0.001953
-0.029419
0.002502
-0.029419
0.002502
-0.022522
-0.019104
-0.022522
-0.019104
-0.013428
-0.026184
-0.013428
-0.026184
0.009094
-0.028137
0.009094
-0.028137
-0.008179
-0.028076
-0.008179
-0.028076
0.014160
-0.025696
0.014160
-0.025696
0.022827
-0.018311
0.022827
-0.018311
0.029236
0.003113
0.029236
0.003113
-0.005310
-0.028503
-0.005310
-0.028503
0.016479
-0.023926
0.016479
-0.023926
0.024353
-0.015808
0.024353
-0.015808
0.028503
0.006042
0.028503
0.006042
0.026794
-0.010498
0.026794
-0.010498
0.026489
0.011475
0.026489
0.011475
0.020020
0.020752
0.020020
0.020752
-0.000427
0.028748
-0.000427
0.028748
-0.029175
0.001648
-0.029175
0.001648
-0.021790
-0.019531
-0.021790
-0.019531
-0.012634
-0.026306
-0.012634
-0.026306
0.009705
-0.027588
0.009705
-0.027588
-0.007385
-0.028259
-0.007385
-0.028259
0.014832
-0.025208
0.014832
-0.025208
0.023254
-0.017578
0.023254
-0.017578
0.028870
0.003967
0.028870
0.003967
-0.004517
-0.028503
-0.004517
-0.028503
0.017090
-0.023315
0.017090
-0.023315
0.024597
-0.014893
0.024597
-0.014893
0.028137
0.006775
0.028137
0.006775
0.027039
-0.009705
0.027039
-0.009705
0.026062
0.012207
0.026062
0.012207
0.019409
0.021240
0.019409
0.021240
-0.001221
0.028809
-0.001221
0.028809
-0.003113
-0.028503
-0.003113
-0.028503
0.018127
-0.022400
0.018127
-0.022400
0.025085
-0.013611
0.025085
-0.013611
0.027527
0.008057
0.027527
0.008057
0.027283
-0.008301
0.027283
-0.008301
0.025208
0.013428
0.025208
0.013428
0.018127
0.022095
0.018127
0.022095
-0.002686
0.028320
-0.002686
0.028320
0.028076
-0.005310
0.028076
-0.005310
0.023621
0.015991
0.023621
0.015991
0.015686
0.023865
0.015686
0.023865
-0.005737
0.027954
-0.005737
0.027954
0.010559
0.026672
0.010559
0.026672
-0.011292
0.026184
-0.011292
0.026184
-0.020508
0.020081
-0.020508
0.020081
-0.028625
-0.000305
-0.028625
-0.000305
-0.029175
0.001160
-0.029175
0.001160
-0.021423
-0.019897
-0.021423
-0.019897
-0.012268
-0.026428
-0.012268
-0.026428
0.010071
-0.027405
0.010071
-0.027405
-0.006958
-0.028198
-0.006958
-0.028198
0.015076
-0.024902
0.015076
-0.024902
0.023438
-0.017151
0.023438
-0.017151
0.028809
0.004395
0.028809
0.004395
-0.004028
-0.028442
-0.004028
-0.028442
0.017334
-0.023010
0.017334
-0.023010
0.024597
-0.014526
0.024597
-0.014526
0.027832
0.007080
0.027832
0.007080
0.027100
-0.009338
0.027100
-0.009338
0.025879
0.012512
0.025879
0.012512
0.019104
0.021484
0.019104
0.021484
-0.001648
0.028625
-0.001648
0.028625
-0.002686
-0.028503
-0.002686
-0.028503
0.018372
-0.022095
0.018372
-0.022095
0.025330
-0.013306
0.025330
-0.013306
0.027405
0.008545
0.027405
0.008545
0.027466
-0.007812
0.027466
-0.007812
0.025024
0.013794
0.025024
0.013794
0.017822
0.022400
0.017822
0.022400
-0.003235
0.028381
-0.003235
0.028381
0.028076
-0.004944
0.028076
-0.004944
0.023376
0.016357
0.023376
0.016357
0.015259
0.024048
0.015259
0.024048
-0.006165
0.027710
-0.006165
0.027710
0.010254
0.026672
0.010254
0.026672
-0.011536
0.026062
-0.011536
0.026062
-0.020813
0.019714
-0.020813
0.019714
-0.028564
-0.000854
-0.028564
-0.000854
-0.001587
-0.028625
-0.001587
-0.028625
0.019226
-0.021423
0.019226
-0.021423
0.025879
-0.012268
0.025879
-0.012268
0.027100
0.009521
0.027100
0.009521
0.027527
-0.006958
0.027527
-0.006958
0.024597
0.014465
0.024597
0.014465
0.017090
0.022827
0.017090
0.022827
-0.003967
0.028198
-0.003967
0.028198
0.028198
-0.003906
0.028198
-0.003906
0.022827
0.017090
0.022827
0.017090
0.014404
0.024597
0.014404
0.024597
-0.007141
0.027588
-0.007141
0.027588
0.009277
0.027222
0.009277
0.027222
-0.012573
0.025818
-0.012573
0.025818
-0.021606
0.019104
-0.021606
0.019104
-0.028625
-0.001770
-0.028625
-0.001770
0.028381
-0.002502
0.028381
-0.002502
0.021912
0.018311
0.021912
0.018311
0.013123
0.025330
0.013123
0.025330
-0.008484
0.027100
-0.008484
0.027100
0.007874
0.027710
0.007874
0.027710
-0.013977
0.025085
-0.013977
0.025085
-0.022583
0.017883
-0.022583
0.017883
-0.028503
-0.003357
-0.028503
-0.003357
0.005249
0.028503
0.005249
0.028503
-0.016418
0.023804
-0.016418
0.023804
-0.024292
0.015808
-0.024292
0.015808
-0.028198
-0.006104
-0.028198
-0.006104
-0.026917
0.010925
-0.026917
0.010925
-0.026611
-0.011353
-0.026611
-0.011353
-0.020386
-0.020752
-0.020386
-0.020752
0.000366
-0.029175
0.000366
-0.029175
0.000122
0.029358
0.000122
0.029358
-0.020569
0.020874
-0.020569
0.020874
-0.027161
0.011475
-0.027161
0.011475
-0.027283
-0.011108
-0.027283
-0.011108
-0.029053
0.006042
-0.029053
0.006042
-0.024719
-0.016357
-0.024719
-0.016357
-0.016663
-0.024414
-0.016663
-0.024414
0.005615
-0.029114
0.005615
-0.029114
-0.029358
0.003540
-0.029358
0.003540
-0.023193
-0.018311
-0.023193
-0.018311
-0.014465
-0.025818
-0.014465
-0.025818
0.008057
-0.028564
0.008057
-0.028564
-0.009155
-0.027893
-0.009155
-0.027893
0.013306
-0.026245
0.013306
-0.026245
0.022278
-0.019104
0.022278
-0.019104
0.029297
0.002197
0.029297
0.002197
-0.029419
0.002197
-0.029419
0.002197
-0.022217
-0.019348
-0.022217
-0.019348
-0.013306
-0.026245
-0.013306
-0.026245
0.009216
-0.027893
0.009216
-0.027893
-0.007996
-0.028015
-0.007996
-0.028015
0.014221
-0.025513
0.014221
-0.025513
0.022827
-0.018127
0.022827
-0.018127
0.029114
0.003296
0.029114
0.003296
-0.005188
-0.028503
-0.005188
-0.028503
0.016602
-0.023865
0.016602
-0.023865
0.024353
-0.015686
0.024353
-0.015686
0.028381
0.006165
0.028381
0.006165
0.026855
-0.010376
0.026855
-0.010376
0.026428
0.011597
0.026428
0.011597
0.019836
0.020813
0.019836
0.020813
-0.000610
0.028687
-0.000610
0.028687
-0.029175
0.001465
-0.029175
0.001465
-0.021545
-0.019653
-0.021545
-0.019653
-0.012451
-0.026367
-0.012451
-0.026367
0.009949
-0.027527
0.009949
-0.027527
-0.007263
-0.028198
-0.007263
-0.028198
0.014832
-0.025085
0.014832
-0.025085
0.023254
-0.017334
0.023254
-0.017334
0.028809
0.004089
0.028809
0.004089
-0.004272
-0.028320
-0.004272
-0.028320
0.017212
-0.023132
0.017212
-0.023132
0.024597
-0.014709
0.024597
-0.014709
0.027893
0.006958
0.027893
0.006958
0.026978
-0.009583
0.026978
-0.009583
0.025940
0.012268
0.025940
0.012268
0.019165
0.021362
0.019165
0.021362
-0.001465
0.028625
-0.001465
0.028625
-0.002808
-0.028320
-0.002808
-0.028320
0.018250
-0.022095
0.018250
-0.022095
0.025024
-0.013428
0.025024
-0.013428
0.027283
0.008240
0.027283
0.008240
0.027222
-0.008179
0.027222
-0.008179
0.025024
0.013489
0.025024
0.013489
0.017883
0.022156
0.017883
0.022156
-0.002869
0.028259
-0.002869
0.028259
0.027954
-0.005249
0.027954
-0.005249
0.023560
0.015991
0.023560
0.015991
0.015503
0.023865
0.015503
0.023865
-0.005798
0.027832
-0.005798
0.027832
0.010498
0.026672
0.010498
0.026672
-0.011353
0.026184
-0.011353
0.026184
-0.020569
0.019958
-0.020569
0.019958
-0.028625
-0.000366
-0.028625
-0.000366
-0.029114
0.000977
-0.029114
0.000977
-0.021240
-0.019897
-0.021240
-0.019897
-0.012146
-0.026428
-0.012146
-0.026428
0.010132
-0.027283
0.010132
-0.027283
-0.006836
-0.028015
-0.006836
-0.028015
0.015137
-0.024658
0.015137
-0.024658
0.023376
-0.016907
0.023376
-0.016907
0.028564
0.004456
0.028564
0.004456
-0.004028
-0.028503
-0.004028
-0.028503
0.017395
-0.022949
0.017395
-0.022949
0.024658
-0.014465
0.024658
-0.014465
0.027710
0.007202
0.027710
0.007202
0.026978
-0.009155
0.026978
-0.009155
0.025757
0.012512
0.025757
0.012512
0.018921
0.021484
0.018921
0.021484
-0.001770
0.028625
-0.001770
0.028625
-0.002502
-0.028503
-0.002502
-0.028503
0.018372
-0.021912
0.018372
-0.021912
0.025330
-0.013000
0.025330
-0.013000
0.027222
0.008606
0.027222
0.008606
0.027344
-0.007690
0.027344
-0.007690
0.024902
0.013855
0.024902
0.013855
0.017639
0.022339
0.017639
0.022339
-0.003174
0.028259
-0.003174
0.028259
0.028015
-0.004700
0.028015
-0.004700
0.023193
0.016418
0.023193
0.016418
0.015015
0.024231
0.015015
0.024231
-0.006348
0.027710
-0.006348
0.027710
0.010010
0.026794
0.010010
0.026794
-0.011841
0.025940
-0.011841
0.025940
-0.020874
0.019531
-0.020874
0.019531
-0.028503
-0.000916
-0.028503
-0.000916
-0.001465
-0.028503
-0.001465
-0.028503
0.019165
-0.021240
0.019165
-0.021240
0.025757
-0.012207
0.025757
-0.012207
0.026978
0.009521
0.026978
0.009521
0.027527
-0.006775
0.027527
-0.006775
0.024353
0.014648
0.024353
0.014648
0.016785
0.023010
0.016785
0.023010
-0.004333
0.028137
-0.004333
0.028137
0.028198
-0.003784
0.028198
-0.003784
0.022644
0.017212
0.022644
0.017212
0.014343
0.024658
0.014343
0.024658
-0.007263
0.027527
-0.007263
0.027527
0.009033
0.027161
0.009033
0.027161
-0.012695
0.025574
-0.012695
0.025574
-0.021545
0.018738
-0.021545
0.018738
-0.028442
-0.002014
-0.028442
-0.002014
0.028442
-0.002380
0.028442
-0.002380
0.021790
0.018311
0.021790
0.018311
0.012939
0.025452
0.012939
0.025452
-0.008606
0.027100
-0.008606
0.027100
0.007751
0.027771
0.007751
0.027771
-0.014099
0.025024
-0.014099
0.025024
-0.022644
0.017883
-0.022644
0.017883
-0.028625
-0.003418
-0.028625
-0.003418
0.005066
0.028564
0.005066
0.028564
-0.016541
0.023743
-0.016541
0.023743
-0.024414
0.015747
-0.024414
0.015747
-0.028259
-0.006226
-0.028259
-0.006226
-0.027039
0.010864
-0.027039
0.010864
-0.026672
-0.011536
-0.026672
-0.011536
-0.020386
-0.020935
-0.020386
-0.020935
0.000427
-0.029175
0.000427
-0.029175
-0.029114
0.000549
-0.029114
0.000549
-0.020935
-0.020203
-0.020935
-0.020203
-0.011841
-0.026550
-0.011841
-0.026550
0.010559
-0.027100
0.010559
-0.027100
-0.006348
-0.028320
-0.006348
-0.028320
0.015564
-0.024475
0.015564
-0.024475
0.023682
-0.016663
0.023682
-0.016663
0.028564
0.004944
0.028564
0.004944
-0.003662
-0.028564
-0.003662
-0.028564
0.017700
-0.022766
0.017700
-0.022766
0.025085
-0.014160
0.025085
-0.014160
0.027832
0.007629
0.027832
0.007629
0.027100
-0.008850
0.027100
-0.008850
0.025452
0.012817
0.025452
0.012817
0.018677
0.021667
0.018677
0.021667
-0.002014
0.028442
-0.002014
0.028442
-0.002075
-0.028381
-0.002075
-0.028381
0.018738
-0.021667
0.018738
-0.021667
0.025330
-0.012817
0.025330
-0.012817
0.027161
0.008789
0.027161
0.008789
0.027405
-0.007385
0.027405
-0.007385
0.024658
0.014099
0.024658
0.014099
0.017212
0.022461
0.017212
0.022461
-0.003662
0.028076
-0.003662
0.028076
0.028015
-0.004333
0.028015
-0.004333
0.023071
0.016663
0.023071
0.016663
0.014771
0.024292
0.014771
0.024292
-0.006653
0.027527
-0.006653
0.027527
0.009766
0.026794
0.009766
0.026794
-0.011963
0.025757
-0.011963
0.025757
-0.021057
0.019287
-0.021057
0.019287
-0.028381
-0.001282
-0.028381
-0.001282
-0.001221
-0.028503
-0.001221
-0.028503
0.019409
-0.021057
0.019409
-0.021057
0.025940
-0.012024
0.025940
-0.012024
0.026917
0.009827
0.026917
0.009827
0.027527
-0.006531
0.027527
-0.006531
0.024170
0.014771
0.024170
0.014771
0.016602
0.023132
0.016602
0.023132
-0.004456
0.027954
-0.004456
0.027954
0.028259
-0.003418
0.028259
-0.003418
0.022400
0.017456
0.022400
0.017456
0.014099
0.024780
0.014099
0.024780
-0.007507
0.027466
-0.007507
0.027466
0.008789
0.027222
0.008789
0.027222
-0.012939
0.025452
-0.012939
0.025452
-0.021851
0.018616
-0.021851
0.018616
-0.028503
-0.002319
-0.028503
-0.002319
0.028442
-0.002014
0.028442
-0.002014
0.021667
0.018677
0.021667
0.018677
0.012817
0.025574
0.012817
0.025574
-0.008911
0.027100
-0.008911
0.027100
0.007324
0.027832
0.007324
0.027832
-0.014465
0.024902
-0.014465
0.024902
-0.022888
0.017578
-0.022888
0.017578
-0.028503
-0.003723
-0.028503
-0.003723
0.004700
0.028564
0.004700
0.028564
-0.016846
0.023438
-0.016846
0.023438
-0.024475
0.015320
-0.024475
0.015320
-0.028076
-0.006470
-0.028076
-0.006470
-0.027039
0.010437
-0.027039
0.010437
-0.026428
-0.011841
-0.026428
-0.011841
-0.020020
-0.020996
-0.020020
-0.020996
0.000732
-0.029053
0.000732
-0.029053
-0.000854
-0.028687
-0.000854
-0.028687
0.019775
-0.020935
0.019775
-0.020935
0.026184
-0.011658
0.026184
-0.011658
0.026917
0.010193
0.026917
0.010193
0.027771
-0.006165
0.027771
-0.006165
0.024048
0.015198
0.024048
0.015198
0.016357
0.023376
0.016357
0.023376
-0.004883
0.028137
-0.004883
0.028137
0.028442
-0.003296
0.028442
-0.003296
0.022522
0.017761
0.022522
0.017761
0.013794
0.025146
0.013794
0.025146
-0.007935
0.027588
-0.007935
0.027588
0.008484
0.027527
0.008484
0.027527
-0.013306
0.025391
-0.013306
0.025391
-0.022156
0.018433
-0.022156
0.018433
-0.028625
-0.002686
-0.028625
-0.002686
0.028625
-0.001648
0.028625
-0.001648
0.021484
0.019104
0.021484
0.019104
0.012451
0.025879
0.012451
0.025879
-0.009399
0.027100
-0.009399
0.027100
0.007202
0.027954
0.007202
0.027954
-0.014648
0.024780
-0.014648
0.024780
-0.023010
0.017456
-0.023010
0.017456
-0.028503
-0.004028
-0.028503
-0.004028
0.004395
0.028809
0.004395
0.028809
-0.017212
0.023376
-0.017212
0.023376
-0.024963
0.015137
-0.024963
0.015137
-0.028320
-0.006958
-0.028320
-0.006958
-0.027466
0.010071
-0.027466
0.010071
-0.026489
-0.012390
-0.026489
-0.012390
-0.019897
-0.021423
-0.019897
-0.021423
0.001160
-0.029175
0.001160
-0.029175
0.028870
-0.000854
0.028870
-0.000854
0.021179
0.019714
0.021179
0.019714
0.011780
0.026367
0.011780
0.026367
-0.010193
0.026978
-0.010193
0.026978
0.006348
0.028320
0.006348
0.028320
-0.015442
0.024475
-0.015442
0.024475
-0.023743
0.016785
-0.023743
0.016785
-0.028625
-0.005066
-0.028625
-0.005066
0.003479
0.029114
0.003479
0.029114
-0.018005
0.023071
-0.018005
0.023071
-0.025452
0.014343
-0.025452
0.014343
-0.028076
-0.007812
-0.028076
-0.007812
-0.027832
0.009460
-0.027832
0.009460
-0.026245
-0.013000
-0.026245
-0.013000
-0.019348
-0.022095
-0.019348
-0.022095
0.002014
-0.029297
0.002014
-0.029297
0.002319
0.029236
0.002319
0.029236
-0.018982
0.022278
-0.018982
0.022278
-0.026245
0.013550
-0.026245
0.013550
-0.028015
-0.009033
-0.028015
-0.009033
-0.028503
0.008179
-0.028503
0.008179
-0.025879
-0.014343
-0.025879
-0.014343
-0.018555
-0.023010
-0.018555
-0.023010
0.003296
-0.029419
0.003296
-0.029419
-0.029053
0.005676
-0.029053
0.005676
-0.024475
-0.016541
-0.024475
-0.016541
-0.016357
-0.024536
-0.016357
-0.024536
0.005798
-0.028931
0.005798
-0.028931
-0.011353
-0.027100
-0.011353
-0.027100
0.011230
-0.027161
0.011230
-0.027161
0.020752
-0.020813
0.020752
-0.020813
0.029419
-0.000061
0.029419
-0.000061
