-0.131104
-0.118225
-0.131104
-0.118225
-0.009155
-0.176331
-0.009155
-0.176331
0.059021
-0.166260
0.059021
-0.166260
0.159424
-0.075928
0.159424
-0.075928
0.090271
-0.151428
0.090271
-0.151428
0.170959
-0.043335
0.170959
-0.043335
0.174377
0.025452
0.174377
0.025452
0.105469
0.141235
0.105469
0.141235
0.104675
-0.141663
0.104675
-0.141663
0.174255
-0.026184
0.174255
-0.026184
0.170959
0.042542
0.170959
0.042542
0.090759
0.150879
0.090759
0.150879
0.159241
0.075256
0.159241
0.075256
0.059448
0.165771
0.059448
0.165771
-0.008606
0.175964
-0.008606
0.175964
-0.130493
0.118347
-0.130493
0.118347
