0.014671
-0.014664
0.014671
-0.014664
0.020737
0.000000
0.020737
0.000000
0.019165
0.007942
0.019165
0.007942
0.007927
0.019165
0.007927
0.019165
0.017212
0.011497
0.017212
0.011497
0.004051
0.020309
0.004051
0.020309
-0.004051
0.020309
-0.004051
0.020309
-0.017212
0.011497
-0.017212
0.011497
0.016068
0.013176
0.016068
0.013176
0.002066
0.020676
0.002066
0.020676
-0.006020
0.019913
-0.006020
0.019913
-0.018356
0.009819
-0.018356
0.009819
-0.009796
0.018356
-0.009796
0.018356
-0.019913
0.006062
-0.019913
0.006062
-0.020676
-0.002028
-0.020676
-0.002028
-0.013184
-0.016037
-0.013184
-0.016037
0.015381
0.013985
0.015381
0.013985
0.001009
0.020767
0.001009
0.020767
-0.007011
0.019608
-0.007011
0.019608
-0.018814
0.008904
-0.018814
0.008904
-0.010704
0.017853
-0.010704
0.017853
-0.020187
0.005066
-0.020187
0.005066
-0.020599
-0.003036
-0.020599
-0.003036
-0.012405
-0.016693
-0.012405
-0.016693
-0.012405
0.016693
-0.012405
0.016693
-0.020599
0.003036
-0.020599
0.003036
-0.020187
-0.005066
-0.020187
-0.005066
-0.010704
-0.017853
-0.010704
-0.017853
-0.018814
-0.008904
-0.018814
-0.008904
-0.007011
-0.019608
-0.007011
-0.019608
0.001009
-0.020767
0.001009
-0.020767
0.015381
-0.013985
0.015381
-0.013985
0.015129
0.014351
0.015129
0.014351
0.000539
0.020844
0.000539
0.020844
-0.007481
0.019501
-0.007481
0.019501
-0.019073
0.008514
-0.019073
0.008514
-0.011078
0.017624
-0.011078
0.017624
-0.020309
0.004623
-0.020309
0.004623
-0.020523
-0.003506
-0.020523
-0.003506
-0.012039
-0.016983
-0.012039
-0.016983
-0.012764
0.016464
-0.012764
0.016464
-0.020645
0.002621
-0.020645
0.002621
-0.020065
-0.005508
-0.020065
-0.005508
-0.010315
-0.018066
-0.010315
-0.018066
-0.018616
-0.009323
-0.018616
-0.009323
-0.006580
-0.019760
-0.006580
-0.019760
0.001483
-0.020782
0.001483
-0.020782
0.015732
-0.013649
0.015732
-0.013649
-0.013596
0.015778
-0.013596
0.015778
-0.020782
0.001554
-0.020782
0.001554
-0.019760
-0.006542
-0.019760
-0.006542
-0.009361
-0.018600
-0.009361
-0.018600
-0.018097
-0.010208
-0.018097
-0.010208
-0.005577
-0.020020
-0.005577
-0.020020
0.002552
-0.020676
0.002552
-0.020676
0.016418
-0.012817
0.016418
-0.012817
-0.017029
-0.011963
-0.017029
-0.011963
-0.003576
-0.020523
-0.003576
-0.020523
0.004562
-0.020355
0.004562
-0.020355
0.017609
-0.011154
0.017609
-0.011154
0.008476
-0.019073
0.008476
-0.019073
0.019455
-0.007492
0.019455
-0.007492
0.020889
0.000507
0.020889
0.000507
0.014427
0.015129
0.014427
0.015129
0.014877
0.014587
0.014877
0.014587
0.000205
0.020844
0.000205
0.020844
-0.007778
0.019333
-0.007778
0.019333
-0.019180
0.008171
-0.019180
0.008171
-0.011353
0.017441
-0.011353
0.017441
-0.020370
0.004322
-0.020370
0.004322
-0.020477
-0.003819
-0.020477
-0.003819
-0.011780
-0.017181
-0.011780
-0.017181
-0.013008
0.016220
-0.013008
0.016220
-0.020676
0.002272
-0.020676
0.002272
-0.019974
-0.005821
-0.019974
-0.005821
-0.010010
-0.018250
-0.010010
-0.018250
-0.018463
-0.009605
-0.018463
-0.009605
-0.006252
-0.019836
-0.006252
-0.019836
0.001840
-0.020752
0.001840
-0.020752
0.015961
-0.013367
0.015961
-0.013367
-0.013870
0.015640
-0.013870
0.015640
-0.020874
0.001251
-0.020874
0.001251
-0.019775
-0.006851
-0.019775
-0.006851
-0.009148
-0.018829
-0.009148
-0.018829
-0.018066
-0.010544
-0.018066
-0.010544
-0.005318
-0.020203
-0.005318
-0.020203
0.002815
-0.020676
0.002815
-0.020676
0.016617
-0.012634
0.016617
-0.012634
-0.016830
-0.012177
-0.016830
-0.012177
-0.003290
-0.020493
-0.003290
-0.020493
0.004822
-0.020203
0.004822
-0.020203
0.017700
-0.010895
0.017700
-0.010895
0.008682
-0.018906
0.008682
-0.018906
0.019501
-0.007217
0.019501
-0.007217
0.020798
0.000804
0.020798
0.000804
0.014130
0.015274
0.014130
0.015274
-0.014130
0.015274
-0.014130
0.015274
-0.020798
0.000804
-0.020798
0.000804
-0.019501
-0.007217
-0.019501
-0.007217
-0.008682
-0.018906
-0.008682
-0.018906
-0.017700
-0.010895
-0.017700
-0.010895
-0.004822
-0.020203
-0.004822
-0.020203
0.003290
-0.020493
0.003290
-0.020493
0.016830
-0.012177
0.016830
-0.012177
-0.016617
-0.012634
-0.016617
-0.012634
-0.002815
-0.020676
-0.002815
-0.020676
0.005318
-0.020203
0.005318
-0.020203
0.018066
-0.010544
0.018066
-0.010544
0.009148
-0.018829
0.009148
-0.018829
0.019775
-0.006851
0.019775
-0.006851
0.020874
0.001251
0.020874
0.001251
0.013870
0.015640
0.013870
0.015640
-0.015961
-0.013367
-0.015961
-0.013367
-0.001840
-0.020752
-0.001840
-0.020752
0.006252
-0.019836
0.006252
-0.019836
0.018463
-0.009605
0.018463
-0.009605
0.010010
-0.018250
0.010010
-0.018250
0.019974
-0.005821
0.019974
-0.005821
0.020676
0.002272
0.020676
0.002272
0.013008
0.016220
0.013008
0.016220
0.011780
-0.017181
0.011780
-0.017181
0.020477
-0.003819
0.020477
-0.003819
0.020370
0.004322
0.020370
0.004322
0.011353
0.017441
0.011353
0.017441
0.019180
0.008171
0.019180
0.008171
0.007778
0.019333
0.007778
0.019333
-0.000205
0.020844
-0.000205
0.020844
-0.014877
0.014587
-0.014877
0.014587
0.014748
0.014595
0.014748
0.014595
0.000086
0.020782
0.000086
0.020782
-0.007851
0.019272
-0.007851
0.019272
-0.019180
0.008072
-0.019180
0.008072
-0.011497
0.017410
-0.011497
0.017410
-0.020432
0.004169
-0.020432
0.004169
-0.020370
-0.003948
-0.020370
-0.003948
-0.011627
-0.017197
-0.011627
-0.017197
-0.013130
0.016190
-0.013130
0.016190
-0.020721
0.002174
-0.020721
0.002174
-0.019928
-0.005939
-0.019928
-0.005939
-0.009903
-0.018295
-0.009903
-0.018295
-0.018433
-0.009773
-0.018433
-0.009773
-0.006134
-0.019913
-0.006134
-0.019913
0.001942
-0.020721
0.001942
-0.020721
0.016022
-0.013260
0.016022
-0.013260
-0.013908
0.015587
-0.013908
0.015587
-0.020859
0.001198
-0.020859
0.001198
-0.019714
-0.006901
-0.019714
-0.006901
-0.009079
-0.018829
-0.009079
-0.018829
-0.017990
-0.010597
-0.017990
-0.010597
-0.005222
-0.020233
-0.005222
-0.020233
0.002907
-0.020676
0.002907
-0.020676
0.016663
-0.012558
0.016663
-0.012558
-0.016769
-0.012276
-0.016769
-0.012276
-0.003187
-0.020538
-0.003187
-0.020538
0.004940
-0.020203
0.004940
-0.020203
0.017776
-0.010796
0.017776
-0.010796
0.008789
-0.018936
0.008789
-0.018936
0.019608
-0.007187
0.019608
-0.007187
0.020828
0.000879
0.020828
0.000879
0.014114
0.015343
0.014114
0.015343
-0.014244
0.015190
-0.014244
0.015190
-0.020798
0.000674
-0.020798
0.000674
-0.019485
-0.007343
-0.019485
-0.007343
-0.008591
-0.018967
-0.008591
-0.018967
-0.017670
-0.011024
-0.017670
-0.011024
-0.004700
-0.020294
-0.004700
-0.020294
0.003447
-0.020538
0.003447
-0.020538
0.016953
-0.012085
0.016953
-0.012085
-0.016525
-0.012749
-0.016525
-0.012749
-0.002676
-0.020691
-0.002676
-0.020691
0.005444
-0.020111
0.005444
-0.020111
0.018066
-0.010376
0.018066
-0.010376
0.009239
-0.018707
0.009239
-0.018707
0.019760
-0.006695
0.019760
-0.006695
0.020844
0.001387
0.020844
0.001387
0.013748
0.015701
0.013748
0.015701
-0.015823
-0.013451
-0.015823
-0.013451
-0.001683
-0.020706
-0.001683
-0.020706
0.006393
-0.019791
0.006393
-0.019791
0.018509
-0.009476
0.018509
-0.009476
0.010040
-0.018143
0.010040
-0.018143
0.019913
-0.005745
0.019913
-0.005745
0.020630
0.002369
0.020630
0.002369
0.012932
0.016251
0.012932
0.016251
0.011848
-0.017090
0.011848
-0.017090
0.020477
-0.003717
0.020477
-0.003717
0.020309
0.004395
0.020309
0.004395
0.011253
0.017471
0.011253
0.017471
0.019058
0.008255
0.019058
0.008255
0.007656
0.019333
0.007656
0.019333
-0.000313
0.020782
-0.000313
0.020782
-0.014931
0.014458
-0.014931
0.014458
-0.014412
0.014931
-0.014412
0.014931
-0.020767
0.000378
-0.020767
0.000378
-0.019318
-0.007595
-0.019318
-0.007595
-0.008293
-0.019028
-0.008293
-0.019028
-0.017487
-0.011238
-0.017487
-0.011238
-0.004425
-0.020309
-0.004425
-0.020309
0.003689
-0.020462
0.003689
-0.020462
0.017075
-0.011856
0.017075
-0.011856
-0.016296
-0.012894
-0.016296
-0.012894
-0.002390
-0.020645
-0.002390
-0.020645
0.005692
-0.019974
0.005692
-0.019974
0.018143
-0.010094
0.018143
-0.010094
0.009415
-0.018539
0.009415
-0.018539
0.019775
-0.006439
0.019775
-0.006439
0.020721
0.001640
0.020721
0.001640
0.013496
0.015823
0.013496
0.015823
-0.015701
-0.013687
-0.015701
-0.013687
-0.001435
-0.020782
-0.001435
-0.020782
0.006653
-0.019745
0.006653
-0.019745
0.018661
-0.009247
0.018661
-0.009247
0.010368
-0.018097
0.010368
-0.018097
0.020126
-0.005470
0.020126
-0.005470
0.020676
0.002665
0.020676
0.002665
0.012718
0.016510
0.012718
0.016510
0.012085
-0.016953
0.012085
-0.016953
0.020538
-0.003447
0.020538
-0.003447
0.020279
0.004692
0.020279
0.004692
0.011017
0.017654
0.011017
0.017654
0.018982
0.008568
0.018982
0.008568
0.007362
0.019485
0.007362
0.019485
-0.000637
0.020782
-0.000637
0.020782
-0.015144
0.014252
-0.015144
0.014252
-0.015396
-0.014099
-0.015396
-0.014099
-0.000922
-0.020859
-0.000922
-0.020859
0.007122
-0.019653
0.007122
-0.019653
0.018921
-0.008858
0.018921
-0.008858
0.010818
-0.017853
0.010818
-0.017853
0.020279
-0.004974
0.020279
-0.004974
0.020645
0.003151
0.020645
0.003151
0.012367
0.016830
0.012367
0.016830
0.012527
-0.016724
0.012527
-0.016724
0.020691
-0.002966
0.020691
-0.002966
0.020279
0.005161
0.020279
0.005161
0.010681
0.017975
0.010681
0.017975
0.018829
0.009041
0.018829
0.009041
0.006931
0.019684
0.006931
0.019684
-0.001149
0.020859
-0.001149
0.020859
-0.015556
0.013939
-0.015556
0.013939
0.013260
-0.016037
0.013260
-0.016037
0.020721
-0.001953
0.020721
-0.001953
0.019913
0.006111
0.019913
0.006111
0.009766
0.018402
0.009766
0.018402
0.018295
0.009895
0.018295
0.009895
0.005932
0.019913
0.005932
0.019913
-0.002142
0.020676
-0.002142
0.020676
-0.016129
0.013100
-0.016129
0.013100
0.017288
0.011665
0.017288
0.011665
0.003975
0.020462
0.003975
0.020462
-0.004169
0.020508
-0.004169
0.020508
-0.017441
0.011566
-0.017441
0.011566
-0.008034
0.019180
-0.008034
0.019180
-0.019257
0.007889
-0.019257
0.007889
-0.020828
0.000000
-0.020828
0.000000
-0.014694
-0.014755
-0.014694
-0.014755
0.014778
0.014687
0.014778
0.014687
0.000000
0.020859
0.000000
0.020859
-0.007896
0.019272
-0.007896
0.019272
-0.019196
0.008049
-0.019196
0.008049
-0.011543
0.017410
-0.011543
0.017410
-0.020477
0.004154
-0.020477
0.004154
-0.020432
-0.003998
-0.020432
-0.003998
-0.011627
-0.017288
-0.011627
-0.017288
-0.013161
0.016113
-0.013161
0.016113
-0.020691
0.002098
-0.020691
0.002098
-0.019958
-0.006004
-0.019958
-0.006004
-0.009865
-0.018356
-0.009865
-0.018356
-0.018356
-0.009750
-0.018356
-0.009750
-0.006100
-0.019867
-0.006100
-0.019867
0.001980
-0.020676
0.001980
-0.020676
0.016006
-0.013229
0.016006
-0.013229
-0.013962
0.015511
-0.013962
0.015511
-0.020844
0.001106
-0.020844
0.001106
-0.019714
-0.006954
-0.019714
-0.006954
-0.009026
-0.018860
-0.009026
-0.018860
-0.017944
-0.010635
-0.017944
-0.010635
-0.005180
-0.020203
-0.005180
-0.020203
0.002983
-0.020645
0.002983
-0.020645
0.016693
-0.012489
0.016693
-0.012489
-0.016815
-0.012344
-0.016815
-0.012344
-0.003155
-0.020599
-0.003155
-0.020599
0.004986
-0.020233
0.004986
-0.020233
0.017822
-0.010780
0.017822
-0.010780
0.008827
-0.018906
0.008827
-0.018906
0.019608
-0.007111
0.019608
-0.007111
0.020813
0.000928
0.020813
0.000928
0.014061
0.015366
0.014061
0.015366
-0.014359
0.015167
-0.014359
0.015167
-0.020874
0.000566
-0.020874
0.000566
-0.019501
-0.007469
-0.019501
-0.007469
-0.008522
-0.019073
-0.008522
-0.019073
-0.017639
-0.011101
-0.017639
-0.011101
-0.004635
-0.020340
-0.004635
-0.020340
0.003490
-0.020584
0.003490
-0.020584
0.017029
-0.012070
0.017029
-0.012070
-0.016510
-0.012825
-0.016510
-0.012825
-0.002605
-0.020752
-0.002605
-0.020752
0.005527
-0.020157
0.005527
-0.020157
0.018158
-0.010338
0.018158
-0.010338
0.009308
-0.018692
0.009308
-0.018692
0.019806
-0.006622
0.019806
-0.006622
0.020813
0.001462
0.020813
0.001462
0.013702
0.015747
0.013702
0.015747
-0.015778
-0.013550
-0.015778
-0.013550
-0.001586
-0.020752
-0.001586
-0.020752
0.006477
-0.019760
0.006477
-0.019760
0.018555
-0.009399
0.018555
-0.009399
0.010193
-0.018143
0.010193
-0.018143
0.020050
-0.005630
0.020050
-0.005630
0.020691
0.002481
0.020691
0.002481
0.012878
0.016373
0.012878
0.016373
0.011940
-0.017059
0.011940
-0.017059
0.020508
-0.003624
0.020508
-0.003624
0.020325
0.004509
0.020325
0.004509
0.011200
0.017563
0.011200
0.017563
0.019119
0.008400
0.019119
0.008400
0.007572
0.019455
0.007572
0.019455
-0.000432
0.020905
-0.000432
0.020905
-0.015083
0.014481
-0.015083
0.014481
-0.014542
0.014977
-0.014542
0.014977
-0.020889
0.000308
-0.020889
0.000308
-0.019424
-0.007690
-0.019424
-0.007690
-0.008286
-0.019180
-0.008286
-0.019180
-0.017517
-0.011330
-0.017517
-0.011330
-0.004391
-0.020416
-0.004391
-0.020416
0.003738
-0.020508
0.003738
-0.020508
0.017151
-0.011856
0.017151
-0.011856
-0.016357
-0.012917
-0.016357
-0.012917
-0.002417
-0.020706
-0.002417
-0.020706
0.005703
-0.020111
0.005703
-0.020111
0.018250
-0.010185
0.018250
-0.010185
0.009544
-0.018616
0.009544
-0.018616
0.019913
-0.006413
0.019913
-0.006413
0.020859
0.001683
0.020859
0.001683
0.013573
0.015945
0.013573
0.015945
-0.015686
-0.013863
-0.015686
-0.013863
-0.001300
-0.020889
-0.001300
-0.020889
0.006786
-0.019775
0.006786
-0.019775
0.018799
-0.009193
0.018799
-0.009193
0.010498
-0.018082
0.010498
-0.018082
0.020218
-0.005383
0.020218
-0.005383
0.020721
0.002762
0.020721
0.002762
0.012688
0.016602
0.012688
0.016602
0.012192
-0.016876
0.012192
-0.016876
0.020569
-0.003317
0.020569
-0.003317
0.020264
0.004818
0.020264
0.004818
0.010918
0.017731
0.010918
0.017731
0.018967
0.008682
0.018967
0.008682
0.007278
0.019547
0.007278
0.019547
-0.000755
0.020782
-0.000755
0.020782
-0.015236
0.014168
-0.015236
0.014168
-0.015366
-0.014244
-0.015366
-0.014244
-0.000809
-0.020905
-0.000809
-0.020905
0.007271
-0.019653
0.007271
-0.019653
0.019043
-0.008751
0.019043
-0.008751
0.010941
-0.017807
0.010941
-0.017807
0.020325
-0.004864
0.020325
-0.004864
0.020645
0.003302
0.020645
0.003302
0.012276
0.016937
0.012276
0.016937
0.012665
-0.016724
0.012665
-0.016724
0.020767
-0.002874
0.020767
-0.002874
0.020309
0.005302
0.020309
0.005302
0.010635
0.018112
0.010635
0.018112
0.018860
0.009140
0.018860
0.009140
0.006878
0.019791
0.006878
0.019791
-0.001263
0.020935
-0.001263
0.020935
-0.015686
0.013939
-0.015686
0.013939
0.013420
-0.016006
0.013420
-0.016006
0.020798
-0.001823
0.020798
-0.001823
0.019928
0.006275
0.019928
0.006275
0.009674
0.018539
0.009674
0.018539
0.018295
0.010002
0.018295
0.010002
0.005867
0.020020
0.005867
0.020020
-0.002254
0.020737
-0.002254
0.020737
-0.016251
0.013054
-0.016251
0.013054
0.017288
0.011780
0.017288
0.011780
0.003889
0.020538
0.003889
0.020538
-0.004276
0.020462
-0.004276
0.020462
-0.017487
0.011436
-0.017487
0.011436
-0.008148
0.019211
-0.008148
0.019211
-0.019333
0.007812
-0.019333
0.007812
-0.020889
-0.000189
-0.020889
-0.000189
-0.014626
-0.014885
-0.014626
-0.014885
-0.014626
0.014885
-0.014626
0.014885
-0.020889
0.000189
-0.020889
0.000189
-0.019333
-0.007812
-0.019333
-0.007812
-0.008148
-0.019211
-0.008148
-0.019211
-0.017487
-0.011436
-0.017487
-0.011436
-0.004276
-0.020462
-0.004276
-0.020462
0.003889
-0.020538
0.003889
-0.020538
0.017288
-0.011780
0.017288
-0.011780
-0.016251
-0.013054
-0.016251
-0.013054
-0.002254
-0.020737
-0.002254
-0.020737
0.005867
-0.020020
0.005867
-0.020020
0.018295
-0.010002
0.018295
-0.010002
0.009674
-0.018539
0.009674
-0.018539
0.019928
-0.006275
0.019928
-0.006275
0.020798
0.001823
0.020798
0.001823
0.013420
0.016006
0.013420
0.016006
-0.015686
-0.013939
-0.015686
-0.013939
-0.001263
-0.020935
-0.001263
-0.020935
0.006878
-0.019791
0.006878
-0.019791
0.018860
-0.009140
0.018860
-0.009140
0.010635
-0.018112
0.010635
-0.018112
0.020309
-0.005302
0.020309
-0.005302
0.020767
0.002874
0.020767
0.002874
0.012665
0.016724
0.012665
0.016724
0.012276
-0.016937
0.012276
-0.016937
0.020645
-0.003302
0.020645
-0.003302
0.020325
0.004864
0.020325
0.004864
0.010941
0.017807
0.010941
0.017807
0.019043
0.008751
0.019043
0.008751
0.007271
0.019653
0.007271
0.019653
-0.000809
0.020905
-0.000809
0.020905
-0.015366
0.014244
-0.015366
0.014244
-0.015236
-0.014168
-0.015236
-0.014168
-0.000755
-0.020782
-0.000755
-0.020782
0.007278
-0.019547
0.007278
-0.019547
0.018967
-0.008682
0.018967
-0.008682
0.010918
-0.017731
0.010918
-0.017731
0.020264
-0.004818
0.020264
-0.004818
0.020569
0.003317
0.020569
0.003317
0.012192
0.016876
0.012192
0.016876
0.012688
-0.016602
0.012688
-0.016602
0.020721
-0.002762
0.020721
-0.002762
0.020218
0.005383
0.020218
0.005383
0.010498
0.018082
0.010498
0.018082
0.018799
0.009193
0.018799
0.009193
0.006786
0.019775
0.006786
0.019775
-0.001300
0.020889
-0.001300
0.020889
-0.015686
0.013863
-0.015686
0.013863
0.013573
-0.015945
0.013573
-0.015945
0.020859
-0.001683
0.020859
-0.001683
0.019913
0.006413
0.019913
0.006413
0.009544
0.018616
0.009544
0.018616
0.018250
0.010185
0.018250
0.010185
0.005703
0.020111
0.005703
0.020111
-0.002417
0.020706
-0.002417
0.020706
-0.016357
0.012917
-0.016357
0.012917
0.017151
0.011856
0.017151
0.011856
0.003738
0.020508
0.003738
0.020508
-0.004391
0.020416
-0.004391
0.020416
-0.017517
0.011330
-0.017517
0.011330
-0.008286
0.019180
-0.008286
0.019180
-0.019424
0.007690
-0.019424
0.007690
-0.020889
-0.000308
-0.020889
-0.000308
-0.014542
-0.014977
-0.014542
-0.014977
-0.015030
-0.014389
-0.015030
-0.014389
-0.000458
-0.020798
-0.000458
-0.020798
0.007557
-0.019424
0.007557
-0.019424
0.019058
-0.008392
0.019058
-0.008392
0.011223
-0.017517
0.011223
-0.017517
0.020309
-0.004467
0.020309
-0.004467
0.020462
0.003641
0.020462
0.003641
0.011902
0.017044
0.011902
0.017044
0.012863
-0.016312
0.012863
-0.016312
0.020615
-0.002455
0.020615
-0.002455
0.019958
0.005650
0.019958
0.005650
0.010109
0.018097
0.010109
0.018097
0.018570
0.009422
0.018570
0.009422
0.006458
0.019775
0.006458
0.019775
-0.001602
0.020752
-0.001602
0.020752
-0.015793
0.013542
-0.015793
0.013542
0.013702
-0.015732
0.013702
-0.015732
0.020798
-0.001440
0.020798
-0.001440
0.019745
0.006653
0.019745
0.006653
0.009247
0.018661
0.009247
0.018661
0.018066
0.010315
0.018066
0.010315
0.005497
0.020050
0.005497
0.020050
-0.002644
0.020676
-0.002644
0.020676
-0.016479
0.012764
-0.016479
0.012764
0.016998
0.012062
0.016998
0.012062
0.003490
0.020523
0.003490
0.020523
-0.004662
0.020309
-0.004662
0.020309
-0.017639
0.011070
-0.017639
0.011070
-0.008568
0.019028
-0.008568
0.019028
-0.019485
0.007412
-0.019485
0.007412
-0.020828
-0.000599
-0.020828
-0.000599
-0.014305
-0.015137
-0.014305
-0.015137
0.014099
-0.015366
0.014099
-0.015366
0.020828
-0.000906
0.020828
-0.000906
0.019547
0.007137
0.019547
0.007137
0.008774
0.018860
0.008774
0.018860
0.017776
0.010796
0.017776
0.010796
0.004951
0.020218
0.004951
0.020218
-0.003183
0.020584
-0.003183
0.020584
-0.016785
0.012291
-0.016785
0.012291
0.016678
0.012489
0.016678
0.012489
0.002962
0.020630
0.002962
0.020630
-0.005188
0.020187
-0.005188
0.020187
-0.017944
0.010612
-0.017944
0.010612
-0.009018
0.018829
-0.009018
0.018829
-0.019684
0.006935
-0.019684
0.006935
-0.020828
-0.001101
-0.020828
-0.001101
-0.013947
-0.015503
-0.013947
-0.015503
0.016006
0.013237
0.016006
0.013237
0.001953
0.020691
0.001953
0.020691
-0.006119
0.019867
-0.006119
0.019867
-0.018372
0.009727
-0.018372
0.009727
-0.009880
0.018280
-0.009880
0.018280
-0.019913
0.005932
-0.019913
0.005932
-0.020691
-0.002125
-0.020691
-0.002125
-0.013138
-0.016113
-0.013138
-0.016113
-0.011566
0.017242
-0.011566
0.017242
-0.020370
0.004013
-0.020370
0.004013
-0.020416
-0.004112
-0.020416
-0.004112
-0.011520
-0.017334
-0.011520
-0.017334
-0.019180
-0.008003
-0.019180
-0.008003
-0.007896
-0.019226
-0.007896
-0.019226
0.000000
-0.020782
0.000000
-0.020782
0.014725
-0.014664
0.014725
-0.014664
0.014725
0.014664
0.014725
0.014664
0.000000
0.020782
0.000000
0.020782
-0.007896
0.019226
-0.007896
0.019226
-0.019180
0.008003
-0.019180
0.008003
-0.011520
0.017334
-0.011520
0.017334
-0.020416
0.004112
-0.020416
0.004112
-0.020370
-0.004013
-0.020370
-0.004013
-0.011566
-0.017242
-0.011566
-0.017242
-0.013138
0.016113
-0.013138
0.016113
-0.020691
0.002125
-0.020691
0.002125
-0.019913
-0.005932
-0.019913
-0.005932
-0.009880
-0.018280
-0.009880
-0.018280
-0.018372
-0.009727
-0.018372
-0.009727
-0.006119
-0.019867
-0.006119
-0.019867
0.001953
-0.020691
0.001953
-0.020691
0.016006
-0.013237
0.016006
-0.013237
-0.013947
0.015503
-0.013947
0.015503
-0.020828
0.001101
-0.020828
0.001101
-0.019684
-0.006935
-0.019684
-0.006935
-0.009018
-0.018829
-0.009018
-0.018829
-0.017944
-0.010612
-0.017944
-0.010612
-0.005188
-0.020187
-0.005188
-0.020187
0.002962
-0.020630
0.002962
-0.020630
0.016678
-0.012489
0.016678
-0.012489
-0.016785
-0.012291
-0.016785
-0.012291
-0.003183
-0.020584
-0.003183
-0.020584
0.004951
-0.020218
0.004951
-0.020218
0.017776
-0.010796
0.017776
-0.010796
0.008774
-0.018860
0.008774
-0.018860
0.019547
-0.007137
0.019547
-0.007137
0.020828
0.000906
0.020828
0.000906
0.014099
0.015366
0.014099
0.015366
-0.014305
0.015137
-0.014305
0.015137
-0.020828
0.000599
-0.020828
0.000599
-0.019485
-0.007412
-0.019485
-0.007412
-0.008568
-0.019028
-0.008568
-0.019028
-0.017639
-0.011070
-0.017639
-0.011070
-0.004662
-0.020309
-0.004662
-0.020309
0.003490
-0.020523
0.003490
-0.020523
0.016998
-0.012062
0.016998
-0.012062
-0.016479
-0.012764
-0.016479
-0.012764
-0.002644
-0.020676
-0.002644
-0.020676
0.005497
-0.020050
0.005497
-0.020050
0.018066
-0.010315
0.018066
-0.010315
0.009247
-0.018661
0.009247
-0.018661
0.019745
-0.006653
0.019745
-0.006653
0.020798
0.001440
0.020798
0.001440
0.013702
0.015732
0.013702
0.015732
-0.015793
-0.013542
-0.015793
-0.013542
-0.001602
-0.020752
-0.001602
-0.020752
0.006458
-0.019775
0.006458
-0.019775
0.018570
-0.009422
0.018570
-0.009422
0.010109
-0.018097
0.010109
-0.018097
0.019958
-0.005650
0.019958
-0.005650
0.020615
0.002455
0.020615
0.002455
0.012863
0.016312
0.012863
0.016312
0.011902
-0.017044
0.011902
-0.017044
0.020462
-0.003641
0.020462
-0.003641
0.020309
0.004467
0.020309
0.004467
0.011223
0.017517
0.011223
0.017517
0.019058
0.008392
0.019058
0.008392
0.007557
0.019424
0.007557
0.019424
-0.000458
0.020798
-0.000458
0.020798
-0.015030
0.014389
-0.015030
0.014389
-0.014542
0.014977
-0.014542
0.014977
-0.020889
0.000308
-0.020889
0.000308
-0.019424
-0.007690
-0.019424
-0.007690
-0.008286
-0.019180
-0.008286
-0.019180
-0.017517
-0.011330
-0.017517
-0.011330
-0.004391
-0.020416
-0.004391
-0.020416
0.003738
-0.020508
0.003738
-0.020508
0.017151
-0.011856
0.017151
-0.011856
-0.016357
-0.012917
-0.016357
-0.012917
-0.002417
-0.020706
-0.002417
-0.020706
0.005703
-0.020111
0.005703
-0.020111
0.018250
-0.010185
0.018250
-0.010185
0.009544
-0.018616
0.009544
-0.018616
0.019913
-0.006413
0.019913
-0.006413
0.020859
0.001683
0.020859
0.001683
0.013573
0.015945
0.013573
0.015945
-0.015686
-0.013863
-0.015686
-0.013863
-0.001300
-0.020889
-0.001300
-0.020889
0.006786
-0.019775
0.006786
-0.019775
0.018799
-0.009193
0.018799
-0.009193
0.010498
-0.018082
0.010498
-0.018082
0.020218
-0.005383
0.020218
-0.005383
0.020721
0.002762
0.020721
0.002762
0.012688
0.016602
0.012688
0.016602
0.012192
-0.016876
0.012192
-0.016876
0.020569
-0.003317
0.020569
-0.003317
0.020264
0.004818
0.020264
0.004818
0.010918
0.017731
0.010918
0.017731
0.018967
0.008682
0.018967
0.008682
0.007278
0.019547
0.007278
0.019547
-0.000755
0.020782
-0.000755
0.020782
-0.015236
0.014168
-0.015236
0.014168
-0.015366
-0.014244
-0.015366
-0.014244
-0.000809
-0.020905
-0.000809
-0.020905
0.007271
-0.019653
0.007271
-0.019653
0.019043
-0.008751
0.019043
-0.008751
0.010941
-0.017807
0.010941
-0.017807
0.020325
-0.004864
0.020325
-0.004864
0.020645
0.003302
0.020645
0.003302
0.012276
0.016937
0.012276
0.016937
0.012665
-0.016724
0.012665
-0.016724
0.020767
-0.002874
0.020767
-0.002874
0.020309
0.005302
0.020309
0.005302
0.010635
0.018112
0.010635
0.018112
0.018860
0.009140
0.018860
0.009140
0.006878
0.019791
0.006878
0.019791
-0.001263
0.020935
-0.001263
0.020935
-0.015686
0.013939
-0.015686
0.013939
0.013420
-0.016006
0.013420
-0.016006
0.020798
-0.001823
0.020798
-0.001823
0.019928
0.006275
0.019928
0.006275
0.009674
0.018539
0.009674
0.018539
0.018295
0.010002
0.018295
0.010002
0.005867
0.020020
0.005867
0.020020
-0.002254
0.020737
-0.002254
0.020737
-0.016251
0.013054
-0.016251
0.013054
0.017288
0.011780
0.017288
0.011780
0.003889
0.020538
0.003889
0.020538
-0.004276
0.020462
-0.004276
0.020462
-0.017487
0.011436
-0.017487
0.011436
-0.008148
0.019211
-0.008148
0.019211
-0.019333
0.007812
-0.019333
0.007812
-0.020889
-0.000189
-0.020889
-0.000189
-0.014626
-0.014885
-0.014626
-0.014885
-0.014626
0.014885
-0.014626
0.014885
-0.020889
0.000189
-0.020889
0.000189
-0.019333
-0.007812
-0.019333
-0.007812
-0.008148
-0.019211
-0.008148
-0.019211
-0.017487
-0.011436
-0.017487
-0.011436
-0.004276
-0.020462
-0.004276
-0.020462
0.003889
-0.020538
0.003889
-0.020538
0.017288
-0.011780
0.017288
-0.011780
-0.016251
-0.013054
-0.016251
-0.013054
-0.002254
-0.020737
-0.002254
-0.020737
0.005867
-0.020020
0.005867
-0.020020
0.018295
-0.010002
0.018295
-0.010002
0.009674
-0.018539
0.009674
-0.018539
0.019928
-0.006275
0.019928
-0.006275
0.020798
0.001823
0.020798
0.001823
0.013420
0.016006
0.013420
0.016006
-0.015686
-0.013939
-0.015686
-0.013939
-0.001263
-0.020935
-0.001263
-0.020935
0.006878
-0.019791
0.006878
-0.019791
0.018860
-0.009140
0.018860
-0.009140
0.010635
-0.018112
0.010635
-0.018112
0.020309
-0.005302
0.020309
-0.005302
0.020767
0.002874
0.020767
0.002874
0.012665
0.016724
0.012665
0.016724
0.012276
-0.016937
0.012276
-0.016937
0.020645
-0.003302
0.020645
-0.003302
0.020325
0.004864
0.020325
0.004864
0.010941
0.017807
0.010941
0.017807
0.019043
0.008751
0.019043
0.008751
0.007271
0.019653
0.007271
0.019653
-0.000809
0.020905
-0.000809
0.020905
-0.015366
0.014244
-0.015366
0.014244
-0.015236
-0.014168
-0.015236
-0.014168
-0.000755
-0.020782
-0.000755
-0.020782
0.007278
-0.019547
0.007278
-0.019547
0.018967
-0.008682
0.018967
-0.008682
0.010918
-0.017731
0.010918
-0.017731
0.020264
-0.004818
0.020264
-0.004818
0.020569
0.003317
0.020569
0.003317
0.012192
0.016876
0.012192
0.016876
0.012688
-0.016602
0.012688
-0.016602
0.020721
-0.002762
0.020721
-0.002762
0.020218
0.005383
0.020218
0.005383
0.010498
0.018082
0.010498
0.018082
0.018799
0.009193
0.018799
0.009193
0.006786
0.019775
0.006786
0.019775
-0.001300
0.020889
-0.001300
0.020889
-0.015686
0.013863
-0.015686
0.013863
0.013573
-0.015945
0.013573
-0.015945
0.020859
-0.001683
0.020859
-0.001683
0.019913
0.006413
0.019913
0.006413
0.009544
0.018616
0.009544
0.018616
0.018250
0.010185
0.018250
0.010185
0.005703
0.020111
0.005703
0.020111
-0.002417
0.020706
-0.002417
0.020706
-0.016357
0.012917
-0.016357
0.012917
0.017151
0.011856
0.017151
0.011856
0.003738
0.020508
0.003738
0.020508
-0.004391
0.020416
-0.004391
0.020416
-0.017517
0.011330
-0.017517
0.011330
-0.008286
0.019180
-0.008286
0.019180
-0.019424
0.007690
-0.019424
0.007690
-0.020889
-0.000308
-0.020889
-0.000308
-0.014542
-0.014977
-0.014542
-0.014977
-0.015083
-0.014481
-0.015083
-0.014481
-0.000432
-0.020905
-0.000432
-0.020905
0.007572
-0.019455
0.007572
-0.019455
0.019119
-0.008400
0.019119
-0.008400
0.011200
-0.017563
0.011200
-0.017563
0.020325
-0.004509
0.020325
-0.004509
0.020508
0.003624
0.020508
0.003624
0.011940
0.017059
0.011940
0.017059
0.012878
-0.016373
0.012878
-0.016373
0.020691
-0.002481
0.020691
-0.002481
0.020050
0.005630
0.020050
0.005630
0.010193
0.018143
0.010193
0.018143
0.018555
0.009399
0.018555
0.009399
0.006477
0.019760
0.006477
0.019760
-0.001586
0.020752
-0.001586
0.020752
-0.015778
0.013550
-0.015778
0.013550
0.013702
-0.015747
0.013702
-0.015747
0.020813
-0.001462
0.020813
-0.001462
0.019806
0.006622
0.019806
0.006622
0.009308
0.018692
0.009308
0.018692
0.018158
0.010338
0.018158
0.010338
0.005527
0.020157
0.005527
0.020157
-0.002605
0.020752
-0.002605
0.020752
-0.016510
0.012825
-0.016510
0.012825
0.017029
0.012070
0.017029
0.012070
0.003490
0.020584
0.003490
0.020584
-0.004635
0.020340
-0.004635
0.020340
-0.017639
0.011101
-0.017639
0.011101
-0.008522
0.019073
-0.008522
0.019073
-0.019501
0.007469
-0.019501
0.007469
-0.020874
-0.000566
-0.020874
-0.000566
-0.014359
-0.015167
-0.014359
-0.015167
0.014061
-0.015366
0.014061
-0.015366
0.020813
-0.000928
0.020813
-0.000928
0.019608
0.007111
0.019608
0.007111
0.008827
0.018906
0.008827
0.018906
0.017822
0.010780
0.017822
0.010780
0.004986
0.020233
0.004986
0.020233
-0.003155
0.020599
-0.003155
0.020599
-0.016815
0.012344
-0.016815
0.012344
0.016693
0.012489
0.016693
0.012489
0.002983
0.020645
0.002983
0.020645
-0.005180
0.020203
-0.005180
0.020203
-0.017944
0.010635
-0.017944
0.010635
-0.009026
0.018860
-0.009026
0.018860
-0.019714
0.006954
-0.019714
0.006954
-0.020844
-0.001106
-0.020844
-0.001106
-0.013962
-0.015511
-0.013962
-0.015511
0.016006
0.013229
0.016006
0.013229
0.001980
0.020676
0.001980
0.020676
-0.006100
0.019867
-0.006100
0.019867
-0.018356
0.009750
-0.018356
0.009750
-0.009865
0.018356
-0.009865
0.018356
-0.019958
0.006004
-0.019958
0.006004
-0.020691
-0.002098
-0.020691
-0.002098
-0.013161
-0.016113
-0.013161
-0.016113
-0.011627
0.017288
-0.011627
0.017288
-0.020432
0.003998
-0.020432
0.003998
-0.020477
-0.004154
-0.020477
-0.004154
-0.011543
-0.017410
-0.011543
-0.017410
-0.019196
-0.008049
-0.019196
-0.008049
-0.007896
-0.019272
-0.007896
-0.019272
0.000000
-0.020859
0.000000
-0.020859
0.014778
-0.014687
0.014778
-0.014687
-0.014694
0.014755
-0.014694
0.014755
-0.020828
0.000000
-0.020828
0.000000
-0.019257
-0.007889
-0.019257
-0.007889
-0.008034
-0.019180
-0.008034
-0.019180
-0.017441
-0.011566
-0.017441
-0.011566
-0.004169
-0.020508
-0.004169
-0.020508
0.003975
-0.020462
0.003975
-0.020462
0.017288
-0.011665
0.017288
-0.011665
-0.016129
-0.013100
-0.016129
-0.013100
-0.002142
-0.020676
-0.002142
-0.020676
0.005932
-0.019913
0.005932
-0.019913
0.018295
-0.009895
0.018295
-0.009895
0.009766
-0.018402
0.009766
-0.018402
0.019913
-0.006111
0.019913
-0.006111
0.020721
0.001953
0.020721
0.001953
0.013260
0.016037
0.013260
0.016037
-0.015556
-0.013939
-0.015556
-0.013939
-0.001149
-0.020859
-0.001149
-0.020859
0.006931
-0.019684
0.006931
-0.019684
0.018829
-0.009041
0.018829
-0.009041
0.010681
-0.017975
0.010681
-0.017975
0.020279
-0.005161
0.020279
-0.005161
0.020691
0.002966
0.020691
0.002966
0.012527
0.016724
0.012527
0.016724
0.012367
-0.016830
0.012367
-0.016830
0.020645
-0.003151
0.020645
-0.003151
0.020279
0.004974
0.020279
0.004974
0.010818
0.017853
0.010818
0.017853
0.018921
0.008858
0.018921
0.008858
0.007122
0.019653
0.007122
0.019653
-0.000922
0.020859
-0.000922
0.020859
-0.015396
0.014099
-0.015396
0.014099
-0.015144
-0.014252
-0.015144
-0.014252
-0.000637
-0.020782
-0.000637
-0.020782
0.007362
-0.019485
0.007362
-0.019485
0.018982
-0.008568
0.018982
-0.008568
0.011017
-0.017654
0.011017
-0.017654
0.020279
-0.004692
0.020279
-0.004692
0.020538
0.003447
0.020538
0.003447
0.012085
0.016953
0.012085
0.016953
0.012718
-0.016510
0.012718
-0.016510
0.020676
-0.002665
0.020676
-0.002665
0.020126
0.005470
0.020126
0.005470
0.010368
0.018097
0.010368
0.018097
0.018661
0.009247
0.018661
0.009247
0.006653
0.019745
0.006653
0.019745
-0.001435
0.020782
-0.001435
0.020782
-0.015701
0.013687
-0.015701
0.013687
0.013496
-0.015823
0.013496
-0.015823
0.020721
-0.001640
0.020721
-0.001640
0.019775
0.006439
0.019775
0.006439
0.009415
0.018539
0.009415
0.018539
0.018143
0.010094
0.018143
0.010094
0.005692
0.019974
0.005692
0.019974
-0.002390
0.020645
-0.002390
0.020645
-0.016296
0.012894
-0.016296
0.012894
0.017075
0.011856
0.017075
0.011856
0.003689
0.020462
0.003689
0.020462
-0.004425
0.020309
-0.004425
0.020309
-0.017487
0.011238
-0.017487
0.011238
-0.008293
0.019028
-0.008293
0.019028
-0.019318
0.007595
-0.019318
0.007595
-0.020767
-0.000378
-0.020767
-0.000378
-0.014412
-0.014931
-0.014412
-0.014931
-0.014931
-0.014458
-0.014931
-0.014458
-0.000313
-0.020782
-0.000313
-0.020782
0.007656
-0.019333
0.007656
-0.019333
0.019058
-0.008255
0.019058
-0.008255
0.011253
-0.017471
0.011253
-0.017471
0.020309
-0.004395
0.020309
-0.004395
0.020477
0.003717
0.020477
0.003717
0.011848
0.017090
0.011848
0.017090
0.012932
-0.016251
0.012932
-0.016251
0.020630
-0.002369
0.020630
-0.002369
0.019913
0.005745
0.019913
0.005745
0.010040
0.018143
0.010040
0.018143
0.018509
0.009476
0.018509
0.009476
0.006393
0.019791
0.006393
0.019791
-0.001683
0.020706
-0.001683
0.020706
-0.015823
0.013451
-0.015823
0.013451
0.013748
-0.015701
0.013748
-0.015701
0.020844
-0.001387
0.020844
-0.001387
0.019760
0.006695
0.019760
0.006695
0.009239
0.018707
0.009239
0.018707
0.018066
0.010376
0.018066
0.010376
0.005444
0.020111
0.005444
0.020111
-0.002676
0.020691
-0.002676
0.020691
-0.016525
0.012749
-0.016525
0.012749
0.016953
0.012085
0.016953
0.012085
0.003447
0.020538
0.003447
0.020538
-0.004700
0.020294
-0.004700
0.020294
-0.017670
0.011024
-0.017670
0.011024
-0.008591
0.018967
-0.008591
0.018967
-0.019485
0.007343
-0.019485
0.007343
-0.020798
-0.000674
-0.020798
-0.000674
-0.014244
-0.015190
-0.014244
-0.015190
0.014114
-0.015343
0.014114
-0.015343
0.020828
-0.000879
0.020828
-0.000879
0.019608
0.007187
0.019608
0.007187
0.008789
0.018936
0.008789
0.018936
0.017776
0.010796
0.017776
0.010796
0.004940
0.020203
0.004940
0.020203
-0.003187
0.020538
-0.003187
0.020538
-0.016769
0.012276
-0.016769
0.012276
0.016663
0.012558
0.016663
0.012558
0.002907
0.020676
0.002907
0.020676
-0.005222
0.020233
-0.005222
0.020233
-0.017990
0.010597
-0.017990
0.010597
-0.009079
0.018829
-0.009079
0.018829
-0.019714
0.006901
-0.019714
0.006901
-0.020859
-0.001198
-0.020859
-0.001198
-0.013908
-0.015587
-0.013908
-0.015587
0.016022
0.013260
0.016022
0.013260
0.001942
0.020721
0.001942
0.020721
-0.006134
0.019913
-0.006134
0.019913
-0.018433
0.009773
-0.018433
0.009773
-0.009903
0.018295
-0.009903
0.018295
-0.019928
0.005939
-0.019928
0.005939
-0.020721
-0.002174
-0.020721
-0.002174
-0.013130
-0.016190
-0.013130
-0.016190
-0.011627
0.017197
-0.011627
0.017197
-0.020370
0.003948
-0.020370
0.003948
-0.020432
-0.004169
-0.020432
-0.004169
-0.011497
-0.017410
-0.011497
-0.017410
-0.019180
-0.008072
-0.019180
-0.008072
-0.007851
-0.019272
-0.007851
-0.019272
0.000086
-0.020782
0.000086
-0.020782
0.014748
-0.014595
0.014748
-0.014595
-0.014877
-0.014587
-0.014877
-0.014587
-0.000205
-0.020844
-0.000205
-0.020844
0.007778
-0.019333
0.007778
-0.019333
0.019180
-0.008171
0.019180
-0.008171
0.011353
-0.017441
0.011353
-0.017441
0.020370
-0.004322
0.020370
-0.004322
0.020477
0.003819
0.020477
0.003819
0.011780
0.017181
0.011780
0.017181
0.013008
-0.016220
0.013008
-0.016220
0.020676
-0.002272
0.020676
-0.002272
0.019974
0.005821
0.019974
0.005821
0.010010
0.018250
0.010010
0.018250
0.018463
0.009605
0.018463
0.009605
0.006252
0.019836
0.006252
0.019836
-0.001840
0.020752
-0.001840
0.020752
-0.015961
0.013367
-0.015961
0.013367
0.013870
-0.015640
0.013870
-0.015640
0.020874
-0.001251
0.020874
-0.001251
0.019775
0.006851
0.019775
0.006851
0.009148
0.018829
0.009148
0.018829
0.018066
0.010544
0.018066
0.010544
0.005318
0.020203
0.005318
0.020203
-0.002815
0.020676
-0.002815
0.020676
-0.016617
0.012634
-0.016617
0.012634
0.016830
0.012177
0.016830
0.012177
0.003290
0.020493
0.003290
0.020493
-0.004822
0.020203
-0.004822
0.020203
-0.017700
0.010895
-0.017700
0.010895
-0.008682
0.018906
-0.008682
0.018906
-0.019501
0.007217
-0.019501
0.007217
-0.020798
-0.000804
-0.020798
-0.000804
-0.014130
-0.015274
-0.014130
-0.015274
0.014130
-0.015274
0.014130
-0.015274
0.020798
-0.000804
0.020798
-0.000804
0.019501
0.007217
0.019501
0.007217
0.008682
0.018906
0.008682
0.018906
0.017700
0.010895
0.017700
0.010895
0.004822
0.020203
0.004822
0.020203
-0.003290
0.020493
-0.003290
0.020493
-0.016830
0.012177
-0.016830
0.012177
0.016617
0.012634
0.016617
0.012634
0.002815
0.020676
0.002815
0.020676
-0.005318
0.020203
-0.005318
0.020203
-0.018066
0.010544
-0.018066
0.010544
-0.009148
0.018829
-0.009148
0.018829
-0.019775
0.006851
-0.019775
0.006851
-0.020874
-0.001251
-0.020874
-0.001251
-0.013870
-0.015640
-0.013870
-0.015640
0.015961
0.013367
0.015961
0.013367
0.001840
0.020752
0.001840
0.020752
-0.006252
0.019836
-0.006252
0.019836
-0.018463
0.009605
-0.018463
0.009605
-0.010010
0.018250
-0.010010
0.018250
-0.019974
0.005821
-0.019974
0.005821
-0.020676
-0.002272
-0.020676
-0.002272
-0.013008
-0.016220
-0.013008
-0.016220
-0.011780
0.017181
-0.011780
0.017181
-0.020477
0.003819
-0.020477
0.003819
-0.020370
-0.004322
-0.020370
-0.004322
-0.011353
-0.017441
-0.011353
-0.017441
-0.019180
-0.008171
-0.019180
-0.008171
-0.007778
-0.019333
-0.007778
-0.019333
0.000205
-0.020844
0.000205
-0.020844
0.014877
-0.014587
0.014877
-0.014587
0.014427
-0.015129
0.014427
-0.015129
0.020889
-0.000507
0.020889
-0.000507
0.019455
0.007492
0.019455
0.007492
0.008476
0.019073
0.008476
0.019073
0.017609
0.011154
0.017609
0.011154
0.004562
0.020355
0.004562
0.020355
-0.003576
0.020523
-0.003576
0.020523
-0.017029
0.011963
-0.017029
0.011963
0.016418
0.012817
0.016418
0.012817
0.002552
0.020676
0.002552
0.020676
-0.005577
0.020020
-0.005577
0.020020
-0.018097
0.010208
-0.018097
0.010208
-0.009361
0.018600
-0.009361
0.018600
-0.019760
0.006542
-0.019760
0.006542
-0.020782
-0.001554
-0.020782
-0.001554
-0.013596
-0.015778
-0.013596
-0.015778
0.015732
0.013649
0.015732
0.013649
0.001483
0.020782
0.001483
0.020782
-0.006580
0.019760
-0.006580
0.019760
-0.018616
0.009323
-0.018616
0.009323
-0.010315
0.018066
-0.010315
0.018066
-0.020065
0.005508
-0.020065
0.005508
-0.020645
-0.002621
-0.020645
-0.002621
-0.012764
-0.016464
-0.012764
-0.016464
-0.012039
0.016983
-0.012039
0.016983
-0.020523
0.003506
-0.020523
0.003506
-0.020309
-0.004623
-0.020309
-0.004623
-0.011078
-0.017624
-0.011078
-0.017624
-0.019073
-0.008514
-0.019073
-0.008514
-0.007481
-0.019501
-0.007481
-0.019501
0.000539
-0.020844
0.000539
-0.020844
0.015129
-0.014351
0.015129
-0.014351
0.015381
0.013985
0.015381
0.013985
0.001009
0.020767
0.001009
0.020767
-0.007011
0.019608
-0.007011
0.019608
-0.018814
0.008904
-0.018814
0.008904
-0.010704
0.017853
-0.010704
0.017853
-0.020187
0.005066
-0.020187
0.005066
-0.020599
-0.003036
-0.020599
-0.003036
-0.012405
-0.016693
-0.012405
-0.016693
-0.012405
0.016693
-0.012405
0.016693
-0.020599
0.003036
-0.020599
0.003036
-0.020187
-0.005066
-0.020187
-0.005066
-0.010704
-0.017853
-0.010704
-0.017853
-0.018814
-0.008904
-0.018814
-0.008904
-0.007011
-0.019608
-0.007011
-0.019608
0.001009
-0.020767
0.001009
-0.020767
0.015381
-0.013985
0.015381
-0.013985
-0.013184
0.016037
-0.013184
0.016037
-0.020676
0.002028
-0.020676
0.002028
-0.019913
-0.006062
-0.019913
-0.006062
-0.009796
-0.018356
-0.009796
-0.018356
-0.018356
-0.009819
-0.018356
-0.009819
-0.006020
-0.019913
-0.006020
-0.019913
0.002066
-0.020676
0.002066
-0.020676
0.016068
-0.013176
0.016068
-0.013176
-0.017212
-0.011497
-0.017212
-0.011497
-0.004051
-0.020309
-0.004051
-0.020309
0.004051
-0.020309
0.004051
-0.020309
0.017212
-0.011497
0.017212
-0.011497
0.007927
-0.019165
0.007927
-0.019165
0.019165
-0.007942
0.019165
-0.007942
0.020737
0.000000
0.020737
0.000000
0.014671
0.014664
0.014671
0.014664
