-0.130127
-0.117981
-0.130127
-0.117981
-0.008629
-0.175415
-0.008629
-0.175415
0.059265
-0.165527
0.059265
-0.165527
0.158813
-0.075317
0.158813
-0.075317
0.090271
-0.150879
0.090271
-0.150879
0.170410
-0.042725
0.170410
-0.042725
0.173950
0.025940
0.173950
0.025940
0.104797
0.141235
0.104797
0.141235
0.104797
-0.141235
0.104797
-0.141235
0.173950
-0.025940
0.173950
-0.025940
0.170410
0.042725
0.170410
0.042725
0.090271
0.150879
0.090271
0.150879
0.158813
0.075317
0.158813
0.075317
0.059265
0.165527
0.059265
0.165527
-0.008629
0.175415
-0.008629
0.175415
-0.130127
0.117981
-0.130127
0.117981
