-0.123840
0.003128
-0.123840
0.003128
-0.089844
-0.085266
-0.089844
-0.085266
-0.050232
-0.113220
-0.050232
-0.113220
0.044495
-0.115662
0.044495
-0.115662
-0.027084
-0.120728
-0.027084
-0.120728
0.066284
-0.104614
0.066284
-0.104614
0.101135
-0.071350
0.101135
-0.071350
0.122131
0.021103
0.122131
0.021103
-0.015190
-0.122559
-0.015190
-0.122559
0.075806
-0.097290
0.075806
-0.097290
0.107605
-0.061096
0.107605
-0.061096
0.119446
0.032928
0.119446
0.032928
0.117615
-0.039001
0.117615
-0.039001
0.110657
0.055573
0.110657
0.055573
0.081055
0.093750
0.081055
0.093750
-0.009087
0.123596
-0.009087
0.123596
-0.009087
-0.123596
-0.009087
-0.123596
0.081055
-0.093750
0.081055
-0.093750
0.110657
-0.055573
0.110657
-0.055573
0.117615
0.039001
0.117615
0.039001
0.119446
-0.032928
0.119446
-0.032928
0.107605
0.061096
0.107605
0.061096
0.075806
0.097290
0.075806
0.097290
-0.015190
0.122559
-0.015190
0.122559
0.122131
-0.021103
0.122131
-0.021103
0.101135
0.071350
0.101135
0.071350
0.066284
0.104614
0.066284
0.104614
-0.027084
0.120728
-0.027084
0.120728
0.044495
0.115662
0.044495
0.115662
-0.050232
0.113220
-0.050232
0.113220
-0.089844
0.085266
-0.089844
0.085266
-0.123840
-0.003128
-0.123840
-0.003128
