0.000324
0.061249
0.000324
0.061249
-0.043060
0.043549
-0.043060
0.043549
-0.056458
0.023712
-0.056458
0.023712
-0.056732
-0.023132
-0.056732
-0.023132
-0.059845
0.012276
-0.059845
0.012276
-0.051086
-0.033630
-0.051086
-0.033630
-0.034271
-0.050659
-0.034271
-0.050659
0.011620
-0.060059
0.011620
-0.060059
-0.060883
0.006386
-0.060883
0.006386
-0.047638
-0.038574
-0.047638
-0.038574
-0.029297
-0.053772
-0.029297
-0.053772
0.017319
-0.058807
0.017319
-0.058807
-0.018204
-0.058563
-0.018204
-0.058563
0.028519
-0.054199
0.028519
-0.054199
0.047119
-0.039215
0.047119
-0.039215
0.061096
0.005577
0.061096
0.005577
-0.061005
0.003290
-0.061005
0.003290
-0.045471
-0.040833
-0.045471
-0.040833
-0.026459
-0.055054
-0.026459
-0.055054
0.020279
-0.057709
0.020279
-0.057709
-0.015221
-0.059265
-0.015221
-0.059265
0.031158
-0.052734
0.031158
-0.052734
0.048981
-0.036774
0.048981
-0.036774
0.060669
0.008652
0.060669
0.008652
-0.009354
-0.060364
-0.009354
-0.060364
0.036133
-0.049377
0.036133
-0.049377
0.052246
-0.031799
0.052246
-0.031799
0.059387
0.014458
0.059387
0.014458
0.057526
-0.020935
0.057526
-0.020935
0.055420
0.025848
0.055420
0.025848
0.041412
0.045105
0.041412
0.045105
-0.002558
0.061096
-0.002558
0.061096
-0.061157
0.001737
-0.061157
0.001737
-0.044525
-0.042023
-0.044525
-0.042023
-0.025024
-0.055878
-0.025024
-0.055878
0.021774
-0.057129
0.021774
-0.057129
-0.013702
-0.059631
-0.013702
-0.059631
0.032471
-0.051880
0.032471
-0.051880
0.049896
-0.035431
0.049896
-0.035431
0.060333
0.010170
0.060333
0.010170
-0.007767
-0.060760
-0.007767
-0.060760
0.037445
-0.048492
0.037445
-0.048492
0.053070
-0.030426
0.053070
-0.030426
0.059021
0.016006
0.059021
0.016006
0.058044
-0.019455
0.058044
-0.019455
0.054718
0.027298
0.054718
0.027298
0.040222
0.046173
0.040222
0.046173
-0.004238
0.061096
-0.004238
0.061096
-0.004845
-0.061157
-0.004845
-0.061157
0.039795
-0.046600
0.039795
-0.046600
0.054535
-0.027878
0.054535
-0.027878
0.058228
0.018860
0.058228
0.018860
0.058807
-0.016571
0.058807
-0.016571
0.053284
0.029861
0.053284
0.029861
0.037811
0.047943
0.037811
0.047943
-0.007175
0.060669
-0.007175
0.060669
0.060272
-0.010712
0.060272
-0.010712
0.050201
0.035034
0.050201
0.035034
0.033020
0.051514
0.033020
0.051514
-0.013077
0.059814
-0.013077
0.059814
0.022308
0.057098
0.022308
0.057098
-0.024506
0.056183
-0.024506
0.056183
-0.044159
0.042450
-0.044159
0.042450
-0.061249
-0.001198
-0.061249
-0.001198
-0.061249
0.001198
-0.061249
0.001198
-0.044159
-0.042450
-0.044159
-0.042450
-0.024506
-0.056183
-0.024506
-0.056183
0.022308
-0.057098
0.022308
-0.057098
-0.013077
-0.059814
-0.013077
-0.059814
0.033020
-0.051514
0.033020
-0.051514
0.050201
-0.035034
0.050201
-0.035034
0.060272
0.010712
0.060272
0.010712
-0.007175
-0.060669
-0.007175
-0.060669
0.037811
-0.047943
0.037811
-0.047943
0.053284
-0.029861
0.053284
-0.029861
0.058807
0.016571
0.058807
0.016571
0.058228
-0.018860
0.058228
-0.018860
0.054535
0.027878
0.054535
0.027878
0.039795
0.046600
0.039795
0.046600
-0.004845
0.061157
-0.004845
0.061157
-0.004238
-0.061096
-0.004238
-0.061096
0.040222
-0.046173
0.040222
-0.046173
0.054718
-0.027298
0.054718
-0.027298
0.058044
0.019455
0.058044
0.019455
0.059021
-0.016006
0.059021
-0.016006
0.053070
0.030426
0.053070
0.030426
0.037445
0.048492
0.037445
0.048492
-0.007767
0.060760
-0.007767
0.060760
0.060333
-0.010170
0.060333
-0.010170
0.049896
0.035431
0.049896
0.035431
0.032471
0.051880
0.032471
0.051880
-0.013702
0.059631
-0.013702
0.059631
0.021774
0.057129
0.021774
0.057129
-0.025024
0.055878
-0.025024
0.055878
-0.044525
0.042023
-0.044525
0.042023
-0.061157
-0.001737
-0.061157
-0.001737
-0.002558
-0.061096
-0.002558
-0.061096
0.041412
-0.045105
0.041412
-0.045105
0.055420
-0.025848
0.055420
-0.025848
0.057526
0.020935
0.057526
0.020935
0.059387
-0.014458
0.059387
-0.014458
0.052246
0.031799
0.052246
0.031799
0.036133
0.049377
0.036133
0.049377
-0.009354
0.060364
-0.009354
0.060364
0.060669
-0.008652
0.060669
-0.008652
0.048981
0.036774
0.048981
0.036774
0.031158
0.052734
0.031158
0.052734
-0.015221
0.059265
-0.015221
0.059265
0.020279
0.057709
0.020279
0.057709
-0.026459
0.055054
-0.026459
0.055054
-0.045471
0.040833
-0.045471
0.040833
-0.061005
-0.003290
-0.061005
-0.003290
0.061096
-0.005577
0.061096
-0.005577
0.047119
0.039215
0.047119
0.039215
0.028519
0.054199
0.028519
0.054199
-0.018204
0.058563
-0.018204
0.058563
0.017319
0.058807
0.017319
0.058807
-0.029297
0.053772
-0.029297
0.053772
-0.047638
0.038574
-0.047638
0.038574
-0.060883
-0.006386
-0.060883
-0.006386
0.011620
0.060059
0.011620
0.060059
-0.034271
0.050659
-0.034271
0.050659
-0.051086
0.033630
-0.051086
0.033630
-0.059845
-0.012276
-0.059845
-0.012276
-0.056732
0.023132
-0.056732
0.023132
-0.056458
-0.023712
-0.056458
-0.023712
-0.043060
-0.043549
-0.043060
-0.043549
0.000324
-0.061249
0.000324
-0.061249
