0.029739
0.000000
0.029739
0.000000
0.021027
0.021011
0.021027
0.021011
0.011383
0.027496
0.011383
0.027496
-0.011383
0.027496
-0.011383
0.027496
0.005795
0.029190
0.005795
0.029190
-0.016556
0.024765
-0.016556
0.024765
-0.024704
0.016571
-0.024704
0.016571
-0.029190
-0.005741
-0.029190
-0.005741
0.002907
0.029663
0.002907
0.029663
-0.018906
0.022995
-0.018906
0.022995
-0.026260
0.014061
-0.026260
0.014061
-0.028503
-0.008621
-0.028503
-0.008621
-0.028503
0.008621
-0.028503
0.008621
-0.026260
-0.014061
-0.026260
-0.014061
-0.018906
-0.022995
-0.018906
-0.022995
0.002907
-0.029663
0.002907
-0.029663
0.001397
0.029907
0.001397
0.029907
-0.020126
0.022110
-0.020126
0.022110
-0.027084
0.012733
-0.027084
0.012733
-0.028152
-0.010139
-0.028152
-0.010139
-0.029037
0.007229
-0.029037
0.007229
-0.025635
-0.015427
-0.025635
-0.015427
-0.017761
-0.024063
-0.017761
-0.024063
0.004433
-0.029587
0.004433
-0.029587
-0.029587
0.004353
-0.029587
0.004353
-0.024017
-0.017807
-0.024017
-0.017807
-0.015381
-0.025650
-0.015381
-0.025650
0.007282
-0.029022
0.007282
-0.029022
-0.010101
-0.028183
-0.010101
-0.028183
0.012749
-0.027039
0.012749
-0.027039
0.022156
-0.020081
0.022156
-0.020081
0.029907
0.001456
0.029907
0.001456
0.000782
0.029907
0.000782
0.029907
-0.020599
0.021713
-0.020599
0.021713
-0.027313
0.012161
-0.027313
0.012161
-0.027924
-0.010712
-0.027924
-0.010712
-0.029129
0.006580
-0.029129
0.006580
-0.025238
-0.015945
-0.025238
-0.015945
-0.017212
-0.024353
-0.017212
-0.024353
0.005066
-0.029434
0.005066
-0.029434
-0.029663
0.003624
-0.029663
0.003624
-0.023560
-0.018417
-0.023560
-0.018417
-0.014755
-0.026047
-0.014755
-0.026047
0.007973
-0.028824
0.007973
-0.028824
-0.009399
-0.028397
-0.009399
-0.028397
0.013412
-0.026688
0.013412
-0.026688
0.022614
-0.019516
0.022614
-0.019516
0.029770
0.002180
0.029770
0.002180
-0.029907
0.002195
-0.029907
0.002195
-0.022705
-0.019577
-0.022705
-0.019577
-0.013474
-0.026779
-0.013474
-0.026779
0.009399
-0.028458
0.009399
-0.028458
-0.007980
-0.028870
-0.007980
-0.028870
0.014755
-0.026062
0.014755
-0.026062
0.023590
-0.018433
0.023590
-0.018433
0.029739
0.003674
0.029739
0.003674
-0.005135
-0.029480
-0.005135
-0.029480
0.017197
-0.024475
0.017197
-0.024475
0.025223
-0.016006
0.025223
-0.016006
0.029144
0.006527
0.029144
0.006527
0.027893
-0.010773
0.027893
-0.010773
0.027313
0.012085
0.027313
0.012085
0.020645
0.021637
0.020645
0.021637
-0.000679
0.029907
-0.000679
0.029907
0.000410
0.029861
0.000410
0.029861
-0.020828
0.021408
-0.020828
0.021408
-0.027451
0.011833
-0.027451
0.011833
-0.027786
-0.011040
-0.027786
-0.011040
-0.029282
0.006256
-0.029282
0.006256
-0.025116
-0.016251
-0.025116
-0.016251
-0.016983
-0.024658
-0.016983
-0.024658
0.005417
-0.029449
0.005417
-0.029449
-0.029709
0.003323
-0.029709
0.003323
-0.023361
-0.018646
-0.023361
-0.018646
-0.014465
-0.026199
-0.014465
-0.026199
0.008278
-0.028717
0.008278
-0.028717
-0.009056
-0.028519
-0.009056
-0.028519
0.013748
-0.026581
0.013748
-0.026581
0.022873
-0.019272
0.022873
-0.019272
0.029755
0.002541
0.029755
0.002541
-0.029877
0.001861
-0.029877
0.001861
-0.022476
-0.019836
-0.022476
-0.019836
-0.013184
-0.026932
-0.013184
-0.026932
0.009697
-0.028336
0.009697
-0.028336
-0.007664
-0.029022
-0.007664
-0.029022
0.015091
-0.025955
0.015091
-0.025955
0.023880
-0.018188
0.023880
-0.018188
0.029755
0.004025
0.029755
0.004025
-0.004784
-0.029541
-0.004784
-0.029541
0.017517
-0.024277
0.017517
-0.024277
0.025467
-0.015778
0.025467
-0.015778
0.029175
0.006840
0.029175
0.006840
0.028076
-0.010452
0.028076
-0.010452
0.027267
0.012474
0.027267
0.012474
0.020432
0.021927
0.020432
0.021927
-0.001030
0.029922
-0.001030
0.029922
-0.029816
0.001192
-0.029816
0.001192
-0.021896
-0.020233
-0.021896
-0.020233
-0.012527
-0.027115
-0.012527
-0.027115
0.010300
-0.028030
0.010300
-0.028030
-0.006992
-0.029068
-0.006992
-0.029068
0.015587
-0.025543
0.015587
-0.025543
0.024139
-0.017563
0.024139
-0.017563
0.029495
0.004665
0.029495
0.004665
-0.004066
-0.029739
-0.004066
-0.029739
0.018127
-0.023911
0.018127
-0.023911
0.025864
-0.015129
0.025864
-0.015129
0.028976
0.007595
0.028976
0.007595
0.028305
-0.009773
0.028305
-0.009773
0.026932
0.013100
0.026932
0.013100
0.019852
0.022415
0.019852
0.022415
-0.001812
0.029877
-0.001812
0.029877
-0.002617
-0.029755
-0.002617
-0.029755
0.019211
-0.022919
0.019211
-0.022919
0.026474
-0.013809
0.026474
-0.013809
0.028503
0.008942
0.028503
0.008942
0.028717
-0.008408
0.028717
-0.008408
0.026260
0.014359
0.026260
0.014359
0.018753
0.023346
0.018753
0.023346
-0.003210
0.029770
-0.003210
0.029770
0.029297
-0.005455
0.029297
-0.005455
0.024612
0.016876
0.024612
0.016876
0.016327
0.024979
0.016327
0.024979
-0.006145
0.029221
-0.006145
0.029221
0.011154
0.027786
0.011154
0.027786
-0.011757
0.027527
-0.011757
0.027527
-0.021393
0.020905
-0.021393
0.020905
-0.029922
-0.000324
-0.029922
-0.000324
0.000210
0.029800
0.000210
0.029800
-0.020935
0.021210
-0.020935
0.021210
-0.027496
0.011589
-0.027496
0.011589
-0.027634
-0.011208
-0.027634
-0.011208
-0.029251
0.006020
-0.029251
0.006020
-0.024948
-0.016449
-0.024948
-0.016449
-0.016769
-0.024734
-0.016769
-0.024734
0.005638
-0.029343
0.005638
-0.029343
-0.029739
0.003155
-0.029739
0.003155
-0.023254
-0.018799
-0.023254
-0.018799
-0.014252
-0.026276
-0.014252
-0.026276
0.008476
-0.028625
0.008476
-0.028625
-0.008820
-0.028366
-0.008820
-0.028366
0.013855
-0.026321
0.013855
-0.026321
0.022919
-0.019012
0.022919
-0.019012
0.029648
0.002747
0.029648
0.002747
-0.029800
0.001645
-0.029800
0.001645
-0.022247
-0.019897
-0.022247
-0.019897
-0.012955
-0.026932
-0.012955
-0.026932
0.009865
-0.028229
0.009865
-0.028229
-0.007412
-0.028915
-0.007412
-0.028915
0.015160
-0.025696
0.015160
-0.025696
0.023819
-0.017914
0.023819
-0.017914
0.029541
0.004211
0.029541
0.004211
-0.004562
-0.029480
-0.004562
-0.029480
0.017624
-0.024078
0.017624
-0.024078
0.025497
-0.015472
0.025497
-0.015472
0.028961
0.007076
0.028961
0.007076
0.028000
-0.010254
0.028000
-0.010254
0.027054
0.012558
0.027054
0.012558
0.020203
0.021942
0.020203
0.021942
-0.001235
0.029800
-0.001235
0.029800
-0.029877
0.000852
-0.029877
0.000852
-0.021713
-0.020523
-0.021713
-0.020523
-0.012215
-0.027267
-0.012215
-0.027267
0.010643
-0.027924
0.010643
-0.027924
-0.006668
-0.029083
-0.006668
-0.029083
0.015854
-0.025314
0.015854
-0.025314
0.024353
-0.017288
0.024353
-0.017288
0.029449
0.005005
0.029449
0.005005
-0.003792
-0.029648
-0.003792
-0.029648
0.018295
-0.023666
0.018295
-0.023666
0.025940
-0.014854
0.025940
-0.014854
0.028809
0.007835
0.028809
0.007835
0.028351
-0.009483
0.028351
-0.009483
0.026749
0.013313
0.026749
0.013313
0.019608
0.022522
0.019608
0.022522
-0.002045
0.029755
-0.002045
0.029755
-0.002369
-0.029861
-0.002369
-0.029861
0.019440
-0.022766
0.019440
-0.022766
0.026718
-0.013618
0.026718
-0.013618
0.028519
0.009254
0.028519
0.009254
0.028763
-0.008133
0.028763
-0.008133
0.026108
0.014610
0.026108
0.014610
0.018509
0.023453
0.018509
0.023453
-0.003500
0.029663
-0.003500
0.029663
0.029449
-0.005287
0.029449
-0.005287
0.024582
0.017090
0.024582
0.017090
0.016113
0.025208
0.016113
0.025208
-0.006397
0.029190
-0.006397
0.029190
0.010948
0.027817
0.010948
0.027817
-0.011932
0.027451
-0.011932
0.027451
-0.021530
0.020752
-0.021530
0.020752
-0.029877
-0.000534
-0.029877
-0.000534
-0.029816
0.000648
-0.029816
0.000648
-0.021530
-0.020630
-0.021530
-0.020630
-0.012016
-0.027267
-0.012016
-0.027267
0.010788
-0.027786
0.010788
-0.027786
-0.006447
-0.029068
-0.006447
-0.029068
0.016006
-0.025101
0.016006
-0.025101
0.024445
-0.017090
0.024445
-0.017090
0.029343
0.005184
0.029343
0.005184
-0.003544
-0.029633
-0.003544
-0.029633
0.018433
-0.023453
0.018433
-0.023453
0.025955
-0.014572
0.025955
-0.014572
0.028702
0.008057
0.028702
0.008057
0.028336
-0.009277
0.028336
-0.009277
0.026611
0.013466
0.026611
0.013466
0.019379
0.022614
0.019379
0.022614
-0.002293
0.029694
-0.002293
0.029694
-0.002115
-0.029816
-0.002115
-0.029816
0.019577
-0.022568
0.019577
-0.022568
0.026749
-0.013397
0.026749
-0.013397
0.028366
0.009407
0.028366
0.009407
0.028870
-0.007980
0.028870
-0.007980
0.026062
0.014755
0.026062
0.014755
0.018433
0.023590
0.018433
0.023590
-0.003674
0.029739
-0.003674
0.029739
0.029495
-0.005020
0.029495
-0.005020
0.024399
0.017288
0.024399
0.017288
0.015945
0.025360
0.015945
0.025360
-0.006618
0.029144
-0.006618
0.029144
0.010658
0.027969
0.010658
0.027969
-0.012238
0.027313
-0.012238
0.027313
-0.021744
0.020538
-0.021744
0.020538
-0.029907
-0.000858
-0.029907
-0.000858
-0.001235
-0.029800
-0.001235
-0.029800
0.020203
-0.021942
0.020203
-0.021942
0.027054
-0.012558
0.027054
-0.012558
0.028000
0.010254
0.028000
0.010254
0.028870
-0.007000
0.028870
-0.007000
0.025375
0.015457
0.025375
0.015457
0.017563
0.024017
0.017563
0.024017
-0.004547
0.029404
-0.004547
0.029404
0.029495
-0.004211
0.029495
-0.004211
0.023849
0.017883
0.023849
0.017883
0.015182
0.025681
0.015182
0.025681
-0.007401
0.028915
-0.007401
0.028915
0.009895
0.028030
0.009895
0.028030
-0.012848
0.026840
-0.012848
0.026840
-0.022186
0.019852
-0.022186
0.019852
-0.029739
-0.001635
-0.029739
-0.001635
0.029770
-0.002756
0.029770
-0.002756
0.022995
0.019089
0.022995
0.019089
0.013947
0.026413
0.013947
0.026413
-0.008804
0.028564
-0.008804
0.028564
0.008537
0.028717
0.008537
0.028717
-0.014275
0.026352
-0.014275
0.026352
-0.023300
0.018875
-0.023300
0.018875
-0.029800
-0.003107
-0.029800
-0.003107
0.005707
0.029373
0.005707
0.029373
-0.016693
0.024765
-0.016693
0.024765
-0.024902
0.016541
-0.024902
0.016541
-0.029297
-0.005917
-0.029297
-0.005917
-0.027664
0.011330
-0.027664
0.011330
-0.027603
-0.011551
-0.027603
-0.011551
-0.021088
-0.021255
-0.021088
-0.021255
0.000124
-0.029907
0.000124
-0.029907
0.000124
0.029907
0.000124
0.029907
-0.021088
0.021255
-0.021088
0.021255
-0.027603
0.011551
-0.027603
0.011551
-0.027664
-0.011330
-0.027664
-0.011330
-0.029297
0.005917
-0.029297
0.005917
-0.024902
-0.016541
-0.024902
-0.016541
-0.016693
-0.024765
-0.016693
-0.024765
0.005707
-0.029373
0.005707
-0.029373
-0.029800
0.003107
-0.029800
0.003107
-0.023300
-0.018875
-0.023300
-0.018875
-0.014275
-0.026352
-0.014275
-0.026352
0.008537
-0.028717
0.008537
-0.028717
-0.008804
-0.028564
-0.008804
-0.028564
0.013947
-0.026413
0.013947
-0.026413
0.022995
-0.019089
0.022995
-0.019089
0.029770
0.002756
0.029770
0.002756
-0.029739
0.001635
-0.029739
0.001635
-0.022186
-0.019852
-0.022186
-0.019852
-0.012848
-0.026840
-0.012848
-0.026840
0.009895
-0.028030
0.009895
-0.028030
-0.007401
-0.028915
-0.007401
-0.028915
0.015182
-0.025681
0.015182
-0.025681
0.023849
-0.017883
0.023849
-0.017883
0.029495
0.004211
0.029495
0.004211
-0.004547
-0.029404
-0.004547
-0.029404
0.017563
-0.024017
0.017563
-0.024017
0.025375
-0.015457
0.025375
-0.015457
0.028870
0.007000
0.028870
0.007000
0.028000
-0.010254
0.028000
-0.010254
0.027054
0.012558
0.027054
0.012558
0.020203
0.021942
0.020203
0.021942
-0.001235
0.029800
-0.001235
0.029800
-0.029907
0.000858
-0.029907
0.000858
-0.021744
-0.020538
-0.021744
-0.020538
-0.012238
-0.027313
-0.012238
-0.027313
0.010658
-0.027969
0.010658
-0.027969
-0.006618
-0.029144
-0.006618
-0.029144
0.015945
-0.025360
0.015945
-0.025360
0.024399
-0.017288
0.024399
-0.017288
0.029495
0.005020
0.029495
0.005020
-0.003674
-0.029739
-0.003674
-0.029739
0.018433
-0.023590
0.018433
-0.023590
0.026062
-0.014755
0.026062
-0.014755
0.028870
0.007980
0.028870
0.007980
0.028366
-0.009407
0.028366
-0.009407
0.026749
0.013397
0.026749
0.013397
0.019577
0.022568
0.019577
0.022568
-0.002115
0.029816
-0.002115
0.029816
-0.002293
-0.029694
-0.002293
-0.029694
0.019379
-0.022614
0.019379
-0.022614
0.026611
-0.013466
0.026611
-0.013466
0.028336
0.009277
0.028336
0.009277
0.028702
-0.008057
0.028702
-0.008057
0.025955
0.014572
0.025955
0.014572
0.018433
0.023453
0.018433
0.023453
-0.003544
0.029633
-0.003544
0.029633
0.029343
-0.005184
0.029343
-0.005184
0.024445
0.017090
0.024445
0.017090
0.016006
0.025101
0.016006
0.025101
-0.006447
0.029068
-0.006447
0.029068
0.010788
0.027786
0.010788
0.027786
-0.012016
0.027267
-0.012016
0.027267
-0.021530
0.020630
-0.021530
0.020630
-0.029816
-0.000648
-0.029816
-0.000648
-0.029877
0.000534
-0.029877
0.000534
-0.021530
-0.020752
-0.021530
-0.020752
-0.011932
-0.027451
-0.011932
-0.027451
0.010948
-0.027817
0.010948
-0.027817
-0.006397
-0.029190
-0.006397
-0.029190
0.016113
-0.025208
0.016113
-0.025208
0.024582
-0.017090
0.024582
-0.017090
0.029449
0.005287
0.029449
0.005287
-0.003500
-0.029663
-0.003500
-0.029663
0.018509
-0.023453
0.018509
-0.023453
0.026108
-0.014610
0.026108
-0.014610
0.028763
0.008133
0.028763
0.008133
0.028519
-0.009254
0.028519
-0.009254
0.026718
0.013618
0.026718
0.013618
0.019440
0.022766
0.019440
0.022766
-0.002369
0.029861
-0.002369
0.029861
-0.002045
-0.029755
-0.002045
-0.029755
0.019608
-0.022522
0.019608
-0.022522
0.026749
-0.013313
0.026749
-0.013313
0.028351
0.009483
0.028351
0.009483
0.028809
-0.007835
0.028809
-0.007835
0.025940
0.014854
0.025940
0.014854
0.018295
0.023666
0.018295
0.023666
-0.003792
0.029648
-0.003792
0.029648
0.029449
-0.005005
0.029449
-0.005005
0.024353
0.017288
0.024353
0.017288
0.015854
0.025314
0.015854
0.025314
-0.006668
0.029083
-0.006668
0.029083
0.010643
0.027924
0.010643
0.027924
-0.012215
0.027267
-0.012215
0.027267
-0.021713
0.020523
-0.021713
0.020523
-0.029877
-0.000852
-0.029877
-0.000852
-0.001235
-0.029800
-0.001235
-0.029800
0.020203
-0.021942
0.020203
-0.021942
0.027054
-0.012558
0.027054
-0.012558
0.028000
0.010254
0.028000
0.010254
0.028961
-0.007076
0.028961
-0.007076
0.025497
0.015472
0.025497
0.015472
0.017624
0.024078
0.017624
0.024078
-0.004562
0.029480
-0.004562
0.029480
0.029541
-0.004211
0.029541
-0.004211
0.023819
0.017914
0.023819
0.017914
0.015160
0.025696
0.015160
0.025696
-0.007412
0.028915
-0.007412
0.028915
0.009865
0.028229
0.009865
0.028229
-0.012955
0.026932
-0.012955
0.026932
-0.022247
0.019897
-0.022247
0.019897
-0.029800
-0.001645
-0.029800
-0.001645
0.029648
-0.002747
0.029648
-0.002747
0.022919
0.019012
0.022919
0.019012
0.013855
0.026321
0.013855
0.026321
-0.008820
0.028366
-0.008820
0.028366
0.008476
0.028625
0.008476
0.028625
-0.014252
0.026276
-0.014252
0.026276
-0.023254
0.018799
-0.023254
0.018799
-0.029739
-0.003155
-0.029739
-0.003155
0.005638
0.029343
0.005638
0.029343
-0.016769
0.024734
-0.016769
0.024734
-0.024948
0.016449
-0.024948
0.016449
-0.029251
-0.006020
-0.029251
-0.006020
-0.027634
0.011208
-0.027634
0.011208
-0.027496
-0.011589
-0.027496
-0.011589
-0.020935
-0.021210
-0.020935
-0.021210
0.000210
-0.029800
0.000210
-0.029800
-0.029922
0.000324
-0.029922
0.000324
-0.021393
-0.020905
-0.021393
-0.020905
-0.011757
-0.027527
-0.011757
-0.027527
0.011154
-0.027786
0.011154
-0.027786
-0.006145
-0.029221
-0.006145
-0.029221
0.016327
-0.024979
0.016327
-0.024979
0.024612
-0.016876
0.024612
-0.016876
0.029297
0.005455
0.029297
0.005455
-0.003210
-0.029770
-0.003210
-0.029770
0.018753
-0.023346
0.018753
-0.023346
0.026260
-0.014359
0.026260
-0.014359
0.028717
0.008408
0.028717
0.008408
0.028503
-0.008942
0.028503
-0.008942
0.026474
0.013809
0.026474
0.013809
0.019211
0.022919
0.019211
0.022919
-0.002617
0.029755
-0.002617
0.029755
-0.001812
-0.029877
-0.001812
-0.029877
0.019852
-0.022415
0.019852
-0.022415
0.026932
-0.013100
0.026932
-0.013100
0.028305
0.009773
0.028305
0.009773
0.028976
-0.007595
0.028976
-0.007595
0.025864
0.015129
0.025864
0.015129
0.018127
0.023911
0.018127
0.023911
-0.004066
0.029739
-0.004066
0.029739
0.029495
-0.004665
0.029495
-0.004665
0.024139
0.017563
0.024139
0.017563
0.015587
0.025543
0.015587
0.025543
-0.006992
0.029068
-0.006992
0.029068
0.010300
0.028030
0.010300
0.028030
-0.012527
0.027115
-0.012527
0.027115
-0.021896
0.020233
-0.021896
0.020233
-0.029816
-0.001192
-0.029816
-0.001192
-0.001030
-0.029922
-0.001030
-0.029922
0.020432
-0.021927
0.020432
-0.021927
0.027267
-0.012474
0.027267
-0.012474
0.028076
0.010452
0.028076
0.010452
0.029175
-0.006840
0.029175
-0.006840
0.025467
0.015778
0.025467
0.015778
0.017517
0.024277
0.017517
0.024277
-0.004784
0.029541
-0.004784
0.029541
0.029755
-0.004025
0.029755
-0.004025
0.023880
0.018188
0.023880
0.018188
0.015091
0.025955
0.015091
0.025955
-0.007664
0.029022
-0.007664
0.029022
0.009697
0.028336
0.009697
0.028336
-0.013184
0.026932
-0.013184
0.026932
-0.022476
0.019836
-0.022476
0.019836
-0.029877
-0.001861
-0.029877
-0.001861
0.029755
-0.002541
0.029755
-0.002541
0.022873
0.019272
0.022873
0.019272
0.013748
0.026581
0.013748
0.026581
-0.009056
0.028519
-0.009056
0.028519
0.008278
0.028717
0.008278
0.028717
-0.014465
0.026199
-0.014465
0.026199
-0.023361
0.018646
-0.023361
0.018646
-0.029709
-0.003323
-0.029709
-0.003323
0.005417
0.029449
0.005417
0.029449
-0.016983
0.024658
-0.016983
0.024658
-0.025116
0.016251
-0.025116
0.016251
-0.029282
-0.006256
-0.029282
-0.006256
-0.027786
0.011040
-0.027786
0.011040
-0.027451
-0.011833
-0.027451
-0.011833
-0.020828
-0.021408
-0.020828
-0.021408
0.000410
-0.029861
0.000410
-0.029861
-0.000679
-0.029907
-0.000679
-0.029907
0.020645
-0.021637
0.020645
-0.021637
0.027313
-0.012085
0.027313
-0.012085
0.027893
0.010773
0.027893
0.010773
0.029144
-0.006527
0.029144
-0.006527
0.025223
0.016006
0.025223
0.016006
0.017197
0.024475
0.017197
0.024475
-0.005135
0.029480
-0.005135
0.029480
0.029739
-0.003674
0.029739
-0.003674
0.023590
0.018433
0.023590
0.018433
0.014755
0.026062
0.014755
0.026062
-0.007980
0.028870
-0.007980
0.028870
0.009399
0.028458
0.009399
0.028458
-0.013474
0.026779
-0.013474
0.026779
-0.022705
0.019577
-0.022705
0.019577
-0.029907
-0.002195
-0.029907
-0.002195
0.029770
-0.002180
0.029770
-0.002180
0.022614
0.019516
0.022614
0.019516
0.013412
0.026688
0.013412
0.026688
-0.009399
0.028397
-0.009399
0.028397
0.007973
0.028824
0.007973
0.028824
-0.014755
0.026047
-0.014755
0.026047
-0.023560
0.018417
-0.023560
0.018417
-0.029663
-0.003624
-0.029663
-0.003624
0.005066
0.029434
0.005066
0.029434
-0.017212
0.024353
-0.017212
0.024353
-0.025238
0.015945
-0.025238
0.015945
-0.029129
-0.006580
-0.029129
-0.006580
-0.027924
0.010712
-0.027924
0.010712
-0.027313
-0.012161
-0.027313
-0.012161
-0.020599
-0.021713
-0.020599
-0.021713
0.000782
-0.029907
0.000782
-0.029907
0.029907
-0.001456
0.029907
-0.001456
0.022156
0.020081
0.022156
0.020081
0.012749
0.027039
0.012749
0.027039
-0.010101
0.028183
-0.010101
0.028183
0.007282
0.029022
0.007282
0.029022
-0.015381
0.025650
-0.015381
0.025650
-0.024017
0.017807
-0.024017
0.017807
-0.029587
-0.004353
-0.029587
-0.004353
0.004433
0.029587
0.004433
0.029587
-0.017761
0.024063
-0.017761
0.024063
-0.025635
0.015427
-0.025635
0.015427
-0.029037
-0.007229
-0.029037
-0.007229
-0.028152
0.010139
-0.028152
0.010139
-0.027084
-0.012733
-0.027084
-0.012733
-0.020126
-0.022110
-0.020126
-0.022110
0.001397
-0.029907
0.001397
-0.029907
0.002907
0.029663
0.002907
0.029663
-0.018906
0.022995
-0.018906
0.022995
-0.026260
0.014061
-0.026260
0.014061
-0.028503
-0.008621
-0.028503
-0.008621
-0.028503
0.008621
-0.028503
0.008621
-0.026260
-0.014061
-0.026260
-0.014061
-0.018906
-0.022995
-0.018906
-0.022995
0.002907
-0.029663
0.002907
-0.029663
-0.029190
0.005741
-0.029190
0.005741
-0.024704
-0.016571
-0.024704
-0.016571
-0.016556
-0.024765
-0.016556
-0.024765
0.005795
-0.029190
0.005795
-0.029190
-0.011383
-0.027496
-0.011383
-0.027496
0.011383
-0.027496
0.011383
-0.027496
0.021027
-0.021011
0.021027
-0.021011
0.029739
0.000000
0.029739
0.000000
