-0.060883
0.062500
-0.060883
0.062500
-0.087219
0.001143
-0.087219
0.001143
-0.080933
-0.032196
-0.080933
-0.032196
-0.034454
-0.080017
-0.034454
-0.080017
-0.072998
-0.047546
-0.072998
-0.047546
-0.017975
-0.085266
-0.017975
-0.085266
0.015945
-0.085510
0.015945
-0.085510
0.071716
-0.049194
0.071716
-0.049194
-0.068115
-0.054474
-0.068115
-0.054474
-0.009644
-0.086670
-0.009644
-0.086670
0.024185
-0.083679
0.024185
-0.083679
0.076294
-0.042084
0.076294
-0.042084
0.040009
-0.077515
0.040009
-0.077515
0.083008
-0.026520
0.083008
-0.026520
0.086914
0.007378
0.086914
0.007378
0.056274
0.066650
0.056274
0.066650
-0.065186
-0.057495
-0.065186
-0.057495
-0.005436
-0.086792
-0.005436
-0.086792
0.028198
-0.082153
0.028198
-0.082153
0.078003
-0.038239
0.078003
-0.038239
0.043793
-0.075195
0.043793
-0.075195
0.084167
-0.022247
0.084167
-0.022247
0.086060
0.011627
0.086060
0.011627
0.052643
0.069153
0.052643
0.069153
0.050964
-0.070679
0.050964
-0.070679
0.085938
-0.013939
0.085938
-0.013939
0.084900
0.020126
0.084900
0.020126
0.045837
0.074341
0.045837
0.074341
0.079346
0.036133
0.079346
0.036133
0.030579
0.081604
0.030579
0.081604
-0.003021
0.087158
-0.003021
0.087158
-0.063782
0.059540
-0.063782
0.059540
-0.063782
-0.059540
-0.063782
-0.059540
-0.003021
-0.087158
-0.003021
-0.087158
0.030579
-0.081604
0.030579
-0.081604
0.079346
-0.036133
0.079346
-0.036133
0.045837
-0.074341
0.045837
-0.074341
0.084900
-0.020126
0.084900
-0.020126
0.085938
0.013939
0.085938
0.013939
0.050964
0.070679
0.050964
0.070679
0.052643
-0.069153
0.052643
-0.069153
0.086060
-0.011627
0.086060
-0.011627
0.084167
0.022247
0.084167
0.022247
0.043793
0.075195
0.043793
0.075195
0.078003
0.038239
0.078003
0.038239
0.028198
0.082153
0.028198
0.082153
-0.005436
0.086792
-0.005436
0.086792
-0.065186
0.057495
-0.065186
0.057495
0.056274
-0.066650
0.056274
-0.066650
0.086914
-0.007378
0.086914
-0.007378
0.083008
0.026520
0.083008
0.026520
0.040009
0.077515
0.040009
0.077515
0.076294
0.042084
0.076294
0.042084
0.024185
0.083679
0.024185
0.083679
-0.009644
0.086670
-0.009644
0.086670
-0.068115
0.054474
-0.068115
0.054474
0.071716
0.049194
0.071716
0.049194
0.015945
0.085510
0.015945
0.085510
-0.017975
0.085266
-0.017975
0.085266
-0.072998
0.047546
-0.072998
0.047546
-0.034454
0.080017
-0.034454
0.080017
-0.080933
0.032196
-0.080933
0.032196
-0.087219
-0.001143
-0.087219
-0.001143
-0.060883
-0.062500
-0.060883
-0.062500
