0.000000
-0.014435
0.000000
-0.014435
0.010208
-0.010208
0.010208
-0.010208
0.013336
-0.005524
0.013336
-0.005524
0.013336
0.005524
0.013336
0.005524
0.014153
-0.002806
0.014153
-0.002806
0.012009
0.008034
0.012009
0.008034
0.008003
0.012016
0.008003
0.012016
-0.002827
0.014145
-0.002827
0.014145
0.014359
-0.001410
0.014359
-0.001410
0.011147
0.009163
0.011147
0.009163
0.006817
0.012718
0.006817
0.012718
-0.004169
0.013817
-0.004169
0.013817
0.004169
0.013817
0.004169
0.013817
-0.006817
0.012718
-0.006817
0.012718
-0.011147
0.009163
-0.011147
0.009163
-0.014359
-0.001410
-0.014359
-0.001410
0.014496
-0.000699
0.014496
-0.000699
0.010750
0.009750
0.010750
0.009750
0.006191
0.013107
0.006191
0.013107
-0.004883
0.013649
-0.004883
0.013649
0.003506
0.014076
0.003506
0.014076
-0.007469
0.012436
-0.007469
0.012436
-0.011665
0.008606
-0.011665
0.008606
-0.014336
-0.002151
-0.014336
-0.002151
0.002142
0.014336
0.002142
0.014336
-0.008614
0.011665
-0.008614
0.011665
-0.012421
0.007462
-0.012421
0.007462
-0.014061
-0.003500
-0.014061
-0.003500
-0.013672
0.004894
-0.013672
0.004894
-0.013123
-0.006199
-0.013123
-0.006199
-0.009750
-0.010750
-0.009750
-0.010750
0.000699
-0.014496
0.000699
-0.014496
0.014465
-0.000337
0.014465
-0.000337
0.010475
0.009987
0.010475
0.009987
0.005867
0.013237
0.005867
0.013237
-0.005215
0.013527
-0.005215
0.013527
0.003166
0.014122
0.003166
0.014122
-0.007755
0.012238
-0.007755
0.012238
-0.011833
0.008331
-0.011833
0.008331
-0.014244
-0.002476
-0.014244
-0.002476
0.001794
0.014351
0.001794
0.014351
-0.008865
0.011406
-0.008865
0.011406
-0.012566
0.007130
-0.012566
0.007130
-0.013931
-0.003841
-0.013931
-0.003841
-0.013702
0.004547
-0.013702
0.004547
-0.012917
-0.006477
-0.012917
-0.006477
-0.009453
-0.010910
-0.009453
-0.010910
0.001036
-0.014412
0.001036
-0.014412
0.001036
0.014412
0.001036
0.014412
-0.009453
0.010910
-0.009453
0.010910
-0.012917
0.006474
-0.012917
0.006474
-0.013710
-0.004551
-0.013710
-0.004551
-0.013947
0.003813
-0.013947
0.003813
-0.012581
-0.007168
-0.012581
-0.007168
-0.008858
-0.011436
-0.008858
-0.011436
0.001831
-0.014359
0.001831
-0.014359
-0.014244
0.002457
-0.014244
0.002457
-0.011803
-0.008331
-0.011803
-0.008331
-0.007725
-0.012222
-0.007725
-0.012222
0.003172
-0.014091
0.003172
-0.014091
-0.005188
-0.013504
-0.005188
-0.013504
0.005890
-0.013237
0.005890
-0.013237
0.010483
-0.009956
0.010483
-0.009956
0.014458
0.000364
0.014458
0.000364
0.014465
-0.000170
0.014465
-0.000170
0.010338
0.010101
0.010338
0.010101
0.005692
0.013306
0.005692
0.013306
-0.005375
0.013435
-0.005375
0.013435
0.002998
0.014183
0.002998
0.014183
-0.007919
0.012169
-0.007919
0.012169
-0.011963
0.008224
-0.011963
0.008224
-0.014275
-0.002640
-0.014275
-0.002640
0.001583
0.014442
0.001583
0.014442
-0.009087
0.011337
-0.009087
0.011337
-0.012733
0.006992
-0.012733
0.006992
-0.013939
-0.004059
-0.013939
-0.004059
-0.013756
0.004341
-0.013756
0.004341
-0.012817
-0.006660
-0.012817
-0.006660
-0.009308
-0.011070
-0.009308
-0.011070
0.001244
-0.014412
0.001244
-0.014412
0.000866
0.014534
0.000866
0.014534
-0.009659
0.010887
-0.009659
0.010887
-0.013077
0.006359
-0.013077
0.006359
-0.013748
-0.004738
-0.013748
-0.004738
-0.014069
0.003700
-0.014069
0.003700
-0.012550
-0.007324
-0.012550
-0.007324
-0.008781
-0.011574
-0.008781
-0.011574
0.001968
-0.014404
0.001968
-0.014404
-0.014313
0.002291
-0.014313
0.002291
-0.011757
-0.008514
-0.011757
-0.008514
-0.007618
-0.012367
-0.007618
-0.012367
0.003355
-0.014130
0.003355
-0.014130
-0.005054
-0.013596
-0.005054
-0.013596
0.006035
-0.013184
0.006035
-0.013184
0.010635
-0.009865
0.010635
-0.009865
0.014496
0.000547
0.014496
0.000547
0.000553
0.014465
0.000553
0.014465
-0.009842
0.010612
-0.009842
0.010612
-0.013138
0.006046
-0.013138
0.006046
-0.013580
-0.005016
-0.013580
-0.005016
-0.014069
0.003349
-0.014069
0.003349
-0.012321
-0.007584
-0.012321
-0.007584
-0.008476
-0.011726
-0.008476
-0.011726
0.002293
-0.014297
0.002293
-0.014297
-0.014381
0.001961
-0.014381
0.001961
-0.011551
-0.008774
-0.011551
-0.008774
-0.007320
-0.012527
-0.007320
-0.012527
0.003674
-0.014023
0.003674
-0.014023
-0.004738
-0.013733
-0.004738
-0.013733
0.006348
-0.013062
0.006348
-0.013062
0.010864
-0.009621
0.010864
-0.009621
0.014488
0.000876
0.014488
0.000876
-0.014412
0.001244
-0.014412
0.001244
-0.011070
-0.009308
-0.011070
-0.009308
-0.006660
-0.012817
-0.006660
-0.012817
0.004341
-0.013756
0.004341
-0.013756
-0.004059
-0.013939
-0.004059
-0.013939
0.006992
-0.012733
0.006992
-0.012733
0.011337
-0.009087
0.011337
-0.009087
0.014442
0.001583
0.014442
0.001583
-0.002640
-0.014275
-0.002640
-0.014275
0.008224
-0.011963
0.008224
-0.011963
0.012169
-0.007919
0.012169
-0.007919
0.014183
0.002998
0.014183
0.002998
0.013435
-0.005375
0.013435
-0.005375
0.013306
0.005692
0.013306
0.005692
0.010101
0.010338
0.010101
0.010338
-0.000170
0.014465
-0.000170
0.014465
0.014381
-0.000070
0.014381
-0.000070
0.010246
0.010132
0.010246
0.010132
0.005577
0.013359
0.005577
0.013359
-0.005466
0.013313
-0.005466
0.013313
0.002905
0.014153
0.002905
0.014153
-0.007942
0.012062
-0.007942
0.012062
-0.011963
0.008102
-0.011963
0.008102
-0.014183
-0.002731
-0.014183
-0.002731
0.001489
0.014374
0.001489
0.014374
-0.009117
0.011230
-0.009117
0.011230
-0.012711
0.006878
-0.012711
0.006878
-0.013855
-0.004116
-0.013855
-0.004116
-0.013779
0.004246
-0.013779
0.004246
-0.012718
-0.006721
-0.012718
-0.006721
-0.009193
-0.011078
-0.009193
-0.011078
0.001329
-0.014336
0.001329
-0.014336
0.000777
0.014435
0.000777
0.014435
-0.009659
0.010765
-0.009659
0.010765
-0.013046
0.006264
-0.013046
0.006264
-0.013649
-0.004803
-0.013649
-0.004803
-0.013992
0.003607
-0.013992
0.003607
-0.012428
-0.007336
-0.012428
-0.007336
-0.008675
-0.011566
-0.008675
-0.011566
0.002033
-0.014297
0.002033
-0.014297
-0.014282
0.002216
-0.014282
0.002216
-0.011673
-0.008530
-0.011673
-0.008530
-0.007530
-0.012344
-0.007530
-0.012344
0.003395
-0.014038
0.003395
-0.014038
-0.004967
-0.013527
-0.004967
-0.013527
0.006058
-0.013084
0.006058
-0.013084
0.010612
-0.009766
0.010612
-0.009766
0.014427
0.000615
0.014427
0.000615
0.000450
0.014435
0.000450
0.014435
-0.009880
0.010529
-0.009880
0.010529
-0.013153
0.005928
-0.013153
0.005928
-0.013504
-0.005116
-0.013504
-0.005116
-0.014076
0.003248
-0.014076
0.003248
-0.012238
-0.007656
-0.012238
-0.007656
-0.008385
-0.011757
-0.008385
-0.011757
0.002373
-0.014229
0.002373
-0.014229
-0.014328
0.001872
-0.014328
0.001872
-0.011459
-0.008812
-0.011459
-0.008812
-0.007202
-0.012550
-0.007202
-0.012550
0.003777
-0.013985
0.003777
-0.013985
-0.004616
-0.013710
-0.004616
-0.013710
0.006432
-0.012955
0.006432
-0.012955
0.010887
-0.009514
0.010887
-0.009514
0.014412
0.000963
0.014412
0.000963
-0.014374
0.001154
-0.014374
0.001154
-0.010979
-0.009354
-0.010979
-0.009354
-0.006565
-0.012840
-0.006565
-0.012840
0.004429
-0.013725
0.004429
-0.013725
-0.003952
-0.013908
-0.003952
-0.013908
0.007034
-0.012634
0.007034
-0.012634
0.011330
-0.008957
0.011330
-0.008957
0.014351
0.001672
0.014351
0.001672
-0.002571
-0.014206
-0.002571
-0.014206
0.008232
-0.011856
0.008232
-0.011856
0.012169
-0.007801
0.012169
-0.007801
0.014114
0.003077
0.014114
0.003077
0.013397
-0.005264
0.013397
-0.005264
0.013214
0.005756
0.013214
0.005756
0.010002
0.010368
0.010002
0.010368
-0.000256
0.014389
-0.000256
0.014389
0.000256
0.014389
0.000256
0.014389
-0.010002
0.010368
-0.010002
0.010368
-0.013214
0.005756
-0.013214
0.005756
-0.013397
-0.005264
-0.013397
-0.005264
-0.014114
0.003077
-0.014114
0.003077
-0.012169
-0.007801
-0.012169
-0.007801
-0.008232
-0.011856
-0.008232
-0.011856
0.002571
-0.014206
0.002571
-0.014206
-0.014351
0.001672
-0.014351
0.001672
-0.011330
-0.008957
-0.011330
-0.008957
-0.007034
-0.012634
-0.007034
-0.012634
0.003952
-0.013908
0.003952
-0.013908
-0.004429
-0.013725
-0.004429
-0.013725
0.006565
-0.012840
0.006565
-0.012840
0.010979
-0.009354
0.010979
-0.009354
0.014374
0.001154
0.014374
0.001154
-0.014412
0.000963
-0.014412
0.000963
-0.010887
-0.009514
-0.010887
-0.009514
-0.006432
-0.012955
-0.006432
-0.012955
0.004616
-0.013710
0.004616
-0.013710
-0.003777
-0.013985
-0.003777
-0.013985
0.007202
-0.012550
0.007202
-0.012550
0.011459
-0.008812
0.011459
-0.008812
0.014328
0.001872
0.014328
0.001872
-0.002373
-0.014229
-0.002373
-0.014229
0.008385
-0.011757
0.008385
-0.011757
0.012238
-0.007656
0.012238
-0.007656
0.014076
0.003248
0.014076
0.003248
0.013504
-0.005116
0.013504
-0.005116
0.013153
0.005928
0.013153
0.005928
0.009880
0.010529
0.009880
0.010529
-0.000450
0.014435
-0.000450
0.014435
-0.014427
0.000615
-0.014427
0.000615
-0.010612
-0.009766
-0.010612
-0.009766
-0.006058
-0.013084
-0.006058
-0.013084
0.004967
-0.013527
0.004967
-0.013527
-0.003395
-0.014038
-0.003395
-0.014038
0.007530
-0.012344
0.007530
-0.012344
0.011673
-0.008530
0.011673
-0.008530
0.014282
0.002216
0.014282
0.002216
-0.002033
-0.014297
-0.002033
-0.014297
0.008675
-0.011566
0.008675
-0.011566
0.012428
-0.007336
0.012428
-0.007336
0.013992
0.003607
0.013992
0.003607
0.013649
-0.004803
0.013649
-0.004803
0.013046
0.006264
0.013046
0.006264
0.009659
0.010765
0.009659
0.010765
-0.000777
0.014435
-0.000777
0.014435
-0.001329
-0.014336
-0.001329
-0.014336
0.009193
-0.011078
0.009193
-0.011078
0.012718
-0.006721
0.012718
-0.006721
0.013779
0.004246
0.013779
0.004246
0.013855
-0.004116
0.013855
-0.004116
0.012711
0.006878
0.012711
0.006878
0.009117
0.011230
0.009117
0.011230
-0.001489
0.014374
-0.001489
0.014374
0.014183
-0.002731
0.014183
-0.002731
0.011963
0.008102
0.011963
0.008102
0.007942
0.012062
0.007942
0.012062
-0.002905
0.014153
-0.002905
0.014153
0.005466
0.013313
0.005466
0.013313
-0.005577
0.013359
-0.005577
0.013359
-0.010246
0.010132
-0.010246
0.010132
-0.014381
-0.000070
-0.014381
-0.000070
0.014381
0.000000
0.014381
0.000000
0.010193
0.010162
0.010193
0.010162
0.005497
0.013283
0.005497
0.013283
-0.005497
0.013283
-0.005497
0.013283
0.002827
0.014099
0.002827
0.014099
-0.007965
0.011963
-0.007965
0.011963
-0.011940
0.008041
-0.011940
0.008041
-0.014114
-0.002758
-0.014114
-0.002758
0.001440
0.014374
0.001440
0.014374
-0.009148
0.011177
-0.009148
0.011177
-0.012695
0.006828
-0.012695
0.006828
-0.013832
-0.004147
-0.013832
-0.004147
-0.013832
0.004208
-0.013832
0.004208
-0.012749
-0.006809
-0.012749
-0.006809
-0.009201
-0.011154
-0.009201
-0.011154
0.001384
-0.014389
0.001384
-0.014389
0.000763
0.014465
0.000763
0.014465
-0.009674
0.010780
-0.009674
0.010780
-0.013062
0.006256
-0.013062
0.006256
-0.013672
-0.004814
-0.013672
-0.004814
-0.014038
0.003576
-0.014038
0.003576
-0.012459
-0.007397
-0.012459
-0.007397
-0.008659
-0.011574
-0.008659
-0.011574
0.002064
-0.014313
0.002064
-0.014313
-0.014313
0.002193
-0.014313
0.002193
-0.011681
-0.008568
-0.011681
-0.008568
-0.007507
-0.012398
-0.007507
-0.012398
0.003458
-0.014099
0.003458
-0.014099
-0.004944
-0.013596
-0.004944
-0.013596
0.006119
-0.013130
0.006119
-0.013130
0.010674
-0.009796
0.010674
-0.009796
0.014465
0.000620
0.014465
0.000620
0.000407
0.014458
0.000407
0.014458
-0.009933
0.010506
-0.009933
0.010506
-0.013176
0.005913
-0.013176
0.005913
-0.013496
-0.005146
-0.013496
-0.005146
-0.014091
0.003220
-0.014091
0.003220
-0.012245
-0.007687
-0.012245
-0.007687
-0.008362
-0.011795
-0.008362
-0.011795
0.002422
-0.014252
0.002422
-0.014252
-0.014328
0.001837
-0.014328
0.001837
-0.011436
-0.008820
-0.011436
-0.008820
-0.007179
-0.012550
-0.007179
-0.012550
0.003796
-0.013962
0.003796
-0.013962
-0.004589
-0.013680
-0.004589
-0.013680
0.006432
-0.012932
0.006432
-0.012932
0.010880
-0.009476
0.010880
-0.009476
0.014381
0.000993
0.014381
0.000993
-0.014427
0.001117
-0.014427
0.001117
-0.010994
-0.009407
-0.010994
-0.009407
-0.006561
-0.012901
-0.006561
-0.012901
0.004486
-0.013763
0.004486
-0.013763
-0.003910
-0.013939
-0.003910
-0.013939
0.007076
-0.012611
0.007076
-0.012611
0.011353
-0.008957
0.011353
-0.008957
0.014374
0.001694
0.014374
0.001694
-0.002506
-0.014229
-0.002506
-0.014229
0.008293
-0.011848
0.008293
-0.011848
0.012192
-0.007751
0.012192
-0.007751
0.014114
0.003128
0.014114
0.003128
0.013474
-0.005241
0.013474
-0.005241
0.013237
0.005821
0.013237
0.005821
0.009987
0.010429
0.009987
0.010429
-0.000310
0.014442
-0.000310
0.014442
0.000226
0.014458
0.000226
0.014458
-0.010063
0.010376
-0.010063
0.010376
-0.013283
0.005745
-0.013283
0.005745
-0.013451
-0.005325
-0.013451
-0.005325
-0.014145
0.003048
-0.014145
0.003048
-0.012169
-0.007828
-0.012169
-0.007828
-0.008232
-0.011902
-0.008232
-0.011902
0.002590
-0.014229
0.002590
-0.014229
-0.014359
0.001637
-0.014359
0.001637
-0.011314
-0.008995
-0.011314
-0.008995
-0.007019
-0.012657
-0.007019
-0.012657
0.003971
-0.013893
0.003971
-0.013893
-0.004433
-0.013748
-0.004433
-0.013748
0.006592
-0.012871
0.006592
-0.012871
0.011040
-0.009361
0.011040
-0.009361
0.014427
0.001176
0.014427
0.001176
-0.014435
0.000917
-0.014435
0.000917
-0.010841
-0.009560
-0.010841
-0.009560
-0.006374
-0.012955
-0.006374
-0.012955
0.004654
-0.013672
0.004654
-0.013672
-0.003738
-0.014000
-0.003738
-0.014000
0.007256
-0.012558
0.007256
-0.012558
0.011490
-0.008789
0.011490
-0.008789
0.014336
0.001904
0.014336
0.001904
-0.002371
-0.014275
-0.002371
-0.014275
0.008415
-0.011772
0.008415
-0.011772
0.012299
-0.007671
0.012299
-0.007671
0.014099
0.003265
0.014099
0.003265
0.013550
-0.005104
0.013550
-0.005104
0.013176
0.005962
0.013176
0.005962
0.009918
0.010559
0.009918
0.010559
-0.000453
0.014481
-0.000453
0.014481
-0.014465
0.000569
-0.014465
0.000569
-0.010628
-0.009827
-0.010628
-0.009827
-0.006058
-0.013153
-0.006058
-0.013153
0.005013
-0.013580
0.005013
-0.013580
-0.003382
-0.014091
-0.003382
-0.014091
0.007572
-0.012375
0.007572
-0.012375
0.011703
-0.008514
0.011703
-0.008514
0.014297
0.002253
0.014297
0.002253
-0.002008
-0.014282
-0.002008
-0.014282
0.008682
-0.011536
0.008682
-0.011536
0.012428
-0.007336
0.012428
-0.007336
0.013992
0.003607
0.013992
0.003607
0.013657
-0.004742
0.013657
-0.004742
0.013008
0.006310
0.013008
0.006310
0.009598
0.010811
0.009598
0.010811
-0.000842
0.014435
-0.000842
0.014435
-0.001289
-0.014381
-0.001289
-0.014381
0.009247
-0.011070
0.009247
-0.011070
0.012772
-0.006683
0.012772
-0.006683
0.013779
0.004303
0.013779
0.004303
0.013863
-0.004063
0.013863
-0.004063
0.012680
0.006927
0.012680
0.006927
0.009087
0.011253
0.009087
0.011253
-0.001537
0.014389
-0.001537
0.014389
0.014244
-0.002705
0.014244
-0.002705
0.011963
0.008148
0.011963
0.008148
0.007942
0.012115
0.007942
0.012115
-0.002953
0.014183
-0.002953
0.014183
0.005409
0.013374
0.005409
0.013374
-0.005642
0.013283
-0.005642
0.013283
-0.010300
0.010132
-0.010300
0.010132
-0.014435
-0.000119
-0.014435
-0.000119
0.000094
0.014435
0.000094
0.014435
-0.010155
0.010292
-0.010155
0.010292
-0.013313
0.005642
-0.013313
0.005642
-0.013390
-0.005417
-0.013390
-0.005417
-0.014130
0.002924
-0.014130
0.002924
-0.012062
-0.007927
-0.012062
-0.007927
-0.008110
-0.011925
-0.008110
-0.011925
0.002686
-0.014153
0.002686
-0.014153
-0.014359
0.001546
-0.014359
0.001546
-0.011253
-0.009064
-0.011253
-0.009064
-0.006908
-0.012665
-0.006908
-0.012665
0.004066
-0.013863
0.004066
-0.013863
-0.004295
-0.013710
-0.004295
-0.013710
0.006657
-0.012749
0.006657
-0.012749
0.011047
-0.009232
0.011047
-0.009232
0.014351
0.001289
0.014351
0.001289
-0.014374
0.000828
-0.014374
0.000828
-0.010742
-0.009575
-0.010742
-0.009575
-0.006264
-0.012970
-0.006264
-0.012970
0.004730
-0.013596
0.004730
-0.013596
-0.003630
-0.013985
-0.003630
-0.013985
0.007313
-0.012451
0.007313
-0.012451
0.011497
-0.008698
0.011497
-0.008698
0.014297
0.001993
0.014297
0.001993
-0.002253
-0.014297
-0.002253
-0.014297
0.008514
-0.011703
0.008514
-0.011703
0.012329
-0.007553
0.012329
-0.007553
0.014061
0.003382
0.014061
0.003382
0.013580
-0.005013
0.013580
-0.005013
0.013153
0.006058
0.013153
0.006058
0.009827
0.010628
0.009827
0.010628
-0.000569
0.014465
-0.000569
0.014465
-0.014442
0.000488
-0.014442
0.000488
-0.010574
-0.009880
-0.010574
-0.009880
-0.005989
-0.013161
-0.005989
-0.013161
0.005074
-0.013557
0.005074
-0.013557
-0.003317
-0.014122
-0.003317
-0.014122
0.007637
-0.012329
0.007637
-0.012329
0.011749
-0.008461
0.011749
-0.008461
0.014305
0.002338
0.014305
0.002338
-0.001904
-0.014374
-0.001904
-0.014374
0.008812
-0.011497
0.008812
-0.011497
0.012550
-0.007271
0.012550
-0.007271
0.014015
0.003725
0.014015
0.003725
0.013733
-0.004707
0.013733
-0.004707
0.013054
0.006386
0.013054
0.006386
0.009590
0.010880
0.009590
0.010880
-0.000920
0.014481
-0.000920
0.014481
-0.001176
-0.014427
-0.001176
-0.014427
0.009361
-0.011040
0.009361
-0.011040
0.012871
-0.006592
0.012871
-0.006592
0.013748
0.004433
0.013748
0.004433
0.013893
-0.003971
0.013893
-0.003971
0.012657
0.007019
0.012657
0.007019
0.008995
0.011314
0.008995
0.011314
-0.001637
0.014359
-0.001637
0.014359
0.014229
-0.002605
0.014229
-0.002605
0.011887
0.008209
0.011887
0.008209
0.007835
0.012146
0.007835
0.012146
-0.003042
0.014130
-0.003042
0.014130
0.005325
0.013451
0.005325
0.013451
-0.005733
0.013268
-0.005733
0.013268
-0.010376
0.010063
-0.010376
0.010063
-0.014458
-0.000224
-0.014458
-0.000224
-0.014496
0.000305
-0.014496
0.000305
-0.010468
-0.010017
-0.010468
-0.010017
-0.005814
-0.013245
-0.005814
-0.013245
0.005264
-0.013504
0.005264
-0.013504
-0.003107
-0.014130
-0.003107
-0.014130
0.007801
-0.012199
0.007801
-0.012199
0.011902
-0.008293
0.011902
-0.008293
0.014259
0.002541
0.014259
0.002541
-0.001710
-0.014381
-0.001710
-0.014381
0.008957
-0.011383
0.008957
-0.011383
0.012619
-0.007099
0.012619
-0.007099
0.013939
0.003897
0.013939
0.003897
0.013763
-0.004494
0.013763
-0.004494
0.012894
0.006550
0.012894
0.006550
0.009407
0.010994
0.009407
0.010994
-0.001117
0.014427
-0.001117
0.014427
-0.000993
-0.014381
-0.000993
-0.014381
0.009476
-0.010880
0.009476
-0.010880
0.012932
-0.006432
0.012932
-0.006432
0.013680
0.004589
0.013680
0.004589
0.013908
-0.003773
0.013908
-0.003773
0.012505
0.007168
0.012505
0.007168
0.008812
0.011391
0.008812
0.011391
-0.001812
0.014275
-0.001812
0.014275
0.014229
-0.002432
0.014229
-0.002432
0.011803
0.008347
0.011803
0.008347
0.007710
0.012245
0.007710
0.012245
-0.003206
0.014099
-0.003206
0.014099
0.005146
0.013466
0.005146
0.013466
-0.005878
0.013161
-0.005878
0.013161
-0.010475
0.009949
-0.010475
0.009949
-0.014442
-0.000367
-0.014442
-0.000367
-0.000642
-0.014458
-0.000642
-0.014458
0.009773
-0.010681
0.009773
-0.010681
0.013107
-0.006119
0.013107
-0.006119
0.013618
0.004940
0.013618
0.004940
0.014076
-0.003450
0.014076
-0.003450
0.012383
0.007507
0.012383
0.007507
0.008575
0.011673
0.008575
0.011673
-0.002176
0.014328
-0.002176
0.014328
0.014313
-0.002064
0.014313
-0.002064
0.011574
0.008659
0.011574
0.008659
0.007378
0.012436
0.007378
0.012436
-0.003576
0.014015
-0.003576
0.014015
0.004826
0.013657
0.004826
0.013657
-0.006252
0.013084
-0.006252
0.013084
-0.010780
0.009682
-0.010780
0.009682
-0.014465
-0.000763
-0.014465
-0.000763
0.014359
-0.001408
0.014359
-0.001408
0.011147
0.009171
0.011147
0.009171
0.006779
0.012749
0.006779
0.012749
-0.004208
0.013802
-0.004208
0.013802
0.004166
0.013832
0.004166
0.013832
-0.006828
0.012733
-0.006828
0.012733
-0.011177
0.009148
-0.011177
0.009148
-0.014374
-0.001435
-0.014374
-0.001435
0.002758
0.014114
0.002758
0.014114
-0.008041
0.011940
-0.008041
0.011940
-0.011993
0.007973
-0.011993
0.007973
-0.014130
-0.002838
-0.014130
-0.002838
-0.013344
0.005527
-0.013344
0.005527
-0.013344
-0.005527
-0.013344
-0.005527
-0.010185
-0.010239
-0.010185
-0.010239
0.000000
-0.014442
0.000000
-0.014442
0.014381
0.000000
0.014381
0.000000
0.010193
0.010162
0.010193
0.010162
0.005497
0.013283
0.005497
0.013283
-0.005497
0.013283
-0.005497
0.013283
0.002827
0.014099
0.002827
0.014099
-0.007965
0.011963
-0.007965
0.011963
-0.011940
0.008041
-0.011940
0.008041
-0.014114
-0.002758
-0.014114
-0.002758
0.001440
0.014374
0.001440
0.014374
-0.009148
0.011177
-0.009148
0.011177
-0.012695
0.006828
-0.012695
0.006828
-0.013832
-0.004147
-0.013832
-0.004147
-0.013832
0.004208
-0.013832
0.004208
-0.012749
-0.006809
-0.012749
-0.006809
-0.009201
-0.011154
-0.009201
-0.011154
0.001384
-0.014389
0.001384
-0.014389
0.000752
0.014481
0.000752
0.014481
-0.009697
0.010773
-0.009697
0.010773
-0.013084
0.006214
-0.013084
0.006214
-0.013649
-0.004856
-0.013649
-0.004856
-0.014015
0.003536
-0.014015
0.003536
-0.012428
-0.007412
-0.012428
-0.007412
-0.008652
-0.011612
-0.008652
-0.011612
0.002090
-0.014328
0.002090
-0.014328
-0.014328
0.002171
-0.014328
0.002171
-0.011673
-0.008591
-0.011673
-0.008591
-0.007492
-0.012405
-0.007492
-0.012405
0.003464
-0.014069
0.003464
-0.014069
-0.004955
-0.013649
-0.004955
-0.013649
0.006138
-0.013138
0.006138
-0.013138
0.010704
-0.009773
0.010704
-0.009773
0.014481
0.000650
0.014481
0.000650
0.000378
0.014458
0.000378
0.014458
-0.009949
0.010490
-0.009949
0.010490
-0.013184
0.005878
-0.013184
0.005878
-0.013489
-0.005169
-0.013489
-0.005169
-0.014091
0.003185
-0.014091
0.003185
-0.012215
-0.007713
-0.012215
-0.007713
-0.008339
-0.011803
-0.008339
-0.011803
0.002443
-0.014244
0.002443
-0.014244
-0.014336
0.001810
-0.014336
0.001810
-0.011421
-0.008850
-0.011421
-0.008850
-0.007149
-0.012566
-0.007149
-0.012566
0.003832
-0.013962
0.003832
-0.013962
-0.004570
-0.013687
-0.004570
-0.013687
0.006451
-0.012924
0.006451
-0.012924
0.010910
-0.009460
0.010910
-0.009460
0.014389
0.001017
0.014389
0.001017
-0.014412
0.001036
-0.014412
0.001036
-0.010910
-0.009453
-0.010910
-0.009453
-0.006474
-0.012917
-0.006474
-0.012917
0.004551
-0.013710
0.004551
-0.013710
-0.003841
-0.013931
-0.003841
-0.013931
0.007130
-0.012566
0.007130
-0.012566
0.011406
-0.008865
0.011406
-0.008865
0.014351
0.001794
0.014351
0.001794
-0.002480
-0.014198
-0.002480
-0.014198
0.008278
-0.011803
0.008278
-0.011803
0.012169
-0.007725
0.012169
-0.007725
0.014069
0.003139
0.014069
0.003139
0.013474
-0.005196
0.013474
-0.005196
0.013191
0.005852
0.013191
0.005852
0.009964
0.010452
0.009964
0.010452
-0.000335
0.014442
-0.000335
0.014442
0.000194
0.014488
0.000194
0.014488
-0.010109
0.010391
-0.010109
0.010391
-0.013306
0.005730
-0.013306
0.005730
-0.013451
-0.005356
-0.013451
-0.005356
-0.014183
0.003016
-0.014183
0.003016
-0.012146
-0.007889
-0.012146
-0.007889
-0.008232
-0.011978
-0.008232
-0.011978
0.002630
-0.014259
0.002630
-0.014259
-0.014465
0.001629
-0.014465
0.001629
-0.011368
-0.009087
-0.011368
-0.009087
-0.007034
-0.012764
-0.007034
-0.012764
0.004040
-0.013985
0.004040
-0.013985
-0.004398
-0.013802
-0.004398
-0.013802
0.006653
-0.012871
0.006653
-0.012871
0.011070
-0.009354
0.011070
-0.009354
0.014435
0.001211
0.014435
0.001211
-0.014442
0.000912
-0.014442
0.000912
-0.010872
-0.009583
-0.010872
-0.009583
-0.006374
-0.013023
-0.006374
-0.013023
0.004688
-0.013702
0.004688
-0.013702
-0.003717
-0.014000
-0.003717
-0.014000
0.007271
-0.012535
0.007271
-0.012535
0.011497
-0.008766
0.011497
-0.008766
0.014328
0.001934
0.014328
0.001934
-0.002337
-0.014282
-0.002337
-0.014282
0.008453
-0.011757
0.008453
-0.011757
0.012276
-0.007610
0.012276
-0.007610
0.014076
0.003311
0.014076
0.003311
0.013557
-0.005070
0.013557
-0.005070
0.013176
0.005997
0.013176
0.005997
0.009857
0.010574
0.009857
0.010574
-0.000507
0.014458
-0.000507
0.014458
-0.014458
0.000539
-0.014458
0.000539
-0.010590
-0.009842
-0.010590
-0.009842
-0.006027
-0.013153
-0.006027
-0.013153
0.005032
-0.013557
0.005032
-0.013557
-0.003334
-0.014046
-0.003334
-0.014046
0.007572
-0.012276
0.007572
-0.012276
0.011726
-0.008461
0.011726
-0.008461
0.014252
0.002291
0.014252
0.002291
-0.001961
-0.014305
-0.001961
-0.014305
0.008728
-0.011490
0.008728
-0.011490
0.012451
-0.007282
0.012451
-0.007282
0.013969
0.003662
0.013969
0.003662
0.013657
-0.004715
0.013657
-0.004715
0.013000
0.006340
0.013000
0.006340
0.009583
0.010818
0.009583
0.010818
-0.000879
0.014427
-0.000879
0.014427
-0.001273
-0.014328
-0.001273
-0.014328
0.009232
-0.011024
0.009232
-0.011024
0.012764
-0.006653
0.012764
-0.006653
0.013733
0.004322
0.013733
0.004322
0.013870
-0.004059
0.013870
-0.004059
0.012688
0.006935
0.012688
0.006935
0.009064
0.011276
0.009064
0.011276
-0.001556
0.014374
-0.001556
0.014374
0.014206
-0.002676
0.014206
-0.002676
0.011940
0.008163
0.011940
0.008163
0.007927
0.012108
0.007927
0.012108
-0.002951
0.014183
-0.002951
0.014183
0.005398
0.013412
0.005398
0.013412
-0.005657
0.013306
-0.005657
0.013306
-0.010315
0.010109
-0.010315
0.010109
-0.014435
-0.000146
-0.014435
-0.000146
0.000076
0.014389
0.000076
0.014389
-0.010132
0.010262
-0.010132
0.010262
-0.013336
0.005589
-0.013336
0.005589
-0.013283
-0.005440
-0.013283
-0.005440
-0.014099
0.002907
-0.014099
0.002907
-0.012039
-0.007919
-0.012039
-0.007919
-0.008072
-0.011887
-0.008072
-0.011887
0.002686
-0.014130
0.002686
-0.014130
-0.014359
0.001546
-0.014359
0.001546
-0.011253
-0.009064
-0.011253
-0.009064
-0.006908
-0.012665
-0.006908
-0.012665
0.004066
-0.013863
0.004066
-0.013863
-0.004295
-0.013710
-0.004295
-0.013710
0.006657
-0.012749
0.006657
-0.012749
0.011047
-0.009232
0.011047
-0.009232
0.014351
0.001289
0.014351
0.001289
-0.014374
0.000823
-0.014374
0.000823
-0.010742
-0.009583
-0.010742
-0.009583
-0.006264
-0.012970
-0.006264
-0.012970
0.004738
-0.013596
0.004738
-0.013596
-0.003620
-0.013947
-0.003620
-0.013947
0.007309
-0.012421
0.007309
-0.012421
0.011513
-0.008675
0.011513
-0.008675
0.014275
0.002005
0.014275
0.002005
-0.002230
-0.014198
-0.002230
-0.014198
0.008461
-0.011597
0.008461
-0.011597
0.012291
-0.007500
0.012291
-0.007500
0.013992
0.003376
0.013992
0.003376
0.013519
-0.004967
0.013519
-0.004967
0.013054
0.006042
0.013054
0.006042
0.009766
0.010590
0.009766
0.010590
-0.000580
0.014389
-0.000580
0.014389
-0.014442
0.000485
-0.014442
0.000485
-0.010574
-0.009880
-0.010574
-0.009880
-0.005978
-0.013184
-0.005978
-0.013184
0.005093
-0.013550
0.005093
-0.013550
-0.003269
-0.014069
-0.003269
-0.014069
0.007633
-0.012245
0.007633
-0.012245
0.011749
-0.008392
0.011749
-0.008392
0.014252
0.002369
0.014252
0.002369
-0.001923
-0.014305
-0.001923
-0.014305
0.008759
-0.011482
0.008759
-0.011482
0.012451
-0.007256
0.012451
-0.007256
0.013962
0.003681
0.013962
0.003681
0.013687
-0.004684
0.013687
-0.004684
0.013008
0.006371
0.013008
0.006371
0.009560
0.010841
0.009560
0.010841
-0.000909
0.014427
-0.000909
0.014427
-0.001168
-0.014389
-0.001168
-0.014389
0.009354
-0.011017
0.009354
-0.011017
0.012840
-0.006592
0.012840
-0.006592
0.013756
0.004421
0.013756
0.004421
0.013870
-0.003952
0.013870
-0.003952
0.012604
0.007008
0.012604
0.007008
0.008957
0.011284
0.008957
0.011284
-0.001651
0.014313
-0.001651
0.014313
0.014183
-0.002590
0.014183
-0.002590
0.011856
0.008202
0.011856
0.008202
0.007812
0.012115
0.007812
0.012115
-0.003044
0.014114
-0.003044
0.014114
0.005306
0.013466
0.005306
0.013466
-0.005756
0.013260
-0.005756
0.013260
-0.010391
0.010040
-0.010391
0.010040
-0.014442
-0.000245
-0.014442
-0.000245
-0.014442
0.000310
-0.014442
0.000310
-0.010429
-0.009987
-0.010429
-0.009987
-0.005821
-0.013237
-0.005821
-0.013237
0.005241
-0.013474
0.005241
-0.013474
-0.003128
-0.014114
-0.003128
-0.014114
0.007751
-0.012192
0.007751
-0.012192
0.011848
-0.008293
0.011848
-0.008293
0.014229
0.002506
0.014229
0.002506
-0.001694
-0.014374
-0.001694
-0.014374
0.008957
-0.011353
0.008957
-0.011353
0.012611
-0.007076
0.012611
-0.007076
0.013939
0.003910
0.013939
0.003910
0.013763
-0.004486
0.013763
-0.004486
0.012901
0.006561
0.012901
0.006561
0.009407
0.010994
0.009407
0.010994
-0.001117
0.014427
-0.001117
0.014427
-0.000993
-0.014381
-0.000993
-0.014381
0.009476
-0.010880
0.009476
-0.010880
0.012932
-0.006432
0.012932
-0.006432
0.013680
0.004589
0.013680
0.004589
0.013962
-0.003796
0.013962
-0.003796
0.012550
0.007179
0.012550
0.007179
0.008820
0.011436
0.008820
0.011436
-0.001837
0.014328
-0.001837
0.014328
0.014252
-0.002422
0.014252
-0.002422
0.011795
0.008362
0.011795
0.008362
0.007687
0.012245
0.007687
0.012245
-0.003220
0.014091
-0.003220
0.014091
0.005146
0.013496
0.005146
0.013496
-0.005913
0.013176
-0.005913
0.013176
-0.010506
0.009933
-0.010506
0.009933
-0.014458
-0.000407
-0.014458
-0.000407
-0.000620
-0.014465
-0.000620
-0.014465
0.009796
-0.010674
0.009796
-0.010674
0.013130
-0.006119
0.013130
-0.006119
0.013596
0.004944
0.013596
0.004944
0.014099
-0.003458
0.014099
-0.003458
0.012398
0.007507
0.012398
0.007507
0.008568
0.011681
0.008568
0.011681
-0.002193
0.014313
-0.002193
0.014313
0.014313
-0.002064
0.014313
-0.002064
0.011574
0.008659
0.011574
0.008659
0.007397
0.012459
0.007397
0.012459
-0.003576
0.014038
-0.003576
0.014038
0.004814
0.013672
0.004814
0.013672
-0.006256
0.013062
-0.006256
0.013062
-0.010780
0.009674
-0.010780
0.009674
-0.014465
-0.000763
-0.014465
-0.000763
0.014389
-0.001384
0.014389
-0.001384
0.011154
0.009201
0.011154
0.009201
0.006809
0.012749
0.006809
0.012749
-0.004208
0.013832
-0.004208
0.013832
0.004147
0.013832
0.004147
0.013832
-0.006828
0.012695
-0.006828
0.012695
-0.011177
0.009148
-0.011177
0.009148
-0.014374
-0.001440
-0.014374
-0.001440
0.002758
0.014114
0.002758
0.014114
-0.008041
0.011940
-0.008041
0.011940
-0.011963
0.007965
-0.011963
0.007965
-0.014099
-0.002827
-0.014099
-0.002827
-0.013283
0.005497
-0.013283
0.005497
-0.013283
-0.005497
-0.013283
-0.005497
-0.010162
-0.010193
-0.010162
-0.010193
0.000000
-0.014381
0.000000
-0.014381
0.000000
0.014427
0.000000
0.014427
-0.010162
0.010277
-0.010162
0.010277
-0.013397
0.005589
-0.013397
0.005589
-0.013359
-0.005482
-0.013359
-0.005482
-0.014153
0.002897
-0.014153
0.002897
-0.012062
-0.007950
-0.012062
-0.007950
-0.008080
-0.011940
-0.008080
-0.011940
0.002735
-0.014175
0.002735
-0.014175
-0.014374
0.001492
-0.014374
0.001492
-0.011223
-0.009109
-0.011223
-0.009109
-0.006874
-0.012711
-0.006874
-0.012711
0.004120
-0.013855
0.004120
-0.013855
-0.004257
-0.013802
-0.004257
-0.013802
0.006737
-0.012764
0.006737
-0.012764
0.011124
-0.009216
0.011124
-0.009216
0.014381
0.001343
0.014381
0.001343
-0.014458
0.000798
-0.014458
0.000798
-0.010796
-0.009666
-0.010796
-0.009666
-0.006283
-0.013062
-0.006283
-0.013062
0.004795
-0.013687
0.004795
-0.013687
-0.003593
-0.013992
-0.003593
-0.013992
0.007347
-0.012436
0.007347
-0.012436
0.011566
-0.008675
0.011566
-0.008675
0.014305
0.002047
0.014305
0.002047
-0.002184
-0.014297
-0.002184
-0.014297
0.008553
-0.011665
0.008553
-0.011665
0.012367
-0.007504
0.012367
-0.007504
0.014046
0.003439
0.014046
0.003439
0.013596
-0.004963
0.013596
-0.004963
0.013107
0.006096
0.013107
0.006096
0.009796
0.010651
0.009796
0.010651
-0.000609
0.014458
-0.000609
0.014458
-0.014465
0.000405
-0.014465
0.000405
-0.010521
-0.009949
-0.010521
-0.009949
-0.005932
-0.013229
-0.005932
-0.013229
0.005157
-0.013550
0.005157
-0.013550
-0.003231
-0.014122
-0.003231
-0.014122
0.007690
-0.012253
0.007690
-0.012253
0.011795
-0.008392
0.011795
-0.008392
0.014282
0.002415
0.014282
0.002415
-0.001831
-0.014374
-0.001831
-0.014374
0.008865
-0.011459
0.008865
-0.011459
0.012566
-0.007214
0.012566
-0.007214
0.014000
0.003798
0.014000
0.003798
0.013756
-0.004635
0.013756
-0.004635
0.013000
0.006447
0.013000
0.006447
0.009529
0.010941
0.009529
0.010941
-0.000984
0.014481
-0.000984
0.014481
-0.001138
-0.014465
-0.001138
-0.014465
0.009430
-0.011040
0.009430
-0.011040
0.012947
-0.006580
0.012947
-0.006580
0.013809
0.004498
0.013809
0.004498
0.013947
-0.003944
0.013947
-0.003944
0.012665
0.007076
0.012665
0.007076
0.008972
0.011368
0.008972
0.011368
-0.001686
0.014389
-0.001686
0.014389
0.014259
-0.002541
0.014259
-0.002541
0.011902
0.008293
0.011902
0.008293
0.007812
0.012199
0.007812
0.012199
-0.003099
0.014130
-0.003099
0.014130
0.005299
0.013496
0.005299
0.013496
-0.005787
0.013306
-0.005787
0.013306
-0.010452
0.010063
-0.010452
0.010063
-0.014496
-0.000264
-0.014496
-0.000264
-0.014496
0.000264
-0.014496
0.000264
-0.010452
-0.010063
-0.010452
-0.010063
-0.005787
-0.013306
-0.005787
-0.013306
0.005299
-0.013496
0.005299
-0.013496
-0.003099
-0.014130
-0.003099
-0.014130
0.007812
-0.012199
0.007812
-0.012199
0.011902
-0.008293
0.011902
-0.008293
0.014259
0.002541
0.014259
0.002541
-0.001686
-0.014389
-0.001686
-0.014389
0.008972
-0.011368
0.008972
-0.011368
0.012665
-0.007076
0.012665
-0.007076
0.013947
0.003944
0.013947
0.003944
0.013809
-0.004498
0.013809
-0.004498
0.012947
0.006580
0.012947
0.006580
0.009430
0.011040
0.009430
0.011040
-0.001138
0.014465
-0.001138
0.014465
-0.000984
-0.014481
-0.000984
-0.014481
0.009529
-0.010941
0.009529
-0.010941
0.013000
-0.006447
0.013000
-0.006447
0.013756
0.004635
0.013756
0.004635
0.014000
-0.003798
0.014000
-0.003798
0.012566
0.007214
0.012566
0.007214
0.008865
0.011459
0.008865
0.011459
-0.001831
0.014374
-0.001831
0.014374
0.014282
-0.002415
0.014282
-0.002415
0.011795
0.008392
0.011795
0.008392
0.007690
0.012253
0.007690
0.012253
-0.003231
0.014122
-0.003231
0.014122
0.005157
0.013550
0.005157
0.013550
-0.005932
0.013229
-0.005932
0.013229
-0.010521
0.009949
-0.010521
0.009949
-0.014465
-0.000405
-0.014465
-0.000405
-0.000609
-0.014458
-0.000609
-0.014458
0.009796
-0.010651
0.009796
-0.010651
0.013107
-0.006096
0.013107
-0.006096
0.013596
0.004963
0.013596
0.004963
0.014046
-0.003439
0.014046
-0.003439
0.012367
0.007504
0.012367
0.007504
0.008553
0.011665
0.008553
0.011665
-0.002184
0.014297
-0.002184
0.014297
0.014305
-0.002047
0.014305
-0.002047
0.011566
0.008675
0.011566
0.008675
0.007347
0.012436
0.007347
0.012436
-0.003593
0.013992
-0.003593
0.013992
0.004795
0.013687
0.004795
0.013687
-0.006283
0.013062
-0.006283
0.013062
-0.010796
0.009666
-0.010796
0.009666
-0.014458
-0.000798
-0.014458
-0.000798
0.014381
-0.001343
0.014381
-0.001343
0.011124
0.009216
0.011124
0.009216
0.006737
0.012764
0.006737
0.012764
-0.004257
0.013802
-0.004257
0.013802
0.004120
0.013855
0.004120
0.013855
-0.006874
0.012711
-0.006874
0.012711
-0.011223
0.009109
-0.011223
0.009109
-0.014374
-0.001492
-0.014374
-0.001492
0.002735
0.014175
0.002735
0.014175
-0.008080
0.011940
-0.008080
0.011940
-0.012062
0.007950
-0.012062
0.007950
-0.014153
-0.002897
-0.014153
-0.002897
-0.013359
0.005482
-0.013359
0.005482
-0.013397
-0.005589
-0.013397
-0.005589
-0.010162
-0.010277
-0.010162
-0.010277
0.000000
-0.014427
0.000000
-0.014427
-0.014435
0.000119
-0.014435
0.000119
-0.010300
-0.010132
-0.010300
-0.010132
-0.005642
-0.013283
-0.005642
-0.013283
0.005409
-0.013374
0.005409
-0.013374
-0.002953
-0.014183
-0.002953
-0.014183
0.007942
-0.012115
0.007942
-0.012115
0.011963
-0.008148
0.011963
-0.008148
0.014244
0.002705
0.014244
0.002705
-0.001546
-0.014427
-0.001546
-0.014427
0.009102
-0.011299
0.009102
-0.011299
0.012733
-0.006954
0.012733
-0.006954
0.013916
0.004086
0.013916
0.004086
0.013779
-0.004326
0.013779
-0.004326
0.012817
0.006687
0.012817
0.006687
0.009270
0.011093
0.009270
0.011093
-0.001276
0.014381
-0.001276
0.014381
-0.000842
-0.014435
-0.000842
-0.014435
0.009598
-0.010811
0.009598
-0.010811
0.013008
-0.006310
0.013008
-0.006310
0.013657
0.004742
0.013657
0.004742
0.013985
-0.003630
0.013985
-0.003630
0.012451
0.007313
0.012451
0.007313
0.008698
0.011497
0.008698
0.011497
-0.001993
0.014297
-0.001993
0.014297
0.014297
-0.002293
0.014297
-0.002293
0.011726
0.008476
0.011726
0.008476
0.007584
0.012321
0.007584
0.012321
-0.003349
0.014069
-0.003349
0.014069
0.005016
0.013580
0.005016
0.013580
-0.006046
0.013138
-0.006046
0.013138
-0.010612
0.009842
-0.010612
0.009842
-0.014465
-0.000553
-0.014465
-0.000553
-0.000483
-0.014496
-0.000483
-0.014496
0.009911
-0.010582
0.009911
-0.010582
0.013229
-0.005993
0.013229
-0.005993
0.013596
0.005108
0.013596
0.005108
0.014091
-0.003277
0.014091
-0.003277
0.012268
0.007648
0.012268
0.007648
0.008438
0.011757
0.008438
0.011757
-0.002346
0.014282
-0.002346
0.014282
0.014389
-0.001904
0.014389
-0.001904
0.011520
0.008827
0.011520
0.008827
0.007271
0.012550
0.007271
0.012550
-0.003738
0.014023
-0.003738
0.014023
0.004692
0.013748
0.004692
0.013748
-0.006397
0.013031
-0.006397
0.013031
-0.010895
0.009583
-0.010895
0.009583
-0.014481
-0.000930
-0.014481
-0.000930
0.014427
-0.001214
0.014427
-0.001214
0.011055
0.009331
0.011055
0.009331
0.006630
0.012848
0.006630
0.012848
-0.004402
0.013786
-0.004402
0.013786
0.004017
0.013985
0.004017
0.013985
-0.007034
0.012718
-0.007034
0.012718
-0.011353
0.009064
-0.011353
0.009064
-0.014442
-0.001629
-0.014442
-0.001629
0.002630
0.014259
0.002630
0.014259
-0.008232
0.011978
-0.008232
0.011978
-0.012146
0.007889
-0.012146
0.007889
-0.014183
-0.003016
-0.014183
-0.003016
-0.013451
0.005356
-0.013451
0.005356
-0.013306
-0.005730
-0.013306
-0.005730
-0.010086
-0.010368
-0.010086
-0.010368
0.000197
-0.014481
0.000197
-0.014481
-0.000337
-0.014465
-0.000337
-0.014465
0.009987
-0.010475
0.009987
-0.010475
0.013237
-0.005867
0.013237
-0.005867
0.013527
0.005215
0.013527
0.005215
0.014099
-0.003151
0.014099
-0.003151
0.012215
0.007751
0.012215
0.007751
0.008316
0.011826
0.008316
0.011826
-0.002489
0.014244
-0.002489
0.014244
0.014374
-0.001759
0.014374
-0.001759
0.011414
0.008919
0.011414
0.008919
0.007114
0.012611
0.007114
0.012611
-0.003883
0.013947
-0.003883
0.013947
0.004536
0.013763
0.004536
0.013763
-0.006523
0.012947
-0.006523
0.012947
-0.010986
0.009460
-0.010986
0.009460
-0.014458
-0.001076
-0.014458
-0.001076
0.014458
-0.001041
0.014458
-0.001041
0.010963
0.009483
0.010963
0.009483
0.006489
0.012955
0.006489
0.012955
-0.004574
0.013763
-0.004574
0.013763
0.003838
0.013985
0.003838
0.013985
-0.007175
0.012604
-0.007175
0.012604
-0.011459
0.008911
-0.011459
0.008911
-0.014412
-0.001799
-0.014412
-0.001799
0.002436
0.014297
0.002436
0.014297
-0.008392
0.011848
-0.008392
0.011848
-0.012253
0.007702
-0.012253
0.007702
-0.014114
-0.003220
-0.014114
-0.003220
-0.013542
0.005180
-0.013542
0.005180
-0.013245
-0.005913
-0.013245
-0.005913
-0.009972
-0.010536
-0.009972
-0.010536
0.000405
-0.014496
0.000405
-0.014496
0.014496
-0.000690
0.014496
-0.000690
0.010742
0.009750
0.010742
0.009750
0.006176
0.013123
0.006176
0.013123
-0.004906
0.013634
-0.004906
0.013634
0.003479
0.014091
0.003479
0.014091
-0.007492
0.012428
-0.007492
0.012428
-0.011673
0.008614
-0.011673
0.008614
-0.014351
-0.002155
-0.014351
-0.002155
0.002115
0.014328
0.002115
0.014328
-0.008629
0.011627
-0.008629
0.011627
-0.012428
0.007435
-0.012428
0.007435
-0.014046
-0.003529
-0.014046
-0.003529
-0.013649
0.004856
-0.013649
0.004856
-0.013084
-0.006210
-0.013084
-0.006210
-0.009720
-0.010757
-0.009720
-0.010757
0.000731
-0.014481
0.000731
-0.014481
0.001384
0.014389
0.001384
0.014389
-0.009201
0.011154
-0.009201
0.011154
-0.012749
0.006809
-0.012749
0.006809
-0.013832
-0.004208
-0.013832
-0.004208
-0.013832
0.004147
-0.013832
0.004147
-0.012695
-0.006828
-0.012695
-0.006828
-0.009148
-0.011177
-0.009148
-0.011177
0.001440
-0.014374
0.001440
-0.014374
-0.014114
0.002789
-0.014114
0.002789
-0.011963
-0.008018
-0.011963
-0.008018
-0.007996
-0.012009
-0.007996
-0.012009
0.002840
-0.014145
0.002840
-0.014145
-0.005505
-0.013290
-0.005505
-0.013290
0.005505
-0.013290
0.005505
-0.013290
0.010178
-0.010155
0.010178
-0.010155
0.014381
0.000000
0.014381
0.000000
0.014381
0.000000
0.014381
0.000000
0.010178
0.010155
0.010178
0.010155
0.005505
0.013290
0.005505
0.013290
-0.005505
0.013290
-0.005505
0.013290
0.002840
0.014145
0.002840
0.014145
-0.007996
0.012009
-0.007996
0.012009
-0.011963
0.008018
-0.011963
0.008018
-0.014114
-0.002789
-0.014114
-0.002789
0.001440
0.014374
0.001440
0.014374
-0.009148
0.011177
-0.009148
0.011177
-0.012695
0.006828
-0.012695
0.006828
-0.013832
-0.004147
-0.013832
-0.004147
-0.013832
0.004208
-0.013832
0.004208
-0.012749
-0.006809
-0.012749
-0.006809
-0.009201
-0.011154
-0.009201
-0.011154
0.001384
-0.014389
0.001384
-0.014389
0.000731
0.014481
0.000731
0.014481
-0.009720
0.010757
-0.009720
0.010757
-0.013084
0.006210
-0.013084
0.006210
-0.013649
-0.004856
-0.013649
-0.004856
-0.014046
0.003529
-0.014046
0.003529
-0.012428
-0.007435
-0.012428
-0.007435
-0.008629
-0.011627
-0.008629
-0.011627
0.002115
-0.014328
0.002115
-0.014328
-0.014351
0.002155
-0.014351
0.002155
-0.011673
-0.008614
-0.011673
-0.008614
-0.007492
-0.012428
-0.007492
-0.012428
0.003479
-0.014091
0.003479
-0.014091
-0.004906
-0.013634
-0.004906
-0.013634
0.006176
-0.013123
0.006176
-0.013123
0.010742
-0.009750
0.010742
-0.009750
0.014496
0.000690
0.014496
0.000690
0.000405
0.014496
0.000405
0.014496
-0.009972
0.010536
-0.009972
0.010536
-0.013245
0.005913
-0.013245
0.005913
-0.013542
-0.005180
-0.013542
-0.005180
-0.014114
0.003220
-0.014114
0.003220
-0.012253
-0.007702
-0.012253
-0.007702
-0.008392
-0.011848
-0.008392
-0.011848
0.002436
-0.014297
0.002436
-0.014297
-0.014412
0.001799
-0.014412
0.001799
-0.011459
-0.008911
-0.011459
-0.008911
-0.007175
-0.012604
-0.007175
-0.012604
0.003838
-0.013985
0.003838
-0.013985
-0.004574
-0.013763
-0.004574
-0.013763
0.006489
-0.012955
0.006489
-0.012955
0.010963
-0.009483
0.010963
-0.009483
0.014458
0.001041
0.014458
0.001041
-0.014458
0.001076
-0.014458
0.001076
-0.010986
-0.009460
-0.010986
-0.009460
-0.006523
-0.012947
-0.006523
-0.012947
0.004536
-0.013763
0.004536
-0.013763
-0.003883
-0.013947
-0.003883
-0.013947
0.007114
-0.012611
0.007114
-0.012611
0.011414
-0.008919
0.011414
-0.008919
0.014374
0.001759
0.014374
0.001759
-0.002489
-0.014244
-0.002489
-0.014244
0.008316
-0.011826
0.008316
-0.011826
0.012215
-0.007751
0.012215
-0.007751
0.014099
0.003151
0.014099
0.003151
0.013527
-0.005215
0.013527
-0.005215
0.013237
0.005867
0.013237
0.005867
0.009987
0.010475
0.009987
0.010475
-0.000337
0.014465
-0.000337
0.014465
0.000197
0.014481
0.000197
0.014481
-0.010086
0.010368
-0.010086
0.010368
-0.013306
0.005730
-0.013306
0.005730
-0.013451
-0.005356
-0.013451
-0.005356
-0.014183
0.003016
-0.014183
0.003016
-0.012146
-0.007889
-0.012146
-0.007889
-0.008232
-0.011978
-0.008232
-0.011978
0.002630
-0.014259
0.002630
-0.014259
-0.014442
0.001629
-0.014442
0.001629
-0.011353
-0.009064
-0.011353
-0.009064
-0.007034
-0.012718
-0.007034
-0.012718
0.004017
-0.013985
0.004017
-0.013985
-0.004402
-0.013786
-0.004402
-0.013786
0.006630
-0.012848
0.006630
-0.012848
0.011055
-0.009331
0.011055
-0.009331
0.014427
0.001214
0.014427
0.001214
-0.014481
0.000930
-0.014481
0.000930
-0.010895
-0.009583
-0.010895
-0.009583
-0.006397
-0.013031
-0.006397
-0.013031
0.004692
-0.013748
0.004692
-0.013748
-0.003738
-0.014023
-0.003738
-0.014023
0.007271
-0.012550
0.007271
-0.012550
0.011520
-0.008827
0.011520
-0.008827
0.014389
0.001904
0.014389
0.001904
-0.002346
-0.014282
-0.002346
-0.014282
0.008438
-0.011757
0.008438
-0.011757
0.012268
-0.007648
0.012268
-0.007648
0.014091
0.003277
0.014091
0.003277
0.013596
-0.005108
0.013596
-0.005108
0.013229
0.005993
0.013229
0.005993
0.009911
0.010582
0.009911
0.010582
-0.000483
0.014496
-0.000483
0.014496
-0.014465
0.000553
-0.014465
0.000553
-0.010612
-0.009842
-0.010612
-0.009842
-0.006046
-0.013138
-0.006046
-0.013138
0.005016
-0.013580
0.005016
-0.013580
-0.003349
-0.014069
-0.003349
-0.014069
0.007584
-0.012321
0.007584
-0.012321
0.011726
-0.008476
0.011726
-0.008476
0.014297
0.002293
0.014297
0.002293
-0.001993
-0.014297
-0.001993
-0.014297
0.008698
-0.011497
0.008698
-0.011497
0.012451
-0.007313
0.012451
-0.007313
0.013985
0.003630
0.013985
0.003630
0.013657
-0.004742
0.013657
-0.004742
0.013008
0.006310
0.013008
0.006310
0.009598
0.010811
0.009598
0.010811
-0.000842
0.014435
-0.000842
0.014435
-0.001276
-0.014381
-0.001276
-0.014381
0.009270
-0.011093
0.009270
-0.011093
0.012817
-0.006687
0.012817
-0.006687
0.013779
0.004326
0.013779
0.004326
0.013916
-0.004086
0.013916
-0.004086
0.012733
0.006954
0.012733
0.006954
0.009102
0.011299
0.009102
0.011299
-0.001546
0.014427
-0.001546
0.014427
0.014244
-0.002705
0.014244
-0.002705
0.011963
0.008148
0.011963
0.008148
0.007942
0.012115
0.007942
0.012115
-0.002953
0.014183
-0.002953
0.014183
0.005409
0.013374
0.005409
0.013374
-0.005642
0.013283
-0.005642
0.013283
-0.010300
0.010132
-0.010300
0.010132
-0.014435
-0.000119
-0.014435
-0.000119
0.000000
0.014427
0.000000
0.014427
-0.010162
0.010277
-0.010162
0.010277
-0.013397
0.005589
-0.013397
0.005589
-0.013359
-0.005482
-0.013359
-0.005482
-0.014153
0.002897
-0.014153
0.002897
-0.012062
-0.007950
-0.012062
-0.007950
-0.008080
-0.011940
-0.008080
-0.011940
0.002735
-0.014175
0.002735
-0.014175
-0.014374
0.001492
-0.014374
0.001492
-0.011223
-0.009109
-0.011223
-0.009109
-0.006874
-0.012711
-0.006874
-0.012711
0.004120
-0.013855
0.004120
-0.013855
-0.004257
-0.013802
-0.004257
-0.013802
0.006737
-0.012764
0.006737
-0.012764
0.011124
-0.009216
0.011124
-0.009216
0.014381
0.001343
0.014381
0.001343
-0.014458
0.000798
-0.014458
0.000798
-0.010796
-0.009666
-0.010796
-0.009666
-0.006283
-0.013062
-0.006283
-0.013062
0.004795
-0.013687
0.004795
-0.013687
-0.003593
-0.013992
-0.003593
-0.013992
0.007347
-0.012436
0.007347
-0.012436
0.011566
-0.008675
0.011566
-0.008675
0.014305
0.002047
0.014305
0.002047
-0.002184
-0.014297
-0.002184
-0.014297
0.008553
-0.011665
0.008553
-0.011665
0.012367
-0.007504
0.012367
-0.007504
0.014046
0.003439
0.014046
0.003439
0.013596
-0.004963
0.013596
-0.004963
0.013107
0.006096
0.013107
0.006096
0.009796
0.010651
0.009796
0.010651
-0.000609
0.014458
-0.000609
0.014458
-0.014465
0.000405
-0.014465
0.000405
-0.010521
-0.009949
-0.010521
-0.009949
-0.005932
-0.013229
-0.005932
-0.013229
0.005157
-0.013550
0.005157
-0.013550
-0.003231
-0.014122
-0.003231
-0.014122
0.007690
-0.012253
0.007690
-0.012253
0.011795
-0.008392
0.011795
-0.008392
0.014282
0.002415
0.014282
0.002415
-0.001831
-0.014374
-0.001831
-0.014374
0.008865
-0.011459
0.008865
-0.011459
0.012566
-0.007214
0.012566
-0.007214
0.014000
0.003798
0.014000
0.003798
0.013756
-0.004635
0.013756
-0.004635
0.013000
0.006447
0.013000
0.006447
0.009529
0.010941
0.009529
0.010941
-0.000984
0.014481
-0.000984
0.014481
-0.001138
-0.014465
-0.001138
-0.014465
0.009430
-0.011040
0.009430
-0.011040
0.012947
-0.006580
0.012947
-0.006580
0.013809
0.004498
0.013809
0.004498
0.013947
-0.003944
0.013947
-0.003944
0.012665
0.007076
0.012665
0.007076
0.008972
0.011368
0.008972
0.011368
-0.001686
0.014389
-0.001686
0.014389
0.014259
-0.002541
0.014259
-0.002541
0.011902
0.008293
0.011902
0.008293
0.007812
0.012199
0.007812
0.012199
-0.003099
0.014130
-0.003099
0.014130
0.005299
0.013496
0.005299
0.013496
-0.005787
0.013306
-0.005787
0.013306
-0.010452
0.010063
-0.010452
0.010063
-0.014496
-0.000264
-0.014496
-0.000264
-0.014496
0.000264
-0.014496
0.000264
-0.010452
-0.010063
-0.010452
-0.010063
-0.005787
-0.013306
-0.005787
-0.013306
0.005299
-0.013496
0.005299
-0.013496
-0.003099
-0.014130
-0.003099
-0.014130
0.007812
-0.012199
0.007812
-0.012199
0.011902
-0.008293
0.011902
-0.008293
0.014259
0.002541
0.014259
0.002541
-0.001686
-0.014389
-0.001686
-0.014389
0.008972
-0.011368
0.008972
-0.011368
0.012665
-0.007076
0.012665
-0.007076
0.013947
0.003944
0.013947
0.003944
0.013809
-0.004498
0.013809
-0.004498
0.012947
0.006580
0.012947
0.006580
0.009430
0.011040
0.009430
0.011040
-0.001138
0.014465
-0.001138
0.014465
-0.000984
-0.014481
-0.000984
-0.014481
0.009529
-0.010941
0.009529
-0.010941
0.013000
-0.006447
0.013000
-0.006447
0.013756
0.004635
0.013756
0.004635
0.014000
-0.003798
0.014000
-0.003798
0.012566
0.007214
0.012566
0.007214
0.008865
0.011459
0.008865
0.011459
-0.001831
0.014374
-0.001831
0.014374
0.014282
-0.002415
0.014282
-0.002415
0.011795
0.008392
0.011795
0.008392
0.007690
0.012253
0.007690
0.012253
-0.003231
0.014122
-0.003231
0.014122
0.005157
0.013550
0.005157
0.013550
-0.005932
0.013229
-0.005932
0.013229
-0.010521
0.009949
-0.010521
0.009949
-0.014465
-0.000405
-0.014465
-0.000405
-0.000609
-0.014458
-0.000609
-0.014458
0.009796
-0.010651
0.009796
-0.010651
0.013107
-0.006096
0.013107
-0.006096
0.013596
0.004963
0.013596
0.004963
0.014046
-0.003439
0.014046
-0.003439
0.012367
0.007504
0.012367
0.007504
0.008553
0.011665
0.008553
0.011665
-0.002184
0.014297
-0.002184
0.014297
0.014305
-0.002047
0.014305
-0.002047
0.011566
0.008675
0.011566
0.008675
0.007347
0.012436
0.007347
0.012436
-0.003593
0.013992
-0.003593
0.013992
0.004795
0.013687
0.004795
0.013687
-0.006283
0.013062
-0.006283
0.013062
-0.010796
0.009666
-0.010796
0.009666
-0.014458
-0.000798
-0.014458
-0.000798
0.014381
-0.001343
0.014381
-0.001343
0.011124
0.009216
0.011124
0.009216
0.006737
0.012764
0.006737
0.012764
-0.004257
0.013802
-0.004257
0.013802
0.004120
0.013855
0.004120
0.013855
-0.006874
0.012711
-0.006874
0.012711
-0.011223
0.009109
-0.011223
0.009109
-0.014374
-0.001492
-0.014374
-0.001492
0.002735
0.014175
0.002735
0.014175
-0.008080
0.011940
-0.008080
0.011940
-0.012062
0.007950
-0.012062
0.007950
-0.014153
-0.002897
-0.014153
-0.002897
-0.013359
0.005482
-0.013359
0.005482
-0.013397
-0.005589
-0.013397
-0.005589
-0.010162
-0.010277
-0.010162
-0.010277
0.000000
-0.014427
0.000000
-0.014427
0.000000
0.014381
0.000000
0.014381
-0.010162
0.010193
-0.010162
0.010193
-0.013283
0.005497
-0.013283
0.005497
-0.013283
-0.005497
-0.013283
-0.005497
-0.014099
0.002827
-0.014099
0.002827
-0.011963
-0.007965
-0.011963
-0.007965
-0.008041
-0.011940
-0.008041
-0.011940
0.002758
-0.014114
0.002758
-0.014114
-0.014374
0.001440
-0.014374
0.001440
-0.011177
-0.009148
-0.011177
-0.009148
-0.006828
-0.012695
-0.006828
-0.012695
0.004147
-0.013832
0.004147
-0.013832
-0.004208
-0.013832
-0.004208
-0.013832
0.006809
-0.012749
0.006809
-0.012749
0.011154
-0.009201
0.011154
-0.009201
0.014389
0.001384
0.014389
0.001384
-0.014465
0.000763
-0.014465
0.000763
-0.010780
-0.009674
-0.010780
-0.009674
-0.006256
-0.013062
-0.006256
-0.013062
0.004814
-0.013672
0.004814
-0.013672
-0.003576
-0.014038
-0.003576
-0.014038
0.007397
-0.012459
0.007397
-0.012459
0.011574
-0.008659
0.011574
-0.008659
0.014313
0.002064
0.014313
0.002064
-0.002193
-0.014313
-0.002193
-0.014313
0.008568
-0.011681
0.008568
-0.011681
0.012398
-0.007507
0.012398
-0.007507
0.014099
0.003458
0.014099
0.003458
0.013596
-0.004944
0.013596
-0.004944
0.013130
0.006119
0.013130
0.006119
0.009796
0.010674
0.009796
0.010674
-0.000620
0.014465
-0.000620
0.014465
-0.014458
0.000407
-0.014458
0.000407
-0.010506
-0.009933
-0.010506
-0.009933
-0.005913
-0.013176
-0.005913
-0.013176
0.005146
-0.013496
0.005146
-0.013496
-0.003220
-0.014091
-0.003220
-0.014091
0.007687
-0.012245
0.007687
-0.012245
0.011795
-0.008362
0.011795
-0.008362
0.014252
0.002422
0.014252
0.002422
-0.001837
-0.014328
-0.001837
-0.014328
0.008820
-0.011436
0.008820
-0.011436
0.012550
-0.007179
0.012550
-0.007179
0.013962
0.003796
0.013962
0.003796
0.013680
-0.004589
0.013680
-0.004589
0.012932
0.006432
0.012932
0.006432
0.009476
0.010880
0.009476
0.010880
-0.000993
0.014381
-0.000993
0.014381
-0.001117
-0.014427
-0.001117
-0.014427
0.009407
-0.010994
0.009407
-0.010994
0.012901
-0.006561
0.012901
-0.006561
0.013763
0.004486
0.013763
0.004486
0.013939
-0.003910
0.013939
-0.003910
0.012611
0.007076
0.012611
0.007076
0.008957
0.011353
0.008957
0.011353
-0.001694
0.014374
-0.001694
0.014374
0.014229
-0.002506
0.014229
-0.002506
0.011848
0.008293
0.011848
0.008293
0.007751
0.012192
0.007751
0.012192
-0.003128
0.014114
-0.003128
0.014114
0.005241
0.013474
0.005241
0.013474
-0.005821
0.013237
-0.005821
0.013237
-0.010429
0.009987
-0.010429
0.009987
-0.014442
-0.000310
-0.014442
-0.000310
-0.014442
0.000245
-0.014442
0.000245
-0.010391
-0.010040
-0.010391
-0.010040
-0.005756
-0.013260
-0.005756
-0.013260
0.005306
-0.013466
0.005306
-0.013466
-0.003044
-0.014114
-0.003044
-0.014114
0.007812
-0.012115
0.007812
-0.012115
0.011856
-0.008202
0.011856
-0.008202
0.014183
0.002590
0.014183
0.002590
-0.001651
-0.014313
-0.001651
-0.014313
0.008957
-0.011284
0.008957
-0.011284
0.012604
-0.007008
0.012604
-0.007008
0.013870
0.003952
0.013870
0.003952
0.013756
-0.004421
0.013756
-0.004421
0.012840
0.006592
0.012840
0.006592
0.009354
0.011017
0.009354
0.011017
-0.001168
0.014389
-0.001168
0.014389
-0.000909
-0.014427
-0.000909
-0.014427
0.009560
-0.010841
0.009560
-0.010841
0.013008
-0.006371
0.013008
-0.006371
0.013687
0.004684
0.013687
0.004684
0.013962
-0.003681
0.013962
-0.003681
0.012451
0.007256
0.012451
0.007256
0.008759
0.011482
0.008759
0.011482
-0.001923
0.014305
-0.001923
0.014305
0.014252
-0.002369
0.014252
-0.002369
0.011749
0.008392
0.011749
0.008392
0.007633
0.012245
0.007633
0.012245
-0.003269
0.014069
-0.003269
0.014069
0.005093
0.013550
0.005093
0.013550
-0.005978
0.013184
-0.005978
0.013184
-0.010574
0.009880
-0.010574
0.009880
-0.014442
-0.000485
-0.014442
-0.000485
-0.000580
-0.014389
-0.000580
-0.014389
0.009766
-0.010590
0.009766
-0.010590
0.013054
-0.006042
0.013054
-0.006042
0.013519
0.004967
0.013519
0.004967
0.013992
-0.003376
0.013992
-0.003376
0.012291
0.007500
0.012291
0.007500
0.008461
0.011597
0.008461
0.011597
-0.002230
0.014198
-0.002230
0.014198
0.014275
-0.002005
0.014275
-0.002005
0.011513
0.008675
0.011513
0.008675
0.007309
0.012421
0.007309
0.012421
-0.003620
0.013947
-0.003620
0.013947
0.004738
0.013596
0.004738
0.013596
-0.006264
0.012970
-0.006264
0.012970
-0.010742
0.009583
-0.010742
0.009583
-0.014374
-0.000823
-0.014374
-0.000823
0.014351
-0.001289
0.014351
-0.001289
0.011047
0.009232
0.011047
0.009232
0.006657
0.012749
0.006657
0.012749
-0.004295
0.013710
-0.004295
0.013710
0.004066
0.013863
0.004066
0.013863
-0.006908
0.012665
-0.006908
0.012665
-0.011253
0.009064
-0.011253
0.009064
-0.014359
-0.001546
-0.014359
-0.001546
0.002686
0.014130
0.002686
0.014130
-0.008072
0.011887
-0.008072
0.011887
-0.012039
0.007919
-0.012039
0.007919
-0.014099
-0.002907
-0.014099
-0.002907
-0.013283
0.005440
-0.013283
0.005440
-0.013336
-0.005589
-0.013336
-0.005589
-0.010132
-0.010262
-0.010132
-0.010262
0.000076
-0.014389
0.000076
-0.014389
-0.014435
0.000146
-0.014435
0.000146
-0.010315
-0.010109
-0.010315
-0.010109
-0.005657
-0.013306
-0.005657
-0.013306
0.005398
-0.013412
0.005398
-0.013412
-0.002951
-0.014183
-0.002951
-0.014183
0.007927
-0.012108
0.007927
-0.012108
0.011940
-0.008163
0.011940
-0.008163
0.014206
0.002676
0.014206
0.002676
-0.001556
-0.014374
-0.001556
-0.014374
0.009064
-0.011276
0.009064
-0.011276
0.012688
-0.006935
0.012688
-0.006935
0.013870
0.004059
0.013870
0.004059
0.013733
-0.004322
0.013733
-0.004322
0.012764
0.006653
0.012764
0.006653
0.009232
0.011024
0.009232
0.011024
-0.001273
0.014328
-0.001273
0.014328
-0.000879
-0.014427
-0.000879
-0.014427
0.009583
-0.010818
0.009583
-0.010818
0.013000
-0.006340
0.013000
-0.006340
0.013657
0.004715
0.013657
0.004715
0.013969
-0.003662
0.013969
-0.003662
0.012451
0.007282
0.012451
0.007282
0.008728
0.011490
0.008728
0.011490
-0.001961
0.014305
-0.001961
0.014305
0.014252
-0.002291
0.014252
-0.002291
0.011726
0.008461
0.011726
0.008461
0.007572
0.012276
0.007572
0.012276
-0.003334
0.014046
-0.003334
0.014046
0.005032
0.013557
0.005032
0.013557
-0.006027
0.013153
-0.006027
0.013153
-0.010590
0.009842
-0.010590
0.009842
-0.014458
-0.000539
-0.014458
-0.000539
-0.000507
-0.014458
-0.000507
-0.014458
0.009857
-0.010574
0.009857
-0.010574
0.013176
-0.005997
0.013176
-0.005997
0.013557
0.005070
0.013557
0.005070
0.014076
-0.003311
0.014076
-0.003311
0.012276
0.007610
0.012276
0.007610
0.008453
0.011757
0.008453
0.011757
-0.002337
0.014282
-0.002337
0.014282
0.014328
-0.001934
0.014328
-0.001934
0.011497
0.008766
0.011497
0.008766
0.007271
0.012535
0.007271
0.012535
-0.003717
0.014000
-0.003717
0.014000
0.004688
0.013702
0.004688
0.013702
-0.006374
0.013023
-0.006374
0.013023
-0.010872
0.009583
-0.010872
0.009583
-0.014442
-0.000912
-0.014442
-0.000912
0.014435
-0.001211
0.014435
-0.001211
0.011070
0.009354
0.011070
0.009354
0.006653
0.012871
0.006653
0.012871
-0.004398
0.013802
-0.004398
0.013802
0.004040
0.013985
0.004040
0.013985
-0.007034
0.012764
-0.007034
0.012764
-0.011368
0.009087
-0.011368
0.009087
-0.014465
-0.001629
-0.014465
-0.001629
0.002630
0.014259
0.002630
0.014259
-0.008232
0.011978
-0.008232
0.011978
-0.012146
0.007889
-0.012146
0.007889
-0.014183
-0.003016
-0.014183
-0.003016
-0.013451
0.005356
-0.013451
0.005356
-0.013306
-0.005730
-0.013306
-0.005730
-0.010109
-0.010391
-0.010109
-0.010391
0.000194
-0.014488
0.000194
-0.014488
-0.000335
-0.014442
-0.000335
-0.014442
0.009964
-0.010452
0.009964
-0.010452
0.013191
-0.005852
0.013191
-0.005852
0.013474
0.005196
0.013474
0.005196
0.014069
-0.003139
0.014069
-0.003139
0.012169
0.007725
0.012169
0.007725
0.008278
0.011803
0.008278
0.011803
-0.002480
0.014198
-0.002480
0.014198
0.014351
-0.001794
0.014351
-0.001794
0.011406
0.008865
0.011406
0.008865
0.007130
0.012566
0.007130
0.012566
-0.003841
0.013931
-0.003841
0.013931
0.004551
0.013710
0.004551
0.013710
-0.006474
0.012917
-0.006474
0.012917
-0.010910
0.009453
-0.010910
0.009453
-0.014412
-0.001036
-0.014412
-0.001036
0.014389
-0.001017
0.014389
-0.001017
0.010910
0.009460
0.010910
0.009460
0.006451
0.012924
0.006451
0.012924
-0.004570
0.013687
-0.004570
0.013687
0.003832
0.013962
0.003832
0.013962
-0.007149
0.012566
-0.007149
0.012566
-0.011421
0.008850
-0.011421
0.008850
-0.014336
-0.001810
-0.014336
-0.001810
0.002443
0.014244
0.002443
0.014244
-0.008339
0.011803
-0.008339
0.011803
-0.012215
0.007713
-0.012215
0.007713
-0.014091
-0.003185
-0.014091
-0.003185
-0.013489
0.005169
-0.013489
0.005169
-0.013184
-0.005878
-0.013184
-0.005878
-0.009949
-0.010490
-0.009949
-0.010490
0.000378
-0.014458
0.000378
-0.014458
0.014481
-0.000650
0.014481
-0.000650
0.010704
0.009773
0.010704
0.009773
0.006138
0.013138
0.006138
0.013138
-0.004955
0.013649
-0.004955
0.013649
0.003464
0.014069
0.003464
0.014069
-0.007492
0.012405
-0.007492
0.012405
-0.011673
0.008591
-0.011673
0.008591
-0.014328
-0.002171
-0.014328
-0.002171
0.002090
0.014328
0.002090
0.014328
-0.008652
0.011612
-0.008652
0.011612
-0.012428
0.007412
-0.012428
0.007412
-0.014015
-0.003536
-0.014015
-0.003536
-0.013649
0.004856
-0.013649
0.004856
-0.013084
-0.006214
-0.013084
-0.006214
-0.009697
-0.010773
-0.009697
-0.010773
0.000752
-0.014481
0.000752
-0.014481
0.001384
0.014389
0.001384
0.014389
-0.009201
0.011154
-0.009201
0.011154
-0.012749
0.006809
-0.012749
0.006809
-0.013832
-0.004208
-0.013832
-0.004208
-0.013832
0.004147
-0.013832
0.004147
-0.012695
-0.006828
-0.012695
-0.006828
-0.009148
-0.011177
-0.009148
-0.011177
0.001440
-0.014374
0.001440
-0.014374
-0.014114
0.002758
-0.014114
0.002758
-0.011940
-0.008041
-0.011940
-0.008041
-0.007965
-0.011963
-0.007965
-0.011963
0.002827
-0.014099
0.002827
-0.014099
-0.005497
-0.013283
-0.005497
-0.013283
0.005497
-0.013283
0.005497
-0.013283
0.010193
-0.010162
0.010193
-0.010162
0.014381
0.000000
0.014381
0.000000
0.000000
0.014442
0.000000
0.014442
-0.010185
0.010239
-0.010185
0.010239
-0.013344
0.005527
-0.013344
0.005527
-0.013344
-0.005527
-0.013344
-0.005527
-0.014130
0.002838
-0.014130
0.002838
-0.011993
-0.007973
-0.011993
-0.007973
-0.008041
-0.011940
-0.008041
-0.011940
0.002758
-0.014114
0.002758
-0.014114
-0.014374
0.001435
-0.014374
0.001435
-0.011177
-0.009148
-0.011177
-0.009148
-0.006828
-0.012733
-0.006828
-0.012733
0.004166
-0.013832
0.004166
-0.013832
-0.004208
-0.013802
-0.004208
-0.013802
0.006779
-0.012749
0.006779
-0.012749
0.011147
-0.009171
0.011147
-0.009171
0.014359
0.001408
0.014359
0.001408
-0.014465
0.000763
-0.014465
0.000763
-0.010780
-0.009682
-0.010780
-0.009682
-0.006252
-0.013084
-0.006252
-0.013084
0.004826
-0.013657
0.004826
-0.013657
-0.003576
-0.014015
-0.003576
-0.014015
0.007378
-0.012436
0.007378
-0.012436
0.011574
-0.008659
0.011574
-0.008659
0.014313
0.002064
0.014313
0.002064
-0.002176
-0.014328
-0.002176
-0.014328
0.008575
-0.011673
0.008575
-0.011673
0.012383
-0.007507
0.012383
-0.007507
0.014076
0.003450
0.014076
0.003450
0.013618
-0.004940
0.013618
-0.004940
0.013107
0.006119
0.013107
0.006119
0.009773
0.010681
0.009773
0.010681
-0.000642
0.014458
-0.000642
0.014458
-0.014442
0.000367
-0.014442
0.000367
-0.010475
-0.009949
-0.010475
-0.009949
-0.005878
-0.013161
-0.005878
-0.013161
0.005146
-0.013466
0.005146
-0.013466
-0.003206
-0.014099
-0.003206
-0.014099
0.007710
-0.012245
0.007710
-0.012245
0.011803
-0.008347
0.011803
-0.008347
0.014229
0.002432
0.014229
0.002432
-0.001812
-0.014275
-0.001812
-0.014275
0.008812
-0.011391
0.008812
-0.011391
0.012505
-0.007168
0.012505
-0.007168
0.013908
0.003773
0.013908
0.003773
0.013680
-0.004589
0.013680
-0.004589
0.012932
0.006432
0.012932
0.006432
0.009476
0.010880
0.009476
0.010880
-0.000993
0.014381
-0.000993
0.014381
-0.001117
-0.014427
-0.001117
-0.014427
0.009407
-0.010994
0.009407
-0.010994
0.012894
-0.006550
0.012894
-0.006550
0.013763
0.004494
0.013763
0.004494
0.013939
-0.003897
0.013939
-0.003897
0.012619
0.007099
0.012619
0.007099
0.008957
0.011383
0.008957
0.011383
-0.001710
0.014381
-0.001710
0.014381
0.014259
-0.002541
0.014259
-0.002541
0.011902
0.008293
0.011902
0.008293
0.007801
0.012199
0.007801
0.012199
-0.003107
0.014130
-0.003107
0.014130
0.005264
0.013504
0.005264
0.013504
-0.005814
0.013245
-0.005814
0.013245
-0.010468
0.010017
-0.010468
0.010017
-0.014496
-0.000305
-0.014496
-0.000305
-0.014458
0.000224
-0.014458
0.000224
-0.010376
-0.010063
-0.010376
-0.010063
-0.005733
-0.013268
-0.005733
-0.013268
0.005325
-0.013451
0.005325
-0.013451
-0.003042
-0.014130
-0.003042
-0.014130
0.007835
-0.012146
0.007835
-0.012146
0.011887
-0.008209
0.011887
-0.008209
0.014229
0.002605
0.014229
0.002605
-0.001637
-0.014359
-0.001637
-0.014359
0.008995
-0.011314
0.008995
-0.011314
0.012657
-0.007019
0.012657
-0.007019
0.013893
0.003971
0.013893
0.003971
0.013748
-0.004433
0.013748
-0.004433
0.012871
0.006592
0.012871
0.006592
0.009361
0.011040
0.009361
0.011040
-0.001176
0.014427
-0.001176
0.014427
-0.000920
-0.014481
-0.000920
-0.014481
0.009590
-0.010880
0.009590
-0.010880
0.013054
-0.006386
0.013054
-0.006386
0.013733
0.004707
0.013733
0.004707
0.014015
-0.003725
0.014015
-0.003725
0.012550
0.007271
0.012550
0.007271
0.008812
0.011497
0.008812
0.011497
-0.001904
0.014374
-0.001904
0.014374
0.014305
-0.002338
0.014305
-0.002338
0.011749
0.008461
0.011749
0.008461
0.007637
0.012329
0.007637
0.012329
-0.003317
0.014122
-0.003317
0.014122
0.005074
0.013557
0.005074
0.013557
-0.005989
0.013161
-0.005989
0.013161
-0.010574
0.009880
-0.010574
0.009880
-0.014442
-0.000488
-0.014442
-0.000488
-0.000569
-0.014465
-0.000569
-0.014465
0.009827
-0.010628
0.009827
-0.010628
0.013153
-0.006058
0.013153
-0.006058
0.013580
0.005013
0.013580
0.005013
0.014061
-0.003382
0.014061
-0.003382
0.012329
0.007553
0.012329
0.007553
0.008514
0.011703
0.008514
0.011703
-0.002253
0.014297
-0.002253
0.014297
0.014297
-0.001993
0.014297
-0.001993
0.011497
0.008698
0.011497
0.008698
0.007313
0.012451
0.007313
0.012451
-0.003630
0.013985
-0.003630
0.013985
0.004730
0.013596
0.004730
0.013596
-0.006264
0.012970
-0.006264
0.012970
-0.010742
0.009575
-0.010742
0.009575
-0.014374
-0.000828
-0.014374
-0.000828
0.014351
-0.001289
0.014351
-0.001289
0.011047
0.009232
0.011047
0.009232
0.006657
0.012749
0.006657
0.012749
-0.004295
0.013710
-0.004295
0.013710
0.004066
0.013863
0.004066
0.013863
-0.006908
0.012665
-0.006908
0.012665
-0.011253
0.009064
-0.011253
0.009064
-0.014359
-0.001546
-0.014359
-0.001546
0.002686
0.014153
0.002686
0.014153
-0.008110
0.011925
-0.008110
0.011925
-0.012062
0.007927
-0.012062
0.007927
-0.014130
-0.002924
-0.014130
-0.002924
-0.013390
0.005417
-0.013390
0.005417
-0.013313
-0.005642
-0.013313
-0.005642
-0.010155
-0.010292
-0.010155
-0.010292
0.000094
-0.014435
0.000094
-0.014435
-0.014435
0.000119
-0.014435
0.000119
-0.010300
-0.010132
-0.010300
-0.010132
-0.005642
-0.013283
-0.005642
-0.013283
0.005409
-0.013374
0.005409
-0.013374
-0.002953
-0.014183
-0.002953
-0.014183
0.007942
-0.012115
0.007942
-0.012115
0.011963
-0.008148
0.011963
-0.008148
0.014244
0.002705
0.014244
0.002705
-0.001537
-0.014389
-0.001537
-0.014389
0.009087
-0.011253
0.009087
-0.011253
0.012680
-0.006927
0.012680
-0.006927
0.013863
0.004063
0.013863
0.004063
0.013779
-0.004303
0.013779
-0.004303
0.012772
0.006683
0.012772
0.006683
0.009247
0.011070
0.009247
0.011070
-0.001289
0.014381
-0.001289
0.014381
-0.000842
-0.014435
-0.000842
-0.014435
0.009598
-0.010811
0.009598
-0.010811
0.013008
-0.006310
0.013008
-0.006310
0.013657
0.004742
0.013657
0.004742
0.013992
-0.003607
0.013992
-0.003607
0.012428
0.007336
0.012428
0.007336
0.008682
0.011536
0.008682
0.011536
-0.002008
0.014282
-0.002008
0.014282
0.014297
-0.002253
0.014297
-0.002253
0.011703
0.008514
0.011703
0.008514
0.007572
0.012375
0.007572
0.012375
-0.003382
0.014091
-0.003382
0.014091
0.005013
0.013580
0.005013
0.013580
-0.006058
0.013153
-0.006058
0.013153
-0.010628
0.009827
-0.010628
0.009827
-0.014465
-0.000569
-0.014465
-0.000569
-0.000453
-0.014481
-0.000453
-0.014481
0.009918
-0.010559
0.009918
-0.010559
0.013176
-0.005962
0.013176
-0.005962
0.013550
0.005104
0.013550
0.005104
0.014099
-0.003265
0.014099
-0.003265
0.012299
0.007671
0.012299
0.007671
0.008415
0.011772
0.008415
0.011772
-0.002371
0.014275
-0.002371
0.014275
0.014336
-0.001904
0.014336
-0.001904
0.011490
0.008789
0.011490
0.008789
0.007256
0.012558
0.007256
0.012558
-0.003738
0.014000
-0.003738
0.014000
0.004654
0.013672
0.004654
0.013672
-0.006374
0.012955
-0.006374
0.012955
-0.010841
0.009560
-0.010841
0.009560
-0.014435
-0.000917
-0.014435
-0.000917
0.014427
-0.001176
0.014427
-0.001176
0.011040
0.009361
0.011040
0.009361
0.006592
0.012871
0.006592
0.012871
-0.004433
0.013748
-0.004433
0.013748
0.003971
0.013893
0.003971
0.013893
-0.007019
0.012657
-0.007019
0.012657
-0.011314
0.008995
-0.011314
0.008995
-0.014359
-0.001637
-0.014359
-0.001637
0.002590
0.014229
0.002590
0.014229
-0.008232
0.011902
-0.008232
0.011902
-0.012169
0.007828
-0.012169
0.007828
-0.014145
-0.003048
-0.014145
-0.003048
-0.013451
0.005325
-0.013451
0.005325
-0.013283
-0.005745
-0.013283
-0.005745
-0.010063
-0.010376
-0.010063
-0.010376
0.000226
-0.014458
0.000226
-0.014458
-0.000310
-0.014442
-0.000310
-0.014442
0.009987
-0.010429
0.009987
-0.010429
0.013237
-0.005821
0.013237
-0.005821
0.013474
0.005241
0.013474
0.005241
0.014114
-0.003128
0.014114
-0.003128
0.012192
0.007751
0.012192
0.007751
0.008293
0.011848
0.008293
0.011848
-0.002506
0.014229
-0.002506
0.014229
0.014374
-0.001694
0.014374
-0.001694
0.011353
0.008957
0.011353
0.008957
0.007076
0.012611
0.007076
0.012611
-0.003910
0.013939
-0.003910
0.013939
0.004486
0.013763
0.004486
0.013763
-0.006561
0.012901
-0.006561
0.012901
-0.010994
0.009407
-0.010994
0.009407
-0.014427
-0.001117
-0.014427
-0.001117
0.014381
-0.000993
0.014381
-0.000993
0.010880
0.009476
0.010880
0.009476
0.006432
0.012932
0.006432
0.012932
-0.004589
0.013680
-0.004589
0.013680
0.003796
0.013962
0.003796
0.013962
-0.007179
0.012550
-0.007179
0.012550
-0.011436
0.008820
-0.011436
0.008820
-0.014328
-0.001837
-0.014328
-0.001837
0.002422
0.014252
0.002422
0.014252
-0.008362
0.011795
-0.008362
0.011795
-0.012245
0.007687
-0.012245
0.007687
-0.014091
-0.003220
-0.014091
-0.003220
-0.013496
0.005146
-0.013496
0.005146
-0.013176
-0.005913
-0.013176
-0.005913
-0.009933
-0.010506
-0.009933
-0.010506
0.000407
-0.014458
0.000407
-0.014458
0.014465
-0.000620
0.014465
-0.000620
0.010674
0.009796
0.010674
0.009796
0.006119
0.013130
0.006119
0.013130
-0.004944
0.013596
-0.004944
0.013596
0.003458
0.014099
0.003458
0.014099
-0.007507
0.012398
-0.007507
0.012398
-0.011681
0.008568
-0.011681
0.008568
-0.014313
-0.002193
-0.014313
-0.002193
0.002064
0.014313
0.002064
0.014313
-0.008659
0.011574
-0.008659
0.011574
-0.012459
0.007397
-0.012459
0.007397
-0.014038
-0.003576
-0.014038
-0.003576
-0.013672
0.004814
-0.013672
0.004814
-0.013062
-0.006256
-0.013062
-0.006256
-0.009674
-0.010780
-0.009674
-0.010780
0.000763
-0.014465
0.000763
-0.014465
0.001384
0.014389
0.001384
0.014389
-0.009201
0.011154
-0.009201
0.011154
-0.012749
0.006809
-0.012749
0.006809
-0.013832
-0.004208
-0.013832
-0.004208
-0.013832
0.004147
-0.013832
0.004147
-0.012695
-0.006828
-0.012695
-0.006828
-0.009148
-0.011177
-0.009148
-0.011177
0.001440
-0.014374
0.001440
-0.014374
-0.014114
0.002758
-0.014114
0.002758
-0.011940
-0.008041
-0.011940
-0.008041
-0.007965
-0.011963
-0.007965
-0.011963
0.002827
-0.014099
0.002827
-0.014099
-0.005497
-0.013283
-0.005497
-0.013283
0.005497
-0.013283
0.005497
-0.013283
0.010193
-0.010162
0.010193
-0.010162
0.014381
0.000000
0.014381
0.000000
-0.014381
0.000070
-0.014381
0.000070
-0.010246
-0.010132
-0.010246
-0.010132
-0.005577
-0.013359
-0.005577
-0.013359
0.005466
-0.013313
0.005466
-0.013313
-0.002905
-0.014153
-0.002905
-0.014153
0.007942
-0.012062
0.007942
-0.012062
0.011963
-0.008102
0.011963
-0.008102
0.014183
0.002731
0.014183
0.002731
-0.001489
-0.014374
-0.001489
-0.014374
0.009117
-0.011230
0.009117
-0.011230
0.012711
-0.006878
0.012711
-0.006878
0.013855
0.004116
0.013855
0.004116
0.013779
-0.004246
0.013779
-0.004246
0.012718
0.006721
0.012718
0.006721
0.009193
0.011078
0.009193
0.011078
-0.001329
0.014336
-0.001329
0.014336
-0.000777
-0.014435
-0.000777
-0.014435
0.009659
-0.010765
0.009659
-0.010765
0.013046
-0.006264
0.013046
-0.006264
0.013649
0.004803
0.013649
0.004803
0.013992
-0.003607
0.013992
-0.003607
0.012428
0.007336
0.012428
0.007336
0.008675
0.011566
0.008675
0.011566
-0.002033
0.014297
-0.002033
0.014297
0.014282
-0.002216
0.014282
-0.002216
0.011673
0.008530
0.011673
0.008530
0.007530
0.012344
0.007530
0.012344
-0.003395
0.014038
-0.003395
0.014038
0.004967
0.013527
0.004967
0.013527
-0.006058
0.013084
-0.006058
0.013084
-0.010612
0.009766
-0.010612
0.009766
-0.014427
-0.000615
-0.014427
-0.000615
-0.000450
-0.014435
-0.000450
-0.014435
0.009880
-0.010529
0.009880
-0.010529
0.013153
-0.005928
0.013153
-0.005928
0.013504
0.005116
0.013504
0.005116
0.014076
-0.003248
0.014076
-0.003248
0.012238
0.007656
0.012238
0.007656
0.008385
0.011757
0.008385
0.011757
-0.002373
0.014229
-0.002373
0.014229
0.014328
-0.001872
0.014328
-0.001872
0.011459
0.008812
0.011459
0.008812
0.007202
0.012550
0.007202
0.012550
-0.003777
0.013985
-0.003777
0.013985
0.004616
0.013710
0.004616
0.013710
-0.006432
0.012955
-0.006432
0.012955
-0.010887
0.009514
-0.010887
0.009514
-0.014412
-0.000963
-0.014412
-0.000963
0.014374
-0.001154
0.014374
-0.001154
0.010979
0.009354
0.010979
0.009354
0.006565
0.012840
0.006565
0.012840
-0.004429
0.013725
-0.004429
0.013725
0.003952
0.013908
0.003952
0.013908
-0.007034
0.012634
-0.007034
0.012634
-0.011330
0.008957
-0.011330
0.008957
-0.014351
-0.001672
-0.014351
-0.001672
0.002571
0.014206
0.002571
0.014206
-0.008232
0.011856
-0.008232
0.011856
-0.012169
0.007801
-0.012169
0.007801
-0.014114
-0.003077
-0.014114
-0.003077
-0.013397
0.005264
-0.013397
0.005264
-0.013214
-0.005756
-0.013214
-0.005756
-0.010002
-0.010368
-0.010002
-0.010368
0.000256
-0.014389
0.000256
-0.014389
-0.000256
-0.014389
-0.000256
-0.014389
0.010002
-0.010368
0.010002
-0.010368
0.013214
-0.005756
0.013214
-0.005756
0.013397
0.005264
0.013397
0.005264
0.014114
-0.003077
0.014114
-0.003077
0.012169
0.007801
0.012169
0.007801
0.008232
0.011856
0.008232
0.011856
-0.002571
0.014206
-0.002571
0.014206
0.014351
-0.001672
0.014351
-0.001672
0.011330
0.008957
0.011330
0.008957
0.007034
0.012634
0.007034
0.012634
-0.003952
0.013908
-0.003952
0.013908
0.004429
0.013725
0.004429
0.013725
-0.006565
0.012840
-0.006565
0.012840
-0.010979
0.009354
-0.010979
0.009354
-0.014374
-0.001154
-0.014374
-0.001154
0.014412
-0.000963
0.014412
-0.000963
0.010887
0.009514
0.010887
0.009514
0.006432
0.012955
0.006432
0.012955
-0.004616
0.013710
-0.004616
0.013710
0.003777
0.013985
0.003777
0.013985
-0.007202
0.012550
-0.007202
0.012550
-0.011459
0.008812
-0.011459
0.008812
-0.014328
-0.001872
-0.014328
-0.001872
0.002373
0.014229
0.002373
0.014229
-0.008385
0.011757
-0.008385
0.011757
-0.012238
0.007656
-0.012238
0.007656
-0.014076
-0.003248
-0.014076
-0.003248
-0.013504
0.005116
-0.013504
0.005116
-0.013153
-0.005928
-0.013153
-0.005928
-0.009880
-0.010529
-0.009880
-0.010529
0.000450
-0.014435
0.000450
-0.014435
0.014427
-0.000615
0.014427
-0.000615
0.010612
0.009766
0.010612
0.009766
0.006058
0.013084
0.006058
0.013084
-0.004967
0.013527
-0.004967
0.013527
0.003395
0.014038
0.003395
0.014038
-0.007530
0.012344
-0.007530
0.012344
-0.011673
0.008530
-0.011673
0.008530
-0.014282
-0.002216
-0.014282
-0.002216
0.002033
0.014297
0.002033
0.014297
-0.008675
0.011566
-0.008675
0.011566
-0.012428
0.007336
-0.012428
0.007336
-0.013992
-0.003607
-0.013992
-0.003607
-0.013649
0.004803
-0.013649
0.004803
-0.013046
-0.006264
-0.013046
-0.006264
-0.009659
-0.010765
-0.009659
-0.010765
0.000777
-0.014435
0.000777
-0.014435
0.001329
0.014336
0.001329
0.014336
-0.009193
0.011078
-0.009193
0.011078
-0.012718
0.006721
-0.012718
0.006721
-0.013779
-0.004246
-0.013779
-0.004246
-0.013855
0.004116
-0.013855
0.004116
-0.012711
-0.006878
-0.012711
-0.006878
-0.009117
-0.011230
-0.009117
-0.011230
0.001489
-0.014374
0.001489
-0.014374
-0.014183
0.002731
-0.014183
0.002731
-0.011963
-0.008102
-0.011963
-0.008102
-0.007942
-0.012062
-0.007942
-0.012062
0.002905
-0.014153
0.002905
-0.014153
-0.005466
-0.013313
-0.005466
-0.013313
0.005577
-0.013359
0.005577
-0.013359
0.010246
-0.010132
0.010246
-0.010132
0.014381
0.000070
0.014381
0.000070
-0.000170
-0.014465
-0.000170
-0.014465
0.010101
-0.010338
0.010101
-0.010338
0.013306
-0.005692
0.013306
-0.005692
0.013435
0.005375
0.013435
0.005375
0.014183
-0.002998
0.014183
-0.002998
0.012169
0.007919
0.012169
0.007919
0.008224
0.011963
0.008224
0.011963
-0.002640
0.014275
-0.002640
0.014275
0.014442
-0.001583
0.014442
-0.001583
0.011337
0.009087
0.011337
0.009087
0.006992
0.012733
0.006992
0.012733
-0.004059
0.013939
-0.004059
0.013939
0.004341
0.013756
0.004341
0.013756
-0.006660
0.012817
-0.006660
0.012817
-0.011070
0.009308
-0.011070
0.009308
-0.014412
-0.001244
-0.014412
-0.001244
0.014488
-0.000876
0.014488
-0.000876
0.010864
0.009621
0.010864
0.009621
0.006348
0.013062
0.006348
0.013062
-0.004738
0.013733
-0.004738
0.013733
0.003674
0.014023
0.003674
0.014023
-0.007320
0.012527
-0.007320
0.012527
-0.011551
0.008774
-0.011551
0.008774
-0.014381
-0.001961
-0.014381
-0.001961
0.002293
0.014297
0.002293
0.014297
-0.008476
0.011726
-0.008476
0.011726
-0.012321
0.007584
-0.012321
0.007584
-0.014069
-0.003349
-0.014069
-0.003349
-0.013580
0.005016
-0.013580
0.005016
-0.013138
-0.006046
-0.013138
-0.006046
-0.009842
-0.010612
-0.009842
-0.010612
0.000553
-0.014465
0.000553
-0.014465
0.014496
-0.000547
0.014496
-0.000547
0.010635
0.009865
0.010635
0.009865
0.006035
0.013184
0.006035
0.013184
-0.005054
0.013596
-0.005054
0.013596
0.003355
0.014130
0.003355
0.014130
-0.007618
0.012367
-0.007618
0.012367
-0.011757
0.008514
-0.011757
0.008514
-0.014313
-0.002291
-0.014313
-0.002291
0.001968
0.014404
0.001968
0.014404
-0.008781
0.011574
-0.008781
0.011574
-0.012550
0.007324
-0.012550
0.007324
-0.014069
-0.003700
-0.014069
-0.003700
-0.013748
0.004738
-0.013748
0.004738
-0.013077
-0.006359
-0.013077
-0.006359
-0.009659
-0.010887
-0.009659
-0.010887
0.000866
-0.014534
0.000866
-0.014534
0.001244
0.014412
0.001244
0.014412
-0.009308
0.011070
-0.009308
0.011070
-0.012817
0.006660
-0.012817
0.006660
-0.013756
-0.004341
-0.013756
-0.004341
-0.013939
0.004059
-0.013939
0.004059
-0.012733
-0.006992
-0.012733
-0.006992
-0.009087
-0.011337
-0.009087
-0.011337
0.001583
-0.014442
0.001583
-0.014442
-0.014275
0.002640
-0.014275
0.002640
-0.011963
-0.008224
-0.011963
-0.008224
-0.007919
-0.012169
-0.007919
-0.012169
0.002998
-0.014183
0.002998
-0.014183
-0.005375
-0.013435
-0.005375
-0.013435
0.005692
-0.013306
0.005692
-0.013306
0.010338
-0.010101
0.010338
-0.010101
0.014465
0.000170
0.014465
0.000170
0.014458
-0.000364
0.014458
-0.000364
0.010483
0.009956
0.010483
0.009956
0.005890
0.013237
0.005890
0.013237
-0.005188
0.013504
-0.005188
0.013504
0.003172
0.014091
0.003172
0.014091
-0.007725
0.012222
-0.007725
0.012222
-0.011803
0.008331
-0.011803
0.008331
-0.014244
-0.002457
-0.014244
-0.002457
0.001831
0.014359
0.001831
0.014359
-0.008858
0.011436
-0.008858
0.011436
-0.012581
0.007168
-0.012581
0.007168
-0.013947
-0.003813
-0.013947
-0.003813
-0.013710
0.004551
-0.013710
0.004551
-0.012917
-0.006474
-0.012917
-0.006474
-0.009453
-0.010910
-0.009453
-0.010910
0.001036
-0.014412
0.001036
-0.014412
0.001036
0.014412
0.001036
0.014412
-0.009453
0.010910
-0.009453
0.010910
-0.012917
0.006477
-0.012917
0.006477
-0.013702
-0.004547
-0.013702
-0.004547
-0.013931
0.003841
-0.013931
0.003841
-0.012566
-0.007130
-0.012566
-0.007130
-0.008865
-0.011406
-0.008865
-0.011406
0.001794
-0.014351
0.001794
-0.014351
-0.014244
0.002476
-0.014244
0.002476
-0.011833
-0.008331
-0.011833
-0.008331
-0.007755
-0.012238
-0.007755
-0.012238
0.003166
-0.014122
0.003166
-0.014122
-0.005215
-0.013527
-0.005215
-0.013527
0.005867
-0.013237
0.005867
-0.013237
0.010475
-0.009987
0.010475
-0.009987
0.014465
0.000337
0.014465
0.000337
0.000699
0.014496
0.000699
0.014496
-0.009750
0.010750
-0.009750
0.010750
-0.013123
0.006199
-0.013123
0.006199
-0.013672
-0.004894
-0.013672
-0.004894
-0.014061
0.003500
-0.014061
0.003500
-0.012421
-0.007462
-0.012421
-0.007462
-0.008614
-0.011665
-0.008614
-0.011665
0.002142
-0.014336
0.002142
-0.014336
-0.014336
0.002151
-0.014336
0.002151
-0.011665
-0.008606
-0.011665
-0.008606
-0.007469
-0.012436
-0.007469
-0.012436
0.003506
-0.014076
0.003506
-0.014076
-0.004883
-0.013649
-0.004883
-0.013649
0.006191
-0.013107
0.006191
-0.013107
0.010750
-0.009750
0.010750
-0.009750
0.014496
0.000699
0.014496
0.000699
-0.014359
0.001410
-0.014359
0.001410
-0.011147
-0.009163
-0.011147
-0.009163
-0.006817
-0.012718
-0.006817
-0.012718
0.004169
-0.013817
0.004169
-0.013817
-0.004169
-0.013817
-0.004169
-0.013817
0.006817
-0.012718
0.006817
-0.012718
0.011147
-0.009163
0.011147
-0.009163
0.014359
0.001410
0.014359
0.001410
-0.002827
-0.014145
-0.002827
-0.014145
0.008003
-0.012016
0.008003
-0.012016
0.012009
-0.008034
0.012009
-0.008034
0.014153
0.002806
0.014153
0.002806
0.013336
-0.005524
0.013336
-0.005524
0.013336
0.005524
0.013336
0.005524
0.010208
0.010208
0.010208
0.010208
0.000000
0.014435
0.000000
0.014435
