0.030380
0.030258
0.030380
0.030258
0.000000
0.042908
0.000000
0.042908
-0.016342
0.039673
-0.016342
0.039673
-0.039581
0.016495
-0.039581
0.016495
-0.023666
0.035675
-0.023666
0.035675
-0.042023
0.008514
-0.042023
0.008514
-0.042084
-0.008202
-0.042084
-0.008202
-0.023926
-0.035522
-0.023926
-0.035522
-0.027145
0.033325
-0.027145
0.033325
-0.042755
0.004391
-0.042755
0.004391
-0.041199
-0.012306
-0.041199
-0.012306
-0.020416
-0.037842
-0.020416
-0.037842
-0.037933
-0.020111
-0.037933
-0.020111
-0.012581
-0.041046
-0.012581
-0.041046
0.004066
-0.042694
0.004066
-0.042694
0.033112
-0.027359
0.033112
-0.027359
-0.028763
0.031921
-0.028763
0.031921
-0.042908
0.002234
-0.042908
0.002234
-0.040466
-0.014351
-0.040466
-0.014351
-0.018463
-0.038757
-0.018463
-0.038757
-0.036896
-0.022003
-0.036896
-0.022003
-0.010498
-0.041656
-0.010498
-0.041656
0.006214
-0.042542
0.006214
-0.042542
0.034454
-0.025681
0.034454
-0.025681
-0.034546
-0.025391
-0.034546
-0.025391
-0.006474
-0.042389
-0.006474
-0.042389
0.010246
-0.041718
0.010246
-0.041718
0.036713
-0.022263
0.036713
-0.022263
0.018097
-0.038849
0.018097
-0.038849
0.040253
-0.014648
0.040253
-0.014648
0.042755
0.001899
0.042755
0.001899
0.028931
0.031555
0.028931
0.031555
-0.029510
0.031204
-0.029510
0.031204
-0.042938
0.001208
-0.042938
0.001208
-0.040100
-0.015297
-0.040100
-0.015297
-0.017532
-0.039154
-0.017532
-0.039154
-0.036346
-0.022781
-0.036346
-0.022781
-0.009583
-0.041840
-0.009583
-0.041840
0.007206
-0.042328
0.007206
-0.042328
0.035034
-0.024872
0.035034
-0.024872
-0.033966
-0.026321
-0.033966
-0.026321
-0.005417
-0.042633
-0.005417
-0.042633
0.011330
-0.041443
0.011330
-0.041443
0.037292
-0.021301
0.037292
-0.021301
0.019211
-0.038483
0.019211
-0.038483
0.040833
-0.013634
0.040833
-0.013634
0.042969
0.002998
0.042969
0.002998
0.028229
0.032471
0.028229
0.032471
-0.032532
-0.027924
-0.032532
-0.027924
-0.003281
-0.042755
-0.003281
-0.042755
0.013336
-0.040680
0.013336
-0.040680
0.038177
-0.019348
0.038177
-0.019348
0.021011
-0.037323
0.021011
-0.037323
0.041260
-0.011551
0.041260
-0.011551
0.042603
0.005081
0.042603
0.005081
0.026535
0.033722
0.026535
0.033722
0.024643
-0.035248
0.024643
-0.035248
0.042328
-0.007507
0.042328
-0.007507
0.041931
0.009247
0.041931
0.009247
0.023132
0.036194
0.023132
0.036194
0.039490
0.017319
0.039490
0.017319
0.015671
0.040131
0.015671
0.040131
-0.000896
0.043060
-0.000896
0.043060
-0.031067
0.029816
-0.031067
0.029816
-0.029846
0.030624
-0.029846
0.030624
-0.042725
0.000561
-0.042725
0.000561
-0.039795
-0.015884
-0.039795
-0.015884
-0.016922
-0.039368
-0.016922
-0.039368
-0.035889
-0.023300
-0.035889
-0.023300
-0.008888
-0.041870
-0.008888
-0.041870
0.007790
-0.042206
0.007790
-0.042206
0.035339
-0.024323
0.035339
-0.024323
-0.033447
-0.026779
-0.033447
-0.026779
-0.004726
-0.042572
-0.004726
-0.042572
0.011902
-0.041199
0.011902
-0.041199
0.037537
-0.020721
0.037537
-0.020721
0.019684
-0.038025
0.019684
-0.038025
0.040833
-0.012970
0.040833
-0.012970
0.042633
0.003668
0.042633
0.003668
0.027603
0.032745
0.027603
0.032745
-0.032013
-0.028229
-0.032013
-0.028229
-0.002665
-0.042633
-0.002665
-0.042633
0.013855
-0.040405
0.013855
-0.040405
0.038361
-0.018814
0.038361
-0.018814
0.021454
-0.036926
0.021454
-0.036926
0.041290
-0.010963
0.041290
-0.010963
0.042328
0.005676
0.042328
0.005676
0.025940
0.033905
0.025940
0.033905
0.024979
-0.034790
0.024979
-0.034790
0.042236
-0.006935
0.042236
-0.006935
0.041779
0.009773
0.041779
0.009773
0.022614
0.036407
0.022614
0.036407
0.038971
0.017761
0.038971
0.017761
0.014984
0.040070
0.014984
0.040070
-0.001489
0.042816
-0.001489
0.042816
-0.031342
0.029190
-0.031342
0.029190
-0.031647
-0.029068
-0.031647
-0.029068
-0.001801
-0.042908
-0.001801
-0.042908
0.014778
-0.040436
0.014778
-0.040436
0.039001
-0.018112
0.039001
-0.018112
0.022400
-0.036652
0.022400
-0.036652
0.041718
-0.010101
0.041718
-0.010101
0.042419
0.006680
0.042419
0.006680
0.025284
0.034698
0.025284
0.034698
0.025864
-0.034271
0.025864
-0.034271
0.042542
-0.005913
0.042542
-0.005913
0.041443
0.010811
0.041443
0.010811
0.021713
0.036987
0.021713
0.036987
0.038544
0.018646
0.038544
0.018646
0.014076
0.040405
0.014076
0.040405
-0.002460
0.042725
-0.002460
0.042725
-0.031952
0.028488
-0.031952
0.028488
0.027573
-0.032959
0.027573
-0.032959
0.042816
-0.003819
0.042816
-0.003819
0.040985
0.012878
0.040985
0.012878
0.019897
0.038055
0.019897
0.038055
0.037750
0.020569
0.037750
0.020569
0.012123
0.041199
0.012123
0.041199
-0.004597
0.042755
-0.004597
0.042755
-0.033447
0.026993
-0.033447
0.026993
0.035553
0.024170
0.035553
0.024170
0.008049
0.042236
0.008049
0.042236
-0.008720
0.042175
-0.008720
0.042175
-0.035980
0.023666
-0.035980
0.023666
-0.016769
0.039581
-0.016769
0.039581
-0.039856
0.016159
-0.039856
0.016159
-0.043060
-0.000335
-0.043060
-0.000335
-0.030182
-0.030685
-0.030182
-0.030685
-0.030182
0.030685
-0.030182
0.030685
-0.043060
0.000335
-0.043060
0.000335
-0.039856
-0.016159
-0.039856
-0.016159
-0.016769
-0.039581
-0.016769
-0.039581
-0.035980
-0.023666
-0.035980
-0.023666
-0.008720
-0.042175
-0.008720
-0.042175
0.008049
-0.042236
0.008049
-0.042236
0.035553
-0.024170
0.035553
-0.024170
-0.033447
-0.026993
-0.033447
-0.026993
-0.004597
-0.042755
-0.004597
-0.042755
0.012123
-0.041199
0.012123
-0.041199
0.037750
-0.020569
0.037750
-0.020569
0.019897
-0.038055
0.019897
-0.038055
0.040985
-0.012878
0.040985
-0.012878
0.042816
0.003819
0.042816
0.003819
0.027573
0.032959
0.027573
0.032959
-0.031952
-0.028488
-0.031952
-0.028488
-0.002460
-0.042725
-0.002460
-0.042725
0.014076
-0.040405
0.014076
-0.040405
0.038544
-0.018646
0.038544
-0.018646
0.021713
-0.036987
0.021713
-0.036987
0.041443
-0.010811
0.041443
-0.010811
0.042542
0.005913
0.042542
0.005913
0.025864
0.034271
0.025864
0.034271
0.025284
-0.034698
0.025284
-0.034698
0.042419
-0.006680
0.042419
-0.006680
0.041718
0.010101
0.041718
0.010101
0.022400
0.036652
0.022400
0.036652
0.039001
0.018112
0.039001
0.018112
0.014778
0.040436
0.014778
0.040436
-0.001801
0.042908
-0.001801
0.042908
-0.031647
0.029068
-0.031647
0.029068
-0.031342
-0.029190
-0.031342
-0.029190
-0.001489
-0.042816
-0.001489
-0.042816
0.014984
-0.040070
0.014984
-0.040070
0.038971
-0.017761
0.038971
-0.017761
0.022614
-0.036407
0.022614
-0.036407
0.041779
-0.009773
0.041779
-0.009773
0.042236
0.006935
0.042236
0.006935
0.024979
0.034790
0.024979
0.034790
0.025940
-0.033905
0.025940
-0.033905
0.042328
-0.005676
0.042328
-0.005676
0.041290
0.010963
0.041290
0.010963
0.021454
0.036926
0.021454
0.036926
0.038361
0.018814
0.038361
0.018814
0.013855
0.040405
0.013855
0.040405
-0.002665
0.042633
-0.002665
0.042633
-0.032013
0.028229
-0.032013
0.028229
0.027603
-0.032745
0.027603
-0.032745
0.042633
-0.003668
0.042633
-0.003668
0.040833
0.012970
0.040833
0.012970
0.019684
0.038025
0.019684
0.038025
0.037537
0.020721
0.037537
0.020721
0.011902
0.041199
0.011902
0.041199
-0.004726
0.042572
-0.004726
0.042572
-0.033447
0.026779
-0.033447
0.026779
0.035339
0.024323
0.035339
0.024323
0.007790
0.042206
0.007790
0.042206
-0.008888
0.041870
-0.008888
0.041870
-0.035889
0.023300
-0.035889
0.023300
-0.016922
0.039368
-0.016922
0.039368
-0.039795
0.015884
-0.039795
0.015884
-0.042725
-0.000561
-0.042725
-0.000561
-0.029846
-0.030624
-0.029846
-0.030624
-0.031067
-0.029816
-0.031067
-0.029816
-0.000896
-0.043060
-0.000896
-0.043060
0.015671
-0.040131
0.015671
-0.040131
0.039490
-0.017319
0.039490
-0.017319
0.023132
-0.036194
0.023132
-0.036194
0.041931
-0.009247
0.041931
-0.009247
0.042328
0.007507
0.042328
0.007507
0.024643
0.035248
0.024643
0.035248
0.026535
-0.033722
0.026535
-0.033722
0.042603
-0.005081
0.042603
-0.005081
0.041260
0.011551
0.041260
0.011551
0.021011
0.037323
0.021011
0.037323
0.038177
0.019348
0.038177
0.019348
0.013336
0.040680
0.013336
0.040680
-0.003281
0.042755
-0.003281
0.042755
-0.032532
0.027924
-0.032532
0.027924
0.028229
-0.032471
0.028229
-0.032471
0.042969
-0.002998
0.042969
-0.002998
0.040833
0.013634
0.040833
0.013634
0.019211
0.038483
0.019211
0.038483
0.037292
0.021301
0.037292
0.021301
0.011330
0.041443
0.011330
0.041443
-0.005417
0.042633
-0.005417
0.042633
-0.033966
0.026321
-0.033966
0.026321
0.035034
0.024872
0.035034
0.024872
0.007206
0.042328
0.007206
0.042328
-0.009583
0.041840
-0.009583
0.041840
-0.036346
0.022781
-0.036346
0.022781
-0.017532
0.039154
-0.017532
0.039154
-0.040100
0.015297
-0.040100
0.015297
-0.042938
-0.001208
-0.042938
-0.001208
-0.029510
-0.031204
-0.029510
-0.031204
0.028931
-0.031555
0.028931
-0.031555
0.042755
-0.001899
0.042755
-0.001899
0.040253
0.014648
0.040253
0.014648
0.018097
0.038849
0.018097
0.038849
0.036713
0.022263
0.036713
0.022263
0.010246
0.041718
0.010246
0.041718
-0.006474
0.042389
-0.006474
0.042389
-0.034546
0.025391
-0.034546
0.025391
0.034454
0.025681
0.034454
0.025681
0.006214
0.042542
0.006214
0.042542
-0.010498
0.041656
-0.010498
0.041656
-0.036896
0.022003
-0.036896
0.022003
-0.018463
0.038757
-0.018463
0.038757
-0.040466
0.014351
-0.040466
0.014351
-0.042908
-0.002234
-0.042908
-0.002234
-0.028763
-0.031921
-0.028763
-0.031921
0.033112
0.027359
0.033112
0.027359
0.004066
0.042694
0.004066
0.042694
-0.012581
0.041046
-0.012581
0.041046
-0.037933
0.020111
-0.037933
0.020111
-0.020416
0.037842
-0.020416
0.037842
-0.041199
0.012306
-0.041199
0.012306
-0.042755
-0.004391
-0.042755
-0.004391
-0.027145
-0.033325
-0.027145
-0.033325
-0.023926
0.035522
-0.023926
0.035522
-0.042084
0.008202
-0.042084
0.008202
-0.042023
-0.008514
-0.042023
-0.008514
-0.023666
-0.035675
-0.023666
-0.035675
-0.039581
-0.016495
-0.039581
-0.016495
-0.016342
-0.039673
-0.016342
-0.039673
0.000000
-0.042908
0.000000
-0.042908
0.030380
-0.030258
0.030380
-0.030258
