0.302225
-0.263373
0.061193
-0.210279
0.061192
-0.210280
-0.033938
-0.114727
0.061192
-0.210279
-0.033938
-0.114727
-0.033939
-0.114727
-0.049465
-0.042722
0.061192
-0.210278
-0.033938
-0.114727
-0.033938
-0.114727
-0.049465
-0.042722
-0.033938
-0.114727
-0.049465
-0.042722
-0.049466
-0.042722
-0.035350
-0.005039
0.061192
-0.210278
-0.033938
-0.114727
-0.033938
-0.114727
-0.049465
-0.042722
-0.033938
-0.114727
-0.049465
-0.042722
-0.049466
-0.042722
-0.035350
-0.005039
-0.033938
-0.114727
-0.049465
-0.042722
-0.049465
-0.042722
-0.035350
-0.005039
-0.049466
-0.042722
-0.035349
-0.005038
-0.035350
-0.005039
-0.017737
0.008118
0.061192
-0.210278
-0.033938
-0.114727
-0.033938
-0.114727
-0.049465
-0.042722
-0.033938
-0.114727
-0.049465
-0.042722
-0.049466
-0.042722
-0.035350
-0.005039
-0.033938
-0.114727
-0.049465
-0.042722
-0.049465
-0.042722
-0.035349
-0.005039
-0.049466
-0.042722
-0.035350
-0.005039
-0.035350
-0.005039
-0.017737
0.008118
-0.033937
-0.114727
-0.049464
-0.042722
-0.049465
-0.042722
-0.035349
-0.005039
-0.049466
-0.042722
-0.035349
-0.005038
-0.035350
-0.005039
-0.017737
0.008118
-0.049465
-0.042722
-0.035349
-0.005039
-0.035349
-0.005038
-0.017737
0.008118
-0.035350
-0.005038
-0.017737
0.008118
-0.017738
0.008118
-0.005758
0.008967
0.061193
-0.210279
-0.033938
-0.114727
-0.033938
-0.114727
-0.049465
-0.042723
-0.033939
-0.114727
-0.049465
-0.042722
-0.049465
-0.042722
-0.035350
-0.005039
-0.033938
-0.114727
-0.049465
-0.042722
-0.049465
-0.042722
-0.035349
-0.005039
-0.049466
-0.042722
-0.035350
-0.005039
-0.035350
-0.005039
-0.017737
0.008118
-0.033937
-0.114727
-0.049464
-0.042722
-0.049465
-0.042722
-0.035349
-0.005039
-0.049466
-0.042722
-0.035349
-0.005038
-0.035350
-0.005039
-0.017737
0.008118
-0.049465
-0.042722
-0.035349
-0.005039
-0.035349
-0.005038
-0.017737
0.008118
-0.035350
-0.005038
-0.017737
0.008118
-0.017738
0.008118
-0.005758
0.008967
-0.033937
-0.114727
-0.049465
-0.042722
-0.049465
-0.042722
-0.035349
-0.005039
-0.049466
-0.042722
-0.035350
-0.005039
-0.035350
-0.005039
-0.017738
0.008118
-0.049465
-0.042722
-0.035349
-0.005039
-0.035350
-0.005039
-0.017737
0.008117
-0.035350
-0.005038
-0.017737
0.008118
-0.017738
0.008118
-0.005758
0.008967
-0.049465
-0.042722
-0.035349
-0.005039
-0.035349
-0.005038
-0.017737
0.008118
-0.035350
-0.005038
-0.017737
0.008118
-0.017738
0.008118
-0.005758
0.008967
-0.035349
-0.005038
-0.017737
0.008118
-0.017738
0.008118
-0.005758
0.008967
-0.017738
0.008118
-0.005758
0.008967
-0.005758
0.008967
-0.000000
0.005822
