-0.051188
-0.348062
-0.126268
-0.144895
-0.126268
-0.144894
-0.100813
-0.029338
-0.126269
-0.144894
-0.100814
-0.029337
-0.100814
-0.029337
-0.055003
0.016271
-0.126268
-0.144893
-0.100813
-0.029337
-0.100814
-0.029337
-0.055003
0.016271
-0.100814
-0.029337
-0.055003
0.016271
-0.055004
0.016271
-0.020482
0.023715
-0.126268
-0.144893
-0.100813
-0.029337
-0.100814
-0.029337
-0.055003
0.016271
-0.100814
-0.029337
-0.055003
0.016271
-0.055004
0.016271
-0.020482
0.023715
-0.100814
-0.029336
-0.055003
0.016271
-0.055003
0.016271
-0.020482
0.023715
-0.055004
0.016271
-0.020482
0.023715
-0.020483
0.023715
-0.002416
0.016947
-0.126268
-0.144893
-0.100813
-0.029337
-0.100814
-0.029337
-0.055003
0.016271
-0.100814
-0.029337
-0.055003
0.016271
-0.055004
0.016271
-0.020482
0.023715
-0.100814
-0.029336
-0.055003
0.016271
-0.055003
0.016271
-0.020482
0.023715
-0.055004
0.016271
-0.020482
0.023715
-0.020483
0.023715
-0.002416
0.016947
-0.100814
-0.029337
-0.055003
0.016271
-0.055004
0.016271
-0.020483
0.023715
-0.055004
0.016271
-0.020482
0.023715
-0.020483
0.023715
-0.002416
0.016947
-0.055004
0.016271
-0.020482
0.023715
-0.020483
0.023715
-0.002416
0.016947
-0.020483
0.023715
-0.002416
0.016948
-0.002416
0.016947
0.003892
0.008504
-0.126268
-0.144893
-0.100813
-0.029337
-0.100814
-0.029337
-0.055003
0.016271
-0.100814
-0.029337
-0.055003
0.016271
-0.055004
0.016271
-0.020482
0.023715
-0.100814
-0.029336
-0.055003
0.016271
-0.055003
0.016271
-0.020482
0.023715
-0.055004
0.016271
-0.020482
0.023715
-0.020483
0.023715
-0.002416
0.016947
-0.100814
-0.029337
-0.055003
0.016271
-0.055004
0.016271
-0.020482
0.023715
-0.055004
0.016271
-0.020482
0.023715
-0.020483
0.023715
-0.002416
0.016947
-0.055004
0.016271
-0.020482
0.023715
-0.020483
0.023715
-0.002416
0.016948
-0.020483
0.023715
-0.002416
0.016948
-0.002416
0.016947
0.003892
0.008504
-0.100813
-0.029337
-0.055003
0.016270
-0.055004
0.016270
-0.020483
0.023715
-0.055004
0.016271
-0.020482
0.023715
-0.020483
0.023715
-0.002416
0.016947
-0.055004
0.016271
-0.020482
0.023715
-0.020483
0.023715
-0.002416
0.016947
-0.020483
0.023715
-0.002416
0.016948
-0.002416
0.016947
0.003892
0.008504
-0.055004
0.016271
-0.020482
0.023715
-0.020483
0.023715
-0.002416
0.016947
-0.020483
0.023715
-0.002416
0.016947
-0.002416
0.016947
0.003892
0.008504
-0.020483
0.023715
-0.002416
0.016948
-0.002416
0.016947
0.003892
0.008504
-0.002417
0.016948
0.003892
0.008504
0.003891
0.008504
0.004299
0.002760
-0.126268
-0.144894
-0.100813
-0.029338
-0.100814
-0.029338
-0.055003
0.016270
-0.100814
-0.029337
-0.055003
0.016271
-0.055004
0.016271
-0.020483
0.023715
-0.100814
-0.029337
-0.055003
0.016271
-0.055004
0.016271
-0.020482
0.023715
-0.055004
0.016271
-0.020482
0.023715
-0.020483
0.023715
-0.002416
0.016947
-0.100814
-0.029337
-0.055003
0.016271
-0.055004
0.016271
-0.020483
0.023715
-0.055004
0.016271
-0.020482
0.023715
-0.020483
0.023715
-0.002416
0.016947
-0.055004
0.016271
-0.020482
0.023715
-0.020483
0.023715
-0.002416
0.016948
-0.020483
0.023715
-0.002416
0.016948
-0.002416
0.016947
0.003892
0.008504
-0.100813
-0.029337
-0.055003
0.016270
-0.055004
0.016270
-0.020483
0.023715
-0.055004
0.016271
-0.020482
0.023715
-0.020483
0.023715
-0.002416
0.016947
-0.055004
0.016271
-0.020482
0.023715
-0.020483
0.023715
-0.002416
0.016947
-0.020483
0.023715
-0.002416
0.016948
-0.002416
0.016947
0.003892
0.008504
-0.055004
0.016271
-0.020482
0.023715
-0.020483
0.023715
-0.002416
0.016947
-0.020483
0.023715
-0.002416
0.016947
-0.002416
0.016947
0.003892
0.008504
-0.020483
0.023715
-0.002416
0.016948
-0.002416
0.016947
0.003892
0.008504
-0.002417
0.016948
0.003892
0.008504
0.003891
0.008504
0.004299
0.002760
-0.100814
-0.029337
-0.055003
0.016270
-0.055004
0.016271
-0.020483
0.023715
-0.055004
0.016271
-0.020482
0.023715
-0.020483
0.023715
-0.002416
0.016947
-0.055004
0.016271
-0.020483
0.023715
-0.020483
0.023715
-0.002416
0.016947
-0.020483
0.023716
-0.002416
0.016948
-0.002417
0.016948
0.003891
0.008504
-0.055004
0.016271
-0.020482
0.023715
-0.020483
0.023715
-0.002416
0.016947
-0.020483
0.023715
-0.002416
0.016948
-0.002417
0.016948
0.003891
0.008504
-0.020483
0.023715
-0.002416
0.016948
-0.002416
0.016947
0.003892
0.008504
-0.002417
0.016948
0.003892
0.008504
0.003891
0.008504
0.004299
0.002760
-0.055004
0.016271
-0.020482
0.023715
-0.020483
0.023715
-0.002416
0.016947
-0.020483
0.023715
-0.002416
0.016947
-0.002416
0.016947
0.003892
0.008504
-0.020483
0.023715
-0.002416
0.016948
-0.002416
0.016947
0.003892
0.008504
-0.002417
0.016948
0.003892
0.008504
0.003891
0.008504
0.004299
0.002760
-0.020483
0.023715
-0.002416
0.016947
-0.002416
0.016947
0.003892
0.008504
-0.002417
0.016948
0.003892
0.008504
0.003891
0.008504
0.004299
0.002760
-0.002417
0.016948
0.003892
0.008504
0.003891
0.008504
0.004299
0.002760
0.003891
0.008504
0.004299
0.002761
0.004298
0.002760
0.002791
0.000000
