-0.227342
0.147400
-0.061000
0.134864
-0.061001
0.134863
0.011765
0.080002
-0.061002
0.134863
0.011765
0.080002
0.011765
0.080002
0.029022
0.033304
-0.061002
0.134864
0.011765
0.080002
0.011765
0.080002
0.029022
0.033304
0.011765
0.080002
0.029022
0.033304
0.029022
0.033304
0.023171
0.006743
-0.061001
0.134864
0.011766
0.080002
0.011765
0.080002
0.029022
0.033304
0.011765
0.080003
0.029022
0.033304
0.029022
0.033304
0.023172
0.006743
0.011765
0.080003
0.029022
0.033304
0.029022
0.033304
0.023172
0.006743
0.029022
0.033304
0.023172
0.006743
0.023171
0.006744
0.012642
-0.003740
-0.061001
0.134863
0.011766
0.080002
0.011765
0.080002
0.029022
0.033303
0.011765
0.080002
0.029022
0.033304
0.029022
0.033304
0.023172
0.006743
0.011765
0.080003
0.029023
0.033304
0.029022
0.033304
0.023172
0.006743
0.029022
0.033304
0.023172
0.006743
0.023171
0.006744
0.012642
-0.003740
0.011765
0.080003
0.029023
0.033304
0.029022
0.033304
0.023172
0.006743
0.029022
0.033304
0.023172
0.006743
0.023171
0.006743
0.012642
-0.003740
0.029022
0.033305
0.023172
0.006743
0.023171
0.006744
0.012642
-0.003740
0.023171
0.006744
0.012642
-0.003740
0.012642
-0.003739
0.004708
-0.005451
-0.061001
0.134863
0.011766
0.080002
0.011765
0.080002
0.029022
0.033304
0.011765
0.080002
0.029022
0.033304
0.029022
0.033304
0.023172
0.006743
0.011765
0.080003
0.029022
0.033304
0.029022
0.033304
0.023171
0.006743
0.029022
0.033304
0.023172
0.006743
0.023171
0.006744
0.012642
-0.003740
0.011765
0.080003
0.029023
0.033304
0.029022
0.033304
0.023172
0.006743
0.029022
0.033304
0.023172
0.006743
0.023171
0.006743
0.012642
-0.003740
0.029022
0.033305
0.023172
0.006743
0.023171
0.006744
0.012642
-0.003740
0.023171
0.006744
0.012642
-0.003740
0.012642
-0.003739
0.004708
-0.005451
0.011765
0.080002
0.029022
0.033304
0.029022
0.033304
0.023172
0.006743
0.029022
0.033304
0.023171
0.006743
0.023171
0.006743
0.012642
-0.003740
0.029022
0.033304
0.023172
0.006743
0.023171
0.006743
0.012642
-0.003740
0.023171
0.006744
0.012642
-0.003740
0.012642
-0.003739
0.004708
-0.005451
0.029022
0.033304
0.023172
0.006743
0.023171
0.006743
0.012642
-0.003740
0.023171
0.006744
0.012642
-0.003740
0.012642
-0.003739
0.004708
-0.005451
0.023171
0.006744
0.012643
-0.003739
0.012642
-0.003740
0.004708
-0.005451
0.012642
-0.003739
0.004708
-0.005450
0.004708
-0.005450
0.000555
-0.003896
-0.061000
0.134863
0.011765
0.080001
0.011765
0.080002
0.029022
0.033304
0.011765
0.080002
0.029022
0.033304
0.029022
0.033304
0.023172
0.006743
0.011765
0.080003
0.029022
0.033304
0.029022
0.033304
0.023171
0.006743
0.029022
0.033304
0.023172
0.006743
0.023171
0.006744
0.012642
-0.003740
0.011765
0.080003
0.029023
0.033304
0.029022
0.033304
0.023172
0.006743
0.029022
0.033304
0.023172
0.006743
0.023171
0.006743
0.012642
-0.003740
0.029022
0.033305
0.023172
0.006743
0.023171
0.006744
0.012642
-0.003740
0.023171
0.006744
0.012642
-0.003740
0.012642
-0.003739
0.004708
-0.005451
0.011765
0.080002
0.029022
0.033304
0.029022
0.033304
0.023172
0.006743
0.029022
0.033304
0.023171
0.006743
0.023171
0.006743
0.012642
-0.003740
0.029022
0.033304
0.023172
0.006743
0.023171
0.006743
0.012642
-0.003740
0.023171
0.006744
0.012642
-0.003740
0.012642
-0.003739
0.004708
-0.005451
0.029022
0.033304
0.023172
0.006743
0.023171
0.006743
0.012642
-0.003740
0.023171
0.006744
0.012642
-0.003740
0.012642
-0.003739
0.004708
-0.005451
0.023171
0.006744
0.012643
-0.003739
0.012642
-0.003740
0.004708
-0.005451
0.012642
-0.003739
0.004708
-0.005450
0.004708
-0.005450
0.000555
-0.003896
0.011765
0.080002
0.029023
0.033304
0.029022
0.033304
0.023172
0.006743
0.029022
0.033304
0.023172
0.006743
0.023171
0.006743
0.012642
-0.003740
0.029022
0.033305
0.023172
0.006744
0.023171
0.006743
0.012642
-0.003740
0.023171
0.006744
0.012642
-0.003739
0.012642
-0.003740
0.004708
-0.005451
0.029022
0.033304
0.023172
0.006743
0.023171
0.006743
0.012642
-0.003740
0.023171
0.006744
0.012642
-0.003740
0.012642
-0.003739
0.004708
-0.005451
0.023171
0.006744
0.012643
-0.003739
0.012642
-0.003740
0.004708
-0.005451
0.012642
-0.003739
0.004708
-0.005450
0.004708
-0.005450
0.000555
-0.003896
0.029022
0.033304
0.023172
0.006743
0.023171
0.006743
0.012642
-0.003740
0.023171
0.006744
0.012642
-0.003740
0.012642
-0.003739
0.004708
-0.005451
0.023171
0.006744
0.012642
-0.003739
0.012642
-0.003740
0.004708
-0.005451
0.012642
-0.003739
0.004708
-0.005450
0.004708
-0.005450
0.000555
-0.003896
0.023172
0.006744
0.012643
-0.003740
0.012642
-0.003740
0.004708
-0.005451
0.012642
-0.003739
0.004708
-0.005451
0.004708
-0.005450
0.000555
-0.003896
0.012642
-0.003739
0.004708
-0.005450
0.004708
-0.005450
0.000555
-0.003896
0.004707
-0.005450
0.000555
-0.003895
0.000555
-0.003895
-0.000895
-0.001954
-0.061000
0.134863
0.011765
0.080001
0.011765
0.080002
0.029022
0.033304
0.011765
0.080002
0.029022
0.033304
0.029022
0.033304
0.023172
0.006743
0.011765
0.080003
0.029022
0.033304
0.029022
0.033304
0.023171
0.006743
0.029022
0.033304
0.023172
0.006743
0.023171
0.006744
0.012642
-0.003740
0.011765
0.080003
0.029023
0.033304
0.029022
0.033304
0.023172
0.006743
0.029022
0.033304
0.023172
0.006743
0.023171
0.006743
0.012642
-0.003740
0.029022
0.033305
0.023172
0.006743
0.023171
0.006744
0.012642
-0.003740
0.023171
0.006744
0.012642
-0.003740
0.012642
-0.003739
0.004708
-0.005451
0.011765
0.080002
0.029022
0.033304
0.029022
0.033304
0.023172
0.006743
0.029022
0.033304
0.023171
0.006743
0.023171
0.006743
0.012642
-0.003740
0.029022
0.033304
0.023172
0.006743
0.023171
0.006743
0.012642
-0.003740
0.023171
0.006744
0.012642
-0.003740
0.012642
-0.003739
0.004708
-0.005451
0.029022
0.033304
0.023172
0.006743
0.023171
0.006743
0.012642
-0.003740
0.023171
0.006744
0.012642
-0.003740
0.012642
-0.003739
0.004708
-0.005451
0.023171
0.006744
0.012643
-0.003739
0.012642
-0.003740
0.004708
-0.005451
0.012642
-0.003739
0.004708
-0.005450
0.004708
-0.005450
0.000555
-0.003896
0.011765
0.080003
0.029023
0.033304
0.029022
0.033304
0.023172
0.006743
0.029022
0.033304
0.023172
0.006743
0.023171
0.006743
0.012642
-0.003740
0.029022
0.033305
0.023172
0.006743
0.023171
0.006744
0.012642
-0.003740
0.023171
0.006744
0.012642
-0.003740
0.012642
-0.003739
0.004708
-0.005451
0.029022
0.033305
0.023172
0.006743
0.023171
0.006744
0.012642
-0.003740
0.023171
0.006744
0.012642
-0.003740
0.012642
-0.003739
0.004708
-0.005451
0.023171
0.006744
0.012642
-0.003739
0.012642
-0.003740
0.004708
-0.005451
0.012642
-0.003739
0.004708
-0.005450
0.004708
-0.005450
0.000555
-0.003896
0.029022
0.033304
0.023172
0.006743
0.023171
0.006743
0.012642
-0.003740
0.023171
0.006744
0.012642
-0.003740
0.012642
-0.003739
0.004708
-0.005451
0.023171
0.006744
0.012642
-0.003739
0.012642
-0.003740
0.004708
-0.005451
0.012642
-0.003739
0.004708
-0.005451
0.004708
-0.005450
0.000555
-0.003896
0.023172
0.006744
0.012643
-0.003740
0.012642
-0.003740
0.004708
-0.005451
0.012642
-0.003739
0.004708
-0.005451
0.004708
-0.005450
0.000555
-0.003896
0.012642
-0.003739
0.004708
-0.005450
0.004708
-0.005450
0.000555
-0.003896
0.004707
-0.005450
0.000555
-0.003895
0.000555
-0.003895
-0.000895
-0.001954
0.011765
0.080002
0.029022
0.033304
0.029022
0.033304
0.023171
0.006743
0.029022
0.033304
0.023171
0.006743
0.023171
0.006743
0.012642
-0.003740
0.029022
0.033305
0.023172
0.006744
0.023171
0.006744
0.012642
-0.003740
0.023171
0.006744
0.012642
-0.003739
0.012642
-0.003740
0.004708
-0.005451
0.029022
0.033305
0.023172
0.006743
0.023171
0.006744
0.012642
-0.003740
0.023171
0.006744
0.012642
-0.003740
0.012642
-0.003739
0.004708
-0.005451
0.023171
0.006744
0.012642
-0.003739
0.012642
-0.003740
0.004708
-0.005451
0.012642
-0.003739
0.004708
-0.005450
0.004708
-0.005450
0.000555
-0.003896
0.029022
0.033304
0.023172
0.006743
0.023171
0.006743
0.012642
-0.003740
0.023171
0.006744
0.012642
-0.003740
0.012642
-0.003739
0.004708
-0.005451
0.023171
0.006744
0.012642
-0.003739
0.012642
-0.003740
0.004708
-0.005451
0.012642
-0.003739
0.004708
-0.005450
0.004708
-0.005450
0.000555
-0.003896
0.023172
0.006744
0.012643
-0.003740
0.012642
-0.003740
0.004708
-0.005451
0.012642
-0.003739
0.004708
-0.005451
0.004708
-0.005450
0.000555
-0.003896
0.012642
-0.003739
0.004708
-0.005450
0.004708
-0.005450
0.000555
-0.003896
0.004707
-0.005450
0.000555
-0.003895
0.000555
-0.003895
-0.000895
-0.001954
0.029022
0.033304
0.023172
0.006743
0.023171
0.006743
0.012642
-0.003740
0.023171
0.006744
0.012642
-0.003740
0.012642
-0.003739
0.004708
-0.005451
0.023171
0.006744
0.012642
-0.003739
0.012642
-0.003740
0.004708
-0.005451
0.012642
-0.003739
0.004708
-0.005450
0.004708
-0.005450
0.000555
-0.003896
0.023171
0.006744
0.012642
-0.003739
0.012642
-0.003740
0.004708
-0.005451
0.012642
-0.003739
0.004708
-0.005450
0.004708
-0.005450
0.000555
-0.003896
0.012642
-0.003739
0.004708
-0.005450
0.004708
-0.005450
0.000555
-0.003896
0.004707
-0.005450
0.000555
-0.003895
0.000555
-0.003895
-0.000895
-0.001954
0.023171
0.006744
0.012643
-0.003740
0.012642
-0.003740
0.004708
-0.005451
0.012642
-0.003739
0.004708
-0.005451
0.004708
-0.005450
0.000555
-0.003896
0.012642
-0.003739
0.004708
-0.005450
0.004708
-0.005450
0.000555
-0.003896
0.004707
-0.005450
0.000555
-0.003895
0.000555
-0.003895
-0.000895
-0.001954
0.012642
-0.003738
0.004708
-0.005450
0.004708
-0.005450
0.000556
-0.003895
0.004708
-0.005450
0.000555
-0.003896
0.000555
-0.003895
-0.000895
-0.001954
0.004708
-0.005450
0.000556
-0.003895
0.000555
-0.003895
-0.000895
-0.001955
0.000554
-0.003895
-0.000895
-0.001954
-0.000895
-0.001954
-0.000988
-0.000634
-0.061002
0.134863
0.011765
0.080002
0.011765
0.080002
0.029022
0.033304
0.011765
0.080002
0.029022
0.033304
0.029022
0.033304
0.023171
0.006743
0.011765
0.080003
0.029022
0.033304
0.029022
0.033304
0.023171
0.006743
0.029022
0.033305
0.023172
0.006744
0.023171
0.006744
0.012642
-0.003740
0.011765
0.080003
0.029023
0.033304
0.029022
0.033304
0.023172
0.006743
0.029022
0.033304
0.023172
0.006743
0.023171
0.006744
0.012642
-0.003740
0.029022
0.033305
0.023172
0.006743
0.023171
0.006743
0.012642
-0.003740
0.023171
0.006744
0.012642
-0.003739
0.012642
-0.003740
0.004708
-0.005451
0.011765
0.080003
0.029023
0.033304
0.029022
0.033304
0.023172
0.006743
0.029022
0.033304
0.023172
0.006743
0.023171
0.006743
0.012642
-0.003740
0.029022
0.033305
0.023172
0.006743
0.023171
0.006744
0.012642
-0.003740
0.023171
0.006744
0.012642
-0.003740
0.012642
-0.003739
0.004708
-0.005451
0.029022
0.033304
0.023172
0.006743
0.023171
0.006743
0.012642
-0.003740
0.023171
0.006744
0.012642
-0.003740
0.012642
-0.003739
0.004708
-0.005451
0.023171
0.006744
0.012643
-0.003739
0.012642
-0.003740
0.004708
-0.005451
0.012642
-0.003739
0.004708
-0.005450
0.004708
-0.005450
0.000555
-0.003896
0.011765
0.080002
0.029023
0.033304
0.029022
0.033304
0.023172
0.006743
0.029022
0.033304
0.023172
0.006743
0.023171
0.006744
0.012642
-0.003740
0.029022
0.033305
0.023172
0.006744
0.023171
0.006743
0.012642
-0.003740
0.023171
0.006744
0.012642
-0.003739
0.012642
-0.003740
0.004708
-0.005451
0.029022
0.033305
0.023172
0.006743
0.023171
0.006744
0.012642
-0.003740
0.023171
0.006744
0.012642
-0.003740
0.012642
-0.003739
0.004708
-0.005451
0.023171
0.006744
0.012642
-0.003739
0.012642
-0.003740
0.004708
-0.005451
0.012642
-0.003739
0.004708
-0.005450
0.004708
-0.005450
0.000555
-0.003896
0.029022
0.033304
0.023172
0.006743
0.023171
0.006743
0.012642
-0.003740
0.023171
0.006744
0.012642
-0.003740
0.012642
-0.003739
0.004708
-0.005451
0.023171
0.006744
0.012642
-0.003739
0.012642
-0.003740
0.004708
-0.005451
0.012642
-0.003739
0.004708
-0.005451
0.004708
-0.005450
0.000555
-0.003896
0.023172
0.006744
0.012643
-0.003740
0.012642
-0.003740
0.004708
-0.005451
0.012642
-0.003739
0.004708
-0.005451
0.004708
-0.005450
0.000555
-0.003896
0.012642
-0.003739
0.004708
-0.005450
0.004708
-0.005450
0.000555
-0.003896
0.004707
-0.005450
0.000555
-0.003895
0.000555
-0.003895
-0.000895
-0.001954
0.011765
0.080002
0.029022
0.033304
0.029022
0.033304
0.023171
0.006743
0.029022
0.033304
0.023171
0.006743
0.023171
0.006743
0.012642
-0.003740
0.029022
0.033305
0.023172
0.006744
0.023171
0.006744
0.012642
-0.003740
0.023171
0.006744
0.012642
-0.003739
0.012642
-0.003740
0.004708
-0.005451
0.029022
0.033305
0.023172
0.006743
0.023171
0.006744
0.012642
-0.003740
0.023171
0.006744
0.012642
-0.003740
0.012642
-0.003739
0.004708
-0.005451
0.023171
0.006744
0.012642
-0.003739
0.012642
-0.003740
0.004708
-0.005451
0.012642
-0.003739
0.004708
-0.005450
0.004708
-0.005450
0.000555
-0.003896
0.029022
0.033304
0.023172
0.006743
0.023171
0.006743
0.012642
-0.003740
0.023171
0.006744
0.012642
-0.003740
0.012642
-0.003739
0.004708
-0.005451
0.023171
0.006744
0.012642
-0.003739
0.012642
-0.003740
0.004708
-0.005451
0.012642
-0.003739
0.004708
-0.005450
0.004708
-0.005450
0.000555
-0.003896
0.023172
0.006744
0.012643
-0.003740
0.012642
-0.003740
0.004708
-0.005451
0.012642
-0.003739
0.004708
-0.005451
0.004708
-0.005450
0.000555
-0.003896
0.012642
-0.003739
0.004708
-0.005450
0.004708
-0.005450
0.000555
-0.003896
0.004707
-0.005450
0.000555
-0.003895
0.000555
-0.003895
-0.000895
-0.001954
0.029022
0.033304
0.023172
0.006743
0.023171
0.006743
0.012642
-0.003740
0.023171
0.006744
0.012642
-0.003740
0.012642
-0.003739
0.004708
-0.005451
0.023171
0.006744
0.012642
-0.003739
0.012642
-0.003740
0.004708
-0.005451
0.012642
-0.003739
0.004708
-0.005450
0.004708
-0.005450
0.000555
-0.003896
0.023171
0.006744
0.012642
-0.003739
0.012642
-0.003740
0.004708
-0.005451
0.012642
-0.003739
0.004708
-0.005450
0.004708
-0.005450
0.000555
-0.003896
0.012642
-0.003739
0.004708
-0.005450
0.004708
-0.005450
0.000555
-0.003896
0.004707
-0.005450
0.000555
-0.003895
0.000555
-0.003895
-0.000895
-0.001954
0.023171
0.006744
0.012643
-0.003740
0.012642
-0.003740
0.004708
-0.005451
0.012642
-0.003739
0.004708
-0.005451
0.004708
-0.005450
0.000555
-0.003896
0.012642
-0.003739
0.004708
-0.005450
0.004708
-0.005450
0.000555
-0.003896
0.004707
-0.005450
0.000555
-0.003895
0.000555
-0.003895
-0.000895
-0.001954
0.012642
-0.003738
0.004708
-0.005450
0.004708
-0.005450
0.000556
-0.003895
0.004708
-0.005450
0.000555
-0.003896
0.000555
-0.003895
-0.000895
-0.001954
0.004708
-0.005450
0.000556
-0.003895
0.000555
-0.003895
-0.000895
-0.001955
0.000554
-0.003895
-0.000895
-0.001954
-0.000895
-0.001954
-0.000988
-0.000634
0.011765
0.080003
0.029022
0.033304
0.029022
0.033304
0.023171
0.006743
0.029022
0.033305
0.023172
0.006744
0.023171
0.006744
0.012642
-0.003740
0.029022
0.033305
0.023172
0.006744
0.023171
0.006743
0.012642
-0.003740
0.023171
0.006744
0.012642
-0.003739
0.012642
-0.003740
0.004708
-0.005451
0.029022
0.033305
0.023172
0.006743
0.023171
0.006744
0.012642
-0.003740
0.023171
0.006744
0.012642
-0.003740
0.012642
-0.003739
0.004708
-0.005451
0.023171
0.006744
0.012642
-0.003739
0.012642
-0.003740
0.004708
-0.005451
0.012642
-0.003739
0.004708
-0.005450
0.004708
-0.005450
0.000555
-0.003896
0.029022
0.033304
0.023172
0.006743
0.023171
0.006743
0.012642
-0.003740
0.023171
0.006744
0.012642
-0.003739
0.012642
-0.003740
0.004708
-0.005451
0.023171
0.006744
0.012643
-0.003739
0.012642
-0.003740
0.004708
-0.005451
0.012642
-0.003739
0.004708
-0.005450
0.004708
-0.005450
0.000555
-0.003896
0.023172
0.006744
0.012643
-0.003740
0.012642
-0.003740
0.004708
-0.005451
0.012642
-0.003739
0.004708
-0.005451
0.004708
-0.005450
0.000555
-0.003896
0.012642
-0.003738
0.004708
-0.005451
0.004708
-0.005450
0.000556
-0.003895
0.004707
-0.005450
0.000555
-0.003895
0.000555
-0.003895
-0.000895
-0.001954
0.029022
0.033304
0.023172
0.006743
0.023171
0.006743
0.012642
-0.003740
0.023171
0.006744
0.012642
-0.003740
0.012642
-0.003739
0.004708
-0.005451
0.023171
0.006744
0.012642
-0.003739
0.012642
-0.003740
0.004708
-0.005451
0.012642
-0.003739
0.004708
-0.005450
0.004708
-0.005450
0.000555
-0.003896
0.023171
0.006744
0.012642
-0.003739
0.012642
-0.003740
0.004708
-0.005451
0.012642
-0.003739
0.004708
-0.005451
0.004708
-0.005450
0.000555
-0.003896
0.012642
-0.003738
0.004708
-0.005451
0.004708
-0.005450
0.000556
-0.003895
0.004707
-0.005450
0.000555
-0.003895
0.000555
-0.003895
-0.000895
-0.001954
0.023171
0.006744
0.012643
-0.003740
0.012642
-0.003740
0.004708
-0.005451
0.012642
-0.003739
0.004708
-0.005451
0.004708
-0.005450
0.000555
-0.003896
0.012642
-0.003739
0.004708
-0.005450
0.004708
-0.005450
0.000555
-0.003896
0.004707
-0.005450
0.000555
-0.003895
0.000555
-0.003895
-0.000895
-0.001954
0.012642
-0.003739
0.004708
-0.005451
0.004708
-0.005450
0.000555
-0.003896
0.004708
-0.005450
0.000555
-0.003896
0.000555
-0.003895
-0.000895
-0.001954
0.004708
-0.005450
0.000556
-0.003895
0.000555
-0.003895
-0.000895
-0.001955
0.000554
-0.003895
-0.000895
-0.001954
-0.000895
-0.001954
-0.000988
-0.000634
0.029022
0.033304
0.023172
0.006743
0.023171
0.006743
0.012642
-0.003740
0.023171
0.006744
0.012642
-0.003740
0.012642
-0.003739
0.004708
-0.005451
0.023171
0.006744
0.012642
-0.003739
0.012642
-0.003740
0.004708
-0.005451
0.012642
-0.003739
0.004708
-0.005450
0.004708
-0.005450
0.000555
-0.003896
0.023171
0.006744
0.012642
-0.003739
0.012642
-0.003740
0.004708
-0.005451
0.012642
-0.003739
0.004708
-0.005450
0.004708
-0.005450
0.000555
-0.003896
0.012642
-0.003739
0.004708
-0.005450
0.004708
-0.005450
0.000555
-0.003896
0.004707
-0.005450
0.000555
-0.003895
0.000555
-0.003895
-0.000895
-0.001954
0.023171
0.006744
0.012643
-0.003740
0.012642
-0.003740
0.004708
-0.005451
0.012642
-0.003739
0.004708
-0.005451
0.004708
-0.005450
0.000555
-0.003896
0.012642
-0.003739
0.004708
-0.005450
0.004708
-0.005450
0.000555
-0.003896
0.004707
-0.005450
0.000555
-0.003895
0.000555
-0.003895
-0.000895
-0.001954
0.012642
-0.003738
0.004708
-0.005450
0.004708
-0.005450
0.000556
-0.003895
0.004708
-0.005450
0.000555
-0.003896
0.000555
-0.003895
-0.000895
-0.001954
0.004708
-0.005450
0.000556
-0.003895
0.000555
-0.003895
-0.000895
-0.001955
0.000554
-0.003895
-0.000895
-0.001954
-0.000895
-0.001954
-0.000988
-0.000634
0.023171
0.006744
0.012642
-0.003739
0.012642
-0.003740
0.004708
-0.005451
0.012642
-0.003739
0.004708
-0.005450
0.004708
-0.005450
0.000555
-0.003896
0.012642
-0.003739
0.004708
-0.005450
0.004708
-0.005450
0.000555
-0.003896
0.004707
-0.005450
0.000555
-0.003895
0.000555
-0.003895
-0.000895
-0.001954
0.012642
-0.003739
0.004708
-0.005451
0.004708
-0.005450
0.000555
-0.003896
0.004708
-0.005450
0.000555
-0.003896
0.000555
-0.003895
-0.000895
-0.001954
0.004708
-0.005450
0.000556
-0.003895
0.000555
-0.003895
-0.000895
-0.001955
0.000554
-0.003895
-0.000895
-0.001954
-0.000895
-0.001954
-0.000988
-0.000634
0.012643
-0.003739
0.004708
-0.005451
0.004708
-0.005450
0.000555
-0.003896
0.004708
-0.005450
0.000555
-0.003896
0.000555
-0.003895
-0.000895
-0.001955
0.004708
-0.005450
0.000556
-0.003895
0.000555
-0.003895
-0.000895
-0.001955
0.000554
-0.003895
-0.000895
-0.001954
-0.000895
-0.001954
-0.000988
-0.000634
0.004708
-0.005450
0.000556
-0.003895
0.000555
-0.003895
-0.000895
-0.001955
0.000555
-0.003895
-0.000895
-0.001954
-0.000895
-0.001955
-0.000988
-0.000635
0.000555
-0.003894
-0.000894
-0.001954
-0.000895
-0.001954
-0.000988
-0.000634
-0.000895
-0.001954
-0.000988
-0.000634
-0.000989
-0.000634
-0.000642
0.000000
