0.438607
0.127638
0.239302
-0.070788
0.239301
-0.070788
0.089112
-0.103176
0.239300
-0.070788
0.089112
-0.103175
0.089111
-0.103175
0.010510
-0.073732
0.239300
-0.070788
0.089112
-0.103175
0.089111
-0.103175
0.010510
-0.073732
0.089111
-0.103175
0.010510
-0.073732
0.010510
-0.073732
-0.016932
-0.036997
0.239300
-0.070788
0.089112
-0.103175
0.089111
-0.103175
0.010510
-0.073732
0.089112
-0.103175
0.010510
-0.073732
0.010510
-0.073733
-0.016932
-0.036997
0.089112
-0.103174
0.010510
-0.073732
0.010510
-0.073732
-0.016932
-0.036997
0.010509
-0.073732
-0.016932
-0.036997
-0.016932
-0.036997
-0.018704
-0.012010
0.239301
-0.070788
0.089112
-0.103176
0.089111
-0.103176
0.010510
-0.073732
0.089112
-0.103175
0.010511
-0.073732
0.010510
-0.073733
-0.016932
-0.036997
0.089112
-0.103174
0.010510
-0.073732
0.010510
-0.073732
-0.016932
-0.036997
0.010509
-0.073732
-0.016932
-0.036997
-0.016932
-0.036997
-0.018704
-0.012010
0.089112
-0.103174
0.010511
-0.073732
0.010510
-0.073733
-0.016932
-0.036997
0.010510
-0.073732
-0.016932
-0.036997
-0.016933
-0.036997
-0.018704
-0.012010
0.010509
-0.073732
-0.016932
-0.036997
-0.016932
-0.036997
-0.018704
-0.012010
-0.016932
-0.036996
-0.018704
-0.012009
-0.018705
-0.012010
-0.012143
0.000000
