0.438608
0.127637
0.239301
-0.070789
0.239301
-0.070789
0.089112
-0.103176
0.239301
-0.070789
0.089112
-0.103176
0.089112
-0.103176
0.010510
-0.073733
0.239301
-0.070788
0.089112
-0.103176
0.089112
-0.103176
0.010510
-0.073733
0.089112
-0.103176
0.010510
-0.073733
0.010510
-0.073733
-0.016932
-0.036997
0.239301
-0.070788
0.089112
-0.103176
0.089112
-0.103176
0.010510
-0.073733
0.089112
-0.103176
0.010510
-0.073733
0.010510
-0.073733
-0.016932
-0.036997
0.089112
-0.103176
0.010510
-0.073733
0.010510
-0.073733
-0.016932
-0.036997
0.010510
-0.073733
-0.016932
-0.036997
-0.016932
-0.036997
-0.018704
-0.012010
0.239301
-0.070788
0.089112
-0.103176
0.089112
-0.103176
0.010510
-0.073733
0.089112
-0.103176
0.010510
-0.073733
0.010510
-0.073733
-0.016932
-0.036997
0.089112
-0.103176
0.010510
-0.073733
0.010510
-0.073733
-0.016932
-0.036997
0.010510
-0.073733
-0.016932
-0.036997
-0.016932
-0.036997
-0.018704
-0.012010
0.089112
-0.103176
0.010510
-0.073733
0.010510
-0.073733
-0.016932
-0.036997
0.010510
-0.073733
-0.016932
-0.036997
-0.016932
-0.036997
-0.018704
-0.012010
0.010510
-0.073733
-0.016932
-0.036997
-0.016932
-0.036997
-0.018704
-0.012010
-0.016932
-0.036997
-0.018704
-0.012010
-0.018704
-0.012010
-0.012143
-0.000000
