0.146973
0.497559
0.214478
0.185303
0.214355
0.185303
0.153198
0.021912
0.214844
0.185547
0.153442
0.021851
0.153442
0.021881
0.077026
-0.035278
0.214600
0.185669
0.153320
0.021942
0.153320
0.022034
0.076965
-0.035156
0.153320
0.022034
0.076965
-0.035156
0.077026
-0.035248
0.025009
-0.038940
0.214600
0.185669
0.153320
0.021942
0.153320
0.022034
0.076965
-0.035156
0.153320
0.022034
0.076965
-0.035156
0.077026
-0.035248
0.025009
-0.038940
0.153320
0.022034
0.076965
-0.035156
0.077026
-0.035248
0.025009
-0.038940
0.076904
-0.035156
0.024963
-0.038849
0.024933
-0.038849
0.000000
-0.025223
