0.174438
0.111389
0.113098
-0.000275
0.113098
-0.000275
0.051880
-0.033508
0.113037
-0.000397
0.051819
-0.033539
0.051788
-0.033508
0.013893
-0.030685
0.112976
-0.000336
0.051788
-0.033478
0.051758
-0.033478
0.013885
-0.030655
0.051819
-0.033447
0.013924
-0.030670
0.013924
-0.030685
-0.002655
-0.018219
0.112976
-0.000336
0.051788
-0.033478
0.051758
-0.033478
0.013885
-0.030655
0.051819
-0.033447
0.013924
-0.030670
0.013924
-0.030685
-0.002655
-0.018219
0.051849
-0.033508
0.013924
-0.030701
0.013924
-0.030685
-0.002655
-0.018219
0.013916
-0.030670
-0.002651
-0.018204
-0.002651
-0.018188
-0.006596
-0.007584
0.113159
-0.000366
0.051880
-0.033569
0.051849
-0.033539
0.013916
-0.030716
0.051880
-0.033508
0.013931
-0.030701
0.013939
-0.030701
-0.002655
-0.018219
0.051971
-0.033600
0.013969
-0.030777
0.013985
-0.030792
-0.002666
-0.018280
0.013985
-0.030792
-0.002663
-0.018280
-0.002670
-0.018250
-0.006607
-0.007599
0.051819
-0.033447
0.013924
-0.030670
0.013924
-0.030685
-0.002655
-0.018219
0.013931
-0.030670
-0.002647
-0.018204
-0.002659
-0.018234
-0.006599
-0.007591
0.013992
-0.030731
-0.002647
-0.018250
-0.002663
-0.018250
-0.006607
-0.007603
-0.002659
-0.018265
-0.006607
-0.007607
-0.006603
-0.007607
-0.005280
-0.001546
0.113159
-0.000366
0.051880
-0.033569
0.051849
-0.033539
0.013916
-0.030716
0.051849
-0.033539
0.013916
-0.030716
0.013931
-0.030701
-0.002666
-0.018219
0.051941
-0.033600
0.013947
-0.030762
0.013939
-0.030731
-0.002666
-0.018234
0.013931
-0.030762
-0.002674
-0.018250
-0.002678
-0.018250
-0.006611
-0.007595
0.051971
-0.033539
0.013977
-0.030746
0.013992
-0.030731
-0.002647
-0.018250
0.013992
-0.030823
-0.002666
-0.018295
-0.002655
-0.018280
-0.006615
-0.007622
0.013992
-0.030823
-0.002666
-0.018295
-0.002655
-0.018280
-0.006615
-0.007622
-0.002666
-0.018250
-0.006607
-0.007599
-0.006615
-0.007607
-0.005283
-0.001542
0.051971
-0.033539
0.013977
-0.030746
0.013992
-0.030777
-0.002655
-0.018280
0.013977
-0.030807
-0.002674
-0.018280
-0.002682
-0.018265
-0.006615
-0.007603
0.013992
-0.030823
-0.002666
-0.018295
-0.002663
-0.018280
-0.006611
-0.007610
-0.002670
-0.018280
-0.006622
-0.007610
-0.006622
-0.007614
-0.005291
-0.001540
0.013954
-0.030823
-0.002678
-0.018280
-0.002686
-0.018265
-0.006626
-0.007603
-0.002682
-0.018265
-0.006622
-0.007607
-0.006618
-0.007599
-0.005283
-0.001537
-0.002666
-0.018234
-0.006599
-0.007591
-0.006615
-0.007599
-0.005280
-0.001541
-0.006618
-0.007607
-0.005287
-0.001539
-0.005287
-0.001538
-0.002884
0.000854
0.113342
-0.000214
0.052002
-0.033569
0.051971
-0.033539
0.013977
-0.030746
0.051971
-0.033600
0.013969
-0.030777
0.013985
-0.030792
-0.002666
-0.018280
0.051971
-0.033539
0.013977
-0.030746
0.013992
-0.030731
-0.002647
-0.018250
0.013992
-0.030823
-0.002666
-0.018295
-0.002655
-0.018280
-0.006615
-0.007622
0.051971
-0.033539
0.013977
-0.030746
0.013992
-0.030777
-0.002655
-0.018280
0.013977
-0.030807
-0.002674
-0.018280
-0.002682
-0.018265
-0.006615
-0.007603
0.013992
-0.030823
-0.002666
-0.018295
-0.002663
-0.018280
-0.006611
-0.007610
-0.002670
-0.018280
-0.006622
-0.007610
-0.006622
-0.007614
-0.005291
-0.001540
0.051941
-0.033600
0.013947
-0.030762
0.013954
-0.030792
-0.002674
-0.018265
0.013947
-0.030823
-0.002686
-0.018280
-0.002682
-0.018265
-0.006622
-0.007607
0.013954
-0.030823
-0.002678
-0.018280
-0.002682
-0.018265
-0.006615
-0.007603
-0.002670
-0.018280
-0.006622
-0.007610
-0.006626
-0.007614
-0.005291
-0.001539
0.013954
-0.030823
-0.002678
-0.018280
-0.002686
-0.018265
-0.006626
-0.007603
-0.002682
-0.018265
-0.006622
-0.007607
-0.006618
-0.007599
-0.005283
-0.001537
-0.002666
-0.018234
-0.006599
-0.007591
-0.006615
-0.007599
-0.005280
-0.001541
-0.006618
-0.007607
-0.005287
-0.001539
-0.005287
-0.001538
-0.002884
0.000854
0.051941
-0.033600
0.013947
-0.030762
0.013954
-0.030792
-0.002674
-0.018265
0.013947
-0.030823
-0.002686
-0.018280
-0.002682
-0.018265
-0.006622
-0.007607
0.013954
-0.030823
-0.002678
-0.018280
-0.002682
-0.018265
-0.006615
-0.007603
-0.002670
-0.018280
-0.006622
-0.007610
-0.006626
-0.007614
-0.005291
-0.001539
0.013954
-0.030823
-0.002678
-0.018280
-0.002686
-0.018265
-0.006626
-0.007603
-0.002682
-0.018265
-0.006622
-0.007607
-0.006618
-0.007599
-0.005283
-0.001537
-0.002666
-0.018234
-0.006599
-0.007591
-0.006615
-0.007599
-0.005280
-0.001541
-0.006618
-0.007607
-0.005287
-0.001539
-0.005287
-0.001538
-0.002884
0.000854
0.013954
-0.030823
-0.002678
-0.018280
-0.002686
-0.018265
-0.006626
-0.007603
-0.002682
-0.018265
-0.006622
-0.007607
-0.006618
-0.007599
-0.005283
-0.001537
-0.002666
-0.018234
-0.006599
-0.007591
-0.006615
-0.007599
-0.005280
-0.001541
-0.006618
-0.007607
-0.005287
-0.001539
-0.005287
-0.001538
-0.002884
0.000854
-0.002682
-0.018250
-0.006611
-0.007591
-0.006615
-0.007599
-0.005283
-0.001539
-0.006618
-0.007607
-0.005287
-0.001539
-0.005287
-0.001538
-0.002884
0.000854
-0.006618
-0.007607
-0.005287
-0.001539
-0.005287
-0.001542
-0.002888
0.000853
-0.005283
-0.001544
-0.002886
0.000851
-0.002888
0.000853
-0.001075
0.001244
0.113037
-0.000397
0.051819
-0.033539
0.051758
-0.033539
0.013878
-0.030701
0.051849
-0.033539
0.013916
-0.030716
0.013931
-0.030701
-0.002666
-0.018219
0.051849
-0.033630
0.013893
-0.030762
0.013893
-0.030746
-0.002693
-0.018234
0.013931
-0.030762
-0.002674
-0.018250
-0.002686
-0.018250
-0.006615
-0.007591
0.051971
-0.033600
0.013969
-0.030777
0.013985
-0.030792
-0.002666
-0.018280
0.013977
-0.030807
-0.002674
-0.018280
-0.002682
-0.018265
-0.006615
-0.007603
0.013977
-0.030807
-0.002674
-0.018280
-0.002682
-0.018265
-0.006615
-0.007603
-0.002670
-0.018280
-0.006622
-0.007610
-0.006622
-0.007614
-0.005291
-0.001541
0.051819
-0.033569
0.013901
-0.030716
0.013893
-0.030701
-0.002682
-0.018219
0.013893
-0.030746
-0.002693
-0.018234
-0.002689
-0.018250
-0.006615
-0.007591
0.013931
-0.030762
-0.002674
-0.018250
-0.002678
-0.018250
-0.006611
-0.007595
-0.002682
-0.018250
-0.006611
-0.007591
-0.006615
-0.007599
-0.005280
-0.001540
0.013893
-0.030670
-0.002670
-0.018204
-0.002686
-0.018219
-0.006611
-0.007576
-0.002674
-0.018204
-0.006607
-0.007576
-0.006603
-0.007568
-0.005272
-0.001533
-0.002674
-0.018234
-0.006603
-0.007591
-0.006611
-0.007584
-0.005280
-0.001535
-0.006611
-0.007599
-0.005280
-0.001542
-0.005280
-0.001541
-0.002884
0.000850
0.051971
-0.033539
0.013977
-0.030746
0.013992
-0.030777
-0.002655
-0.018280
0.013977
-0.030807
-0.002674
-0.018280
-0.002682
-0.018265
-0.006615
-0.007603
0.013992
-0.030823
-0.002666
-0.018295
-0.002663
-0.018280
-0.006611
-0.007610
-0.002670
-0.018280
-0.006622
-0.007610
-0.006622
-0.007614
-0.005291
-0.001540
0.013954
-0.030823
-0.002678
-0.018280
-0.002686
-0.018265
-0.006626
-0.007603
-0.002682
-0.018265
-0.006622
-0.007607
-0.006618
-0.007599
-0.005283
-0.001537
-0.002666
-0.018234
-0.006599
-0.007591
-0.006615
-0.007599
-0.005280
-0.001541
-0.006618
-0.007607
-0.005287
-0.001539
-0.005287
-0.001538
-0.002884
0.000854
0.013954
-0.030823
-0.002678
-0.018280
-0.002686
-0.018265
-0.006626
-0.007603
-0.002682
-0.018265
-0.006622
-0.007607
-0.006618
-0.007599
-0.005283
-0.001537
-0.002666
-0.018234
-0.006599
-0.007591
-0.006615
-0.007599
-0.005280
-0.001541
-0.006618
-0.007607
-0.005287
-0.001539
-0.005287
-0.001538
-0.002884
0.000854
-0.002682
-0.018250
-0.006611
-0.007591
-0.006615
-0.007599
-0.005283
-0.001539
-0.006618
-0.007607
-0.005287
-0.001539
-0.005287
-0.001538
-0.002884
0.000854
-0.006618
-0.007607
-0.005287
-0.001539
-0.005287
-0.001542
-0.002888
0.000853
-0.005283
-0.001544
-0.002886
0.000851
-0.002888
0.000853
-0.001075
0.001244
0.051971
-0.033539
0.013977
-0.030746
0.013992
-0.030731
-0.002647
-0.018250
0.013992
-0.030823
-0.002666
-0.018295
-0.002655
-0.018280
-0.006615
-0.007622
0.014015
-0.030807
-0.002655
-0.018295
-0.002651
-0.018280
-0.006607
-0.007618
-0.002651
-0.018280
-0.006607
-0.007618
-0.006611
-0.007622
-0.005287
-0.001547
0.014015
-0.030807
-0.002655
-0.018295
-0.002651
-0.018280
-0.006607
-0.007618
-0.002651
-0.018280
-0.006607
-0.007618
-0.006611
-0.007622
-0.005287
-0.001547
-0.002666
-0.018234
-0.006599
-0.007591
-0.006615
-0.007599
-0.005280
-0.001541
-0.006603
-0.007599
-0.005276
-0.001542
-0.005283
-0.001545
-0.002884
0.000849
0.013992
-0.030823
-0.002666
-0.018295
-0.002655
-0.018280
-0.006615
-0.007622
-0.002655
-0.018280
-0.006615
-0.007622
-0.006615
-0.007618
-0.005287
-0.001545
-0.002651
-0.018280
-0.006607
-0.007618
-0.006611
-0.007622
-0.005287
-0.001547
-0.006603
-0.007599
-0.005276
-0.001542
-0.005283
-0.001545
-0.002884
0.000849
-0.002651
-0.018280
-0.006607
-0.007618
-0.006611
-0.007622
-0.005287
-0.001547
-0.006603
-0.007599
-0.005276
-0.001542
-0.005283
-0.001545
-0.002884
0.000849
-0.006611
-0.007622
-0.005287
-0.001547
-0.005287
-0.001553
-0.002888
0.000847
-0.005283
-0.001545
-0.002884
0.000849
-0.002886
0.000850
-0.001076
0.001243
0.013893
-0.030670
-0.002670
-0.018204
-0.002686
-0.018219
-0.006611
-0.007576
-0.002674
-0.018204
-0.006607
-0.007576
-0.006603
-0.007568
-0.005272
-0.001533
-0.002674
-0.018234
-0.006603
-0.007591
-0.006611
-0.007584
-0.005280
-0.001535
-0.006611
-0.007599
-0.005280
-0.001542
-0.005280
-0.001541
-0.002884
0.000850
-0.002666
-0.018234
-0.006599
-0.007591
-0.006615
-0.007599
-0.005280
-0.001541
-0.006603
-0.007599
-0.005276
-0.001542
-0.005283
-0.001545
-0.002884
0.000849
-0.006618
-0.007607
-0.005287
-0.001539
-0.005287
-0.001538
-0.002884
0.000854
-0.005280
-0.001541
-0.002884
0.000850
-0.002882
0.000850
-0.001073
0.001242
-0.002640
-0.018234
-0.006596
-0.007599
-0.006599
-0.007607
-0.005276
-0.001549
-0.006588
-0.007595
-0.005272
-0.001547
-0.005272
-0.001547
-0.002880
0.000845
-0.006611
-0.007622
-0.005287
-0.001547
-0.005287
-0.001553
-0.002888
0.000847
-0.005283
-0.001545
-0.002884
0.000849
-0.002886
0.000850
-0.001076
0.001243
-0.006599
-0.007614
-0.005280
-0.001549
-0.005287
-0.001553
-0.002888
0.000847
-0.005287
-0.001553
-0.002888
0.000847
-0.002890
0.000849
-0.001077
0.001242
-0.005280
-0.001547
-0.002884
0.000848
-0.002884
0.000849
-0.001075
0.001242
-0.002890
0.000849
-0.001077
0.001242
-0.001076
0.001242
-0.000128
0.000888
0.113342
-0.000336
0.052002
-0.033630
0.052002
-0.033661
0.013962
-0.030823
0.051910
-0.033661
0.013916
-0.030777
0.013924
-0.030807
-0.002686
-0.018265
0.051910
-0.033661
0.013916
-0.030777
0.013924
-0.030807
-0.002686
-0.018265
0.013954
-0.030823
-0.002678
-0.018280
-0.002682
-0.018265
-0.006615
-0.007603
0.051910
-0.033661
0.013916
-0.030777
0.013924
-0.030807
-0.002686
-0.018265
0.013977
-0.030807
-0.002674
-0.018280
-0.002682
-0.018265
-0.006615
-0.007603
0.013954
-0.030823
-0.002678
-0.018280
-0.002682
-0.018265
-0.006615
-0.007603
-0.002678
-0.018295
-0.006634
-0.007618
-0.006622
-0.007614
-0.005291
-0.001540
0.051941
-0.033600
0.013947
-0.030762
0.013954
-0.030792
-0.002674
-0.018265
0.013947
-0.030823
-0.002686
-0.018280
-0.002682
-0.018265
-0.006622
-0.007607
0.013954
-0.030823
-0.002678
-0.018280
-0.002682
-0.018265
-0.006615
-0.007603
-0.002670
-0.018280
-0.006622
-0.007610
-0.006626
-0.007614
-0.005291
-0.001539
0.013954
-0.030823
-0.002678
-0.018280
-0.002686
-0.018265
-0.006626
-0.007603
-0.002682
-0.018265
-0.006622
-0.007607
-0.006618
-0.007599
-0.005283
-0.001537
-0.002682
-0.018250
-0.006611
-0.007591
-0.006615
-0.007599
-0.005283
-0.001539
-0.006618
-0.007607
-0.005287
-0.001539
-0.005287
-0.001538
-0.002884
0.000854
0.051941
-0.033600
0.013947
-0.030762
0.013954
-0.030792
-0.002674
-0.018265
0.013947
-0.030823
-0.002686
-0.018280
-0.002682
-0.018265
-0.006622
-0.007607
0.013954
-0.030823
-0.002678
-0.018280
-0.002682
-0.018265
-0.006615
-0.007603
-0.002670
-0.018280
-0.006622
-0.007610
-0.006626
-0.007614
-0.005291
-0.001539
0.013954
-0.030823
-0.002678
-0.018280
-0.002686
-0.018265
-0.006626
-0.007603
-0.002682
-0.018265
-0.006622
-0.007607
-0.006618
-0.007599
-0.005283
-0.001537
-0.002666
-0.018234
-0.006599
-0.007591
-0.006615
-0.007599
-0.005280
-0.001541
-0.006618
-0.007607
-0.005287
-0.001539
-0.005287
-0.001538
-0.002884
0.000854
0.013954
-0.030823
-0.002678
-0.018280
-0.002686
-0.018265
-0.006626
-0.007603
-0.002682
-0.018265
-0.006622
-0.007607
-0.006618
-0.007599
-0.005283
-0.001537
-0.002666
-0.018234
-0.006599
-0.007591
-0.006615
-0.007599
-0.005280
-0.001541
-0.006618
-0.007607
-0.005287
-0.001539
-0.005287
-0.001538
-0.002884
0.000854
-0.002682
-0.018250
-0.006611
-0.007591
-0.006615
-0.007599
-0.005283
-0.001539
-0.006618
-0.007607
-0.005287
-0.001539
-0.005287
-0.001538
-0.002884
0.000854
-0.006618
-0.007607
-0.005287
-0.001539
-0.005287
-0.001542
-0.002888
0.000853
-0.005283
-0.001544
-0.002886
0.000851
-0.002888
0.000853
-0.001075
0.001244
0.051941
-0.033600
0.013947
-0.030762
0.013954
-0.030792
-0.002674
-0.018265
0.013947
-0.030823
-0.002686
-0.018280
-0.002682
-0.018265
-0.006622
-0.007607
0.013954
-0.030823
-0.002678
-0.018280
-0.002682
-0.018265
-0.006615
-0.007603
-0.002670
-0.018280
-0.006622
-0.007610
-0.006626
-0.007614
-0.005291
-0.001539
0.013954
-0.030823
-0.002678
-0.018280
-0.002686
-0.018265
-0.006626
-0.007603
-0.002682
-0.018265
-0.006622
-0.007607
-0.006618
-0.007599
-0.005283
-0.001537
-0.002666
-0.018234
-0.006599
-0.007591
-0.006615
-0.007599
-0.005280
-0.001541
-0.006618
-0.007607
-0.005287
-0.001539
-0.005287
-0.001538
-0.002884
0.000854
0.013954
-0.030823
-0.002678
-0.018280
-0.002686
-0.018265
-0.006626
-0.007603
-0.002682
-0.018265
-0.006622
-0.007607
-0.006618
-0.007599
-0.005283
-0.001537
-0.002682
-0.018250
-0.006611
-0.007591
-0.006615
-0.007599
-0.005283
-0.001539
-0.006618
-0.007607
-0.005287
-0.001539
-0.005287
-0.001538
-0.002884
0.000854
-0.002686
-0.018250
-0.006615
-0.007591
-0.006615
-0.007584
-0.005280
-0.001534
-0.006618
-0.007595
-0.005283
-0.001536
-0.005283
-0.001536
-0.002884
0.000854
-0.006615
-0.007599
-0.005280
-0.001540
-0.005283
-0.001536
-0.002884
0.000854
-0.005287
-0.001538
-0.002884
0.000854
-0.002884
0.000854
-0.001073
0.001244
0.013954
-0.030823
-0.002678
-0.018280
-0.002686
-0.018265
-0.006626
-0.007603
-0.002682
-0.018265
-0.006622
-0.007607
-0.006618
-0.007599
-0.005283
-0.001537
-0.002682
-0.018250
-0.006611
-0.007591
-0.006615
-0.007599
-0.005283
-0.001539
-0.006618
-0.007607
-0.005287
-0.001539
-0.005287
-0.001538
-0.002884
0.000854
-0.002682
-0.018250
-0.006611
-0.007591
-0.006615
-0.007599
-0.005283
-0.001539
-0.006618
-0.007607
-0.005287
-0.001539
-0.005287
-0.001538
-0.002884
0.000854
-0.006618
-0.007607
-0.005287
-0.001539
-0.005287
-0.001542
-0.002888
0.000853
-0.005283
-0.001544
-0.002886
0.000851
-0.002888
0.000853
-0.001075
0.001244
-0.002682
-0.018250
-0.006611
-0.007591
-0.006615
-0.007599
-0.005283
-0.001539
-0.006618
-0.007607
-0.005287
-0.001539
-0.005287
-0.001538
-0.002884
0.000854
-0.006618
-0.007607
-0.005287
-0.001539
-0.005287
-0.001542
-0.002888
0.000853
-0.005283
-0.001544
-0.002886
0.000851
-0.002888
0.000853
-0.001075
0.001244
-0.006622
-0.007622
-0.005295
-0.001547
-0.005287
-0.001548
-0.002888
0.000850
-0.005291
-0.001540
-0.002888
0.000854
-0.002888
0.000853
-0.001075
0.001244
-0.005283
-0.001544
-0.002886
0.000851
-0.002888
0.000853
-0.001075
0.001244
-0.002884
0.000850
-0.001074
0.001242
-0.001075
0.001243
-0.000127
0.000888
0.051941
-0.033600
0.013947
-0.030762
0.013954
-0.030792
-0.002674
-0.018265
0.013947
-0.030823
-0.002686
-0.018280
-0.002682
-0.018265
-0.006622
-0.007607
0.013954
-0.030823
-0.002678
-0.018280
-0.002682
-0.018265
-0.006615
-0.007603
-0.002670
-0.018280
-0.006622
-0.007610
-0.006626
-0.007614
-0.005291
-0.001539
0.013954
-0.030823
-0.002678
-0.018280
-0.002686
-0.018265
-0.006626
-0.007603
-0.002682
-0.018265
-0.006622
-0.007607
-0.006618
-0.007599
-0.005283
-0.001537
-0.002666
-0.018234
-0.006599
-0.007591
-0.006615
-0.007599
-0.005280
-0.001541
-0.006618
-0.007607
-0.005287
-0.001539
-0.005287
-0.001538
-0.002884
0.000854
0.013954
-0.030823
-0.002678
-0.018280
-0.002686
-0.018265
-0.006626
-0.007603
-0.002682
-0.018265
-0.006622
-0.007607
-0.006618
-0.007599
-0.005283
-0.001537
-0.002666
-0.018234
-0.006599
-0.007591
-0.006615
-0.007599
-0.005280
-0.001541
-0.006618
-0.007607
-0.005287
-0.001539
-0.005287
-0.001538
-0.002884
0.000854
-0.002682
-0.018250
-0.006611
-0.007591
-0.006615
-0.007599
-0.005283
-0.001539
-0.006618
-0.007607
-0.005287
-0.001539
-0.005287
-0.001538
-0.002884
0.000854
-0.006618
-0.007607
-0.005287
-0.001539
-0.005287
-0.001542
-0.002888
0.000853
-0.005283
-0.001544
-0.002886
0.000851
-0.002888
0.000853
-0.001075
0.001244
0.013954
-0.030823
-0.002678
-0.018280
-0.002686
-0.018265
-0.006626
-0.007603
-0.002682
-0.018265
-0.006622
-0.007607
-0.006618
-0.007599
-0.005283
-0.001537
-0.002682
-0.018250
-0.006611
-0.007591
-0.006615
-0.007599
-0.005283
-0.001539
-0.006618
-0.007607
-0.005287
-0.001539
-0.005287
-0.001538
-0.002884
0.000854
-0.002682
-0.018250
-0.006611
-0.007591
-0.006615
-0.007599
-0.005283
-0.001539
-0.006618
-0.007607
-0.005287
-0.001539
-0.005287
-0.001538
-0.002884
0.000854
-0.006618
-0.007607
-0.005287
-0.001539
-0.005287
-0.001542
-0.002888
0.000853
-0.005283
-0.001544
-0.002886
0.000851
-0.002888
0.000853
-0.001075
0.001244
-0.002682
-0.018250
-0.006611
-0.007591
-0.006615
-0.007599
-0.005283
-0.001539
-0.006618
-0.007607
-0.005287
-0.001539
-0.005287
-0.001538
-0.002884
0.000854
-0.006618
-0.007607
-0.005287
-0.001539
-0.005287
-0.001542
-0.002888
0.000853
-0.005283
-0.001544
-0.002886
0.000851
-0.002888
0.000853
-0.001075
0.001244
-0.006622
-0.007622
-0.005295
-0.001547
-0.005287
-0.001548
-0.002888
0.000850
-0.005291
-0.001540
-0.002888
0.000854
-0.002888
0.000853
-0.001075
0.001244
-0.005283
-0.001544
-0.002886
0.000851
-0.002888
0.000853
-0.001075
0.001244
-0.002884
0.000850
-0.001074
0.001242
-0.001075
0.001243
-0.000127
0.000888
0.013954
-0.030823
-0.002678
-0.018280
-0.002686
-0.018265
-0.006626
-0.007603
-0.002682
-0.018265
-0.006622
-0.007607
-0.006618
-0.007599
-0.005283
-0.001537
-0.002682
-0.018250
-0.006611
-0.007591
-0.006615
-0.007599
-0.005283
-0.001539
-0.006618
-0.007607
-0.005287
-0.001539
-0.005287
-0.001538
-0.002884
0.000854
-0.002682
-0.018250
-0.006611
-0.007591
-0.006615
-0.007599
-0.005283
-0.001539
-0.006618
-0.007607
-0.005287
-0.001539
-0.005287
-0.001538
-0.002884
0.000854
-0.006618
-0.007607
-0.005287
-0.001539
-0.005287
-0.001542
-0.002888
0.000853
-0.005283
-0.001544
-0.002886
0.000851
-0.002888
0.000853
-0.001075
0.001244
-0.002682
-0.018250
-0.006611
-0.007591
-0.006615
-0.007599
-0.005283
-0.001539
-0.006618
-0.007607
-0.005287
-0.001539
-0.005287
-0.001538
-0.002884
0.000854
-0.006618
-0.007607
-0.005287
-0.001539
-0.005287
-0.001542
-0.002888
0.000853
-0.005283
-0.001544
-0.002886
0.000851
-0.002888
0.000853
-0.001075
0.001244
-0.006622
-0.007622
-0.005295
-0.001547
-0.005287
-0.001548
-0.002888
0.000850
-0.005291
-0.001540
-0.002888
0.000854
-0.002888
0.000853
-0.001075
0.001244
-0.005283
-0.001544
-0.002886
0.000851
-0.002888
0.000853
-0.001075
0.001244
-0.002884
0.000850
-0.001074
0.001242
-0.001075
0.001243
-0.000127
0.000888
-0.002674
-0.018311
-0.006634
-0.007622
-0.006622
-0.007614
-0.005295
-0.001543
-0.006634
-0.007607
-0.005295
-0.001534
-0.005291
-0.001540
-0.002888
0.000854
-0.006630
-0.007618
-0.005299
-0.001542
-0.005299
-0.001546
-0.002892
0.000854
-0.005302
-0.001544
-0.002892
0.000854
-0.002893
0.000855
-0.001078
0.001246
-0.006630
-0.007622
-0.005302
-0.001546
-0.005299
-0.001546
-0.002893
0.000853
-0.005299
-0.001546
-0.002893
0.000853
-0.002893
0.000853
-0.001078
0.001246
-0.005299
-0.001546
-0.002892
0.000854
-0.002893
0.000855
-0.001078
0.001246
-0.002893
0.000853
-0.001078
0.001246
-0.001077
0.001247
-0.000127
0.000891
-0.006630
-0.007618
-0.005299
-0.001542
-0.005299
-0.001546
-0.002892
0.000854
-0.005302
-0.001544
-0.002892
0.000854
-0.002893
0.000855
-0.001078
0.001246
-0.005299
-0.001536
-0.002888
0.000855
-0.002892
0.000858
-0.001075
0.001247
-0.002888
0.000856
-0.001075
0.001245
-0.001074
0.001245
-0.000126
0.000890
-0.005295
-0.001542
-0.002892
0.000854
-0.002890
0.000852
-0.001077
0.001245
-0.002890
0.000853
-0.001076
0.001245
-0.001076
0.001245
-0.000127
0.000890
-0.002888
0.000855
-0.001075
0.001245
-0.001074
0.001245
-0.000126
0.000889
-0.001077
0.001247
-0.000127
0.000891
-0.000127
0.000890
0.000205
0.000447
0.113586
-0.000244
0.052124
-0.033661
0.052124
-0.033630
0.014015
-0.030838
0.052124
-0.033630
0.014023
-0.030838
0.014015
-0.030853
-0.002659
-0.018311
0.052032
-0.033630
0.013977
-0.030823
0.013985
-0.030792
-0.002666
-0.018280
0.013992
-0.030823
-0.002666
-0.018295
-0.002655
-0.018280
-0.006615
-0.007622
0.051910
-0.033661
0.013916
-0.030777
0.013924
-0.030807
-0.002686
-0.018265
0.013977
-0.030807
-0.002674
-0.018280
-0.002682
-0.018265
-0.006615
-0.007603
0.013992
-0.030823
-0.002666
-0.018295
-0.002659
-0.018280
-0.006618
-0.007614
-0.002670
-0.018295
-0.006626
-0.007614
-0.006622
-0.007614
-0.005287
-0.001542
0.052002
-0.033569
0.013977
-0.030777
0.013992
-0.030777
-0.002655
-0.018280
0.014015
-0.030807
-0.002655
-0.018295
-0.002651
-0.018280
-0.006607
-0.007618
0.014015
-0.030807
-0.002655
-0.018295
-0.002651
-0.018280
-0.006607
-0.007618
-0.002647
-0.018280
-0.006615
-0.007622
-0.006611
-0.007622
-0.005287
-0.001547
0.014023
-0.030838
-0.002659
-0.018311
-0.002647
-0.018311
-0.006622
-0.007629
-0.002647
-0.018311
-0.006622
-0.007629
-0.006618
-0.007629
-0.005299
-0.001554
-0.002640
-0.018295
-0.006607
-0.007622
-0.006607
-0.007622
-0.005283
-0.001551
-0.006611
-0.007629
-0.005291
-0.001554
-0.005291
-0.001555
-0.002892
0.000847
0.051971
-0.033539
0.013977
-0.030746
0.013992
-0.030777
-0.002655
-0.018280
0.013977
-0.030807
-0.002674
-0.018280
-0.002682
-0.018265
-0.006615
-0.007603
0.013992
-0.030823
-0.002666
-0.018295
-0.002663
-0.018280
-0.006611
-0.007610
-0.002670
-0.018280
-0.006622
-0.007610
-0.006622
-0.007614
-0.005291
-0.001540
0.013954
-0.030823
-0.002678
-0.018280
-0.002686
-0.018265
-0.006626
-0.007603
-0.002682
-0.018265
-0.006622
-0.007607
-0.006618
-0.007599
-0.005283
-0.001537
-0.002666
-0.018234
-0.006599
-0.007591
-0.006615
-0.007599
-0.005280
-0.001541
-0.006618
-0.007607
-0.005287
-0.001539
-0.005287
-0.001538
-0.002884
0.000854
0.013992
-0.030823
-0.002666
-0.018295
-0.002655
-0.018280
-0.006615
-0.007622
-0.002655
-0.018280
-0.006615
-0.007622
-0.006615
-0.007618
-0.005287
-0.001545
-0.002651
-0.018280
-0.006607
-0.007618
-0.006611
-0.007622
-0.005287
-0.001547
-0.006603
-0.007599
-0.005276
-0.001542
-0.005283
-0.001545
-0.002884
0.000849
-0.002651
-0.018280
-0.006607
-0.007618
-0.006611
-0.007622
-0.005287
-0.001547
-0.006603
-0.007599
-0.005276
-0.001542
-0.005283
-0.001545
-0.002884
0.000849
-0.006611
-0.007622
-0.005287
-0.001547
-0.005287
-0.001553
-0.002888
0.000847
-0.005283
-0.001545
-0.002884
0.000849
-0.002886
0.000850
-0.001076
0.001243
0.051971
-0.033539
0.013977
-0.030746
0.013992
-0.030777
-0.002655
-0.018280
0.013977
-0.030807
-0.002674
-0.018280
-0.002682
-0.018265
-0.006615
-0.007603
0.013992
-0.030823
-0.002666
-0.018295
-0.002663
-0.018280
-0.006611
-0.007610
-0.002670
-0.018280
-0.006622
-0.007610
-0.006622
-0.007614
-0.005291
-0.001540
0.013954
-0.030823
-0.002678
-0.018280
-0.002686
-0.018265
-0.006626
-0.007603
-0.002682
-0.018265
-0.006622
-0.007607
-0.006618
-0.007599
-0.005283
-0.001537
-0.002666
-0.018234
-0.006599
-0.007591
-0.006615
-0.007599
-0.005280
-0.001541
-0.006618
-0.007607
-0.005287
-0.001539
-0.005287
-0.001538
-0.002884
0.000854
0.013992
-0.030823
-0.002666
-0.018295
-0.002655
-0.018280
-0.006615
-0.007622
-0.002655
-0.018280
-0.006615
-0.007622
-0.006615
-0.007618
-0.005287
-0.001545
-0.002651
-0.018280
-0.006607
-0.007618
-0.006611
-0.007622
-0.005287
-0.001547
-0.006603
-0.007599
-0.005276
-0.001542
-0.005283
-0.001545
-0.002884
0.000849
-0.002651
-0.018280
-0.006607
-0.007618
-0.006611
-0.007622
-0.005287
-0.001547
-0.006603
-0.007599
-0.005276
-0.001542
-0.005283
-0.001545
-0.002884
0.000849
-0.006611
-0.007622
-0.005287
-0.001547
-0.005287
-0.001553
-0.002888
0.000847
-0.005283
-0.001545
-0.002884
0.000849
-0.002886
0.000850
-0.001076
0.001243
0.013992
-0.030823
-0.002666
-0.018295
-0.002655
-0.018280
-0.006615
-0.007622
-0.002655
-0.018280
-0.006615
-0.007622
-0.006615
-0.007618
-0.005287
-0.001545
-0.002651
-0.018280
-0.006607
-0.007618
-0.006611
-0.007622
-0.005287
-0.001547
-0.006603
-0.007599
-0.005276
-0.001542
-0.005283
-0.001545
-0.002884
0.000849
-0.002651
-0.018280
-0.006607
-0.007618
-0.006611
-0.007622
-0.005287
-0.001547
-0.006603
-0.007599
-0.005276
-0.001542
-0.005283
-0.001545
-0.002884
0.000849
-0.006611
-0.007622
-0.005287
-0.001547
-0.005287
-0.001553
-0.002888
0.000847
-0.005283
-0.001545
-0.002884
0.000849
-0.002886
0.000850
-0.001076
0.001243
-0.002640
-0.018234
-0.006596
-0.007599
-0.006599
-0.007607
-0.005276
-0.001549
-0.006588
-0.007595
-0.005272
-0.001547
-0.005272
-0.001547
-0.002880
0.000845
-0.006611
-0.007622
-0.005287
-0.001547
-0.005287
-0.001553
-0.002888
0.000847
-0.005283
-0.001545
-0.002884
0.000849
-0.002886
0.000850
-0.001076
0.001243
-0.006599
-0.007614
-0.005280
-0.001549
-0.005287
-0.001553
-0.002888
0.000847
-0.005287
-0.001553
-0.002888
0.000847
-0.002890
0.000849
-0.001077
0.001242
-0.005280
-0.001547
-0.002884
0.000848
-0.002884
0.000849
-0.001075
0.001242
-0.002890
0.000849
-0.001077
0.001242
-0.001076
0.001242
-0.000128
0.000888
0.051971
-0.033539
0.013977
-0.030746
0.013992
-0.030731
-0.002647
-0.018250
0.013992
-0.030823
-0.002666
-0.018295
-0.002655
-0.018280
-0.006615
-0.007622
0.014015
-0.030807
-0.002655
-0.018295
-0.002651
-0.018280
-0.006607
-0.007618
-0.002651
-0.018280
-0.006607
-0.007618
-0.006611
-0.007622
-0.005287
-0.001547
0.014015
-0.030807
-0.002655
-0.018295
-0.002651
-0.018280
-0.006607
-0.007618
-0.002651
-0.018280
-0.006607
-0.007618
-0.006611
-0.007622
-0.005287
-0.001547
-0.002666
-0.018234
-0.006599
-0.007591
-0.006615
-0.007599
-0.005280
-0.001541
-0.006603
-0.007599
-0.005276
-0.001542
-0.005283
-0.001545
-0.002884
0.000849
0.013992
-0.030823
-0.002666
-0.018295
-0.002655
-0.018280
-0.006615
-0.007622
-0.002655
-0.018280
-0.006615
-0.007622
-0.006615
-0.007618
-0.005287
-0.001545
-0.002651
-0.018280
-0.006607
-0.007618
-0.006611
-0.007622
-0.005287
-0.001547
-0.006603
-0.007599
-0.005276
-0.001542
-0.005283
-0.001545
-0.002884
0.000849
-0.002651
-0.018280
-0.006607
-0.007618
-0.006611
-0.007622
-0.005287
-0.001547
-0.006603
-0.007599
-0.005276
-0.001542
-0.005283
-0.001545
-0.002884
0.000849
-0.006611
-0.007622
-0.005287
-0.001547
-0.005287
-0.001553
-0.002888
0.000847
-0.005283
-0.001545
-0.002884
0.000849
-0.002886
0.000850
-0.001076
0.001243
0.014015
-0.030807
-0.002655
-0.018295
-0.002651
-0.018280
-0.006607
-0.007618
-0.002647
-0.018265
-0.006599
-0.007614
-0.006607
-0.007614
-0.005280
-0.001547
-0.002647
-0.018280
-0.006615
-0.007622
-0.006611
-0.007622
-0.005287
-0.001548
-0.006611
-0.007622
-0.005287
-0.001547
-0.005287
-0.001553
-0.002888
0.000847
-0.002640
-0.018295
-0.006607
-0.007622
-0.006607
-0.007622
-0.005283
-0.001551
-0.006599
-0.007614
-0.005280
-0.001549
-0.005287
-0.001553
-0.002888
0.000847
-0.006599
-0.007614
-0.005280
-0.001549
-0.005287
-0.001553
-0.002888
0.000847
-0.005283
-0.001554
-0.002888
0.000846
-0.002890
0.000847
-0.001078
0.001242
-0.002640
-0.018234
-0.006596
-0.007599
-0.006599
-0.007607
-0.005276
-0.001549
-0.006588
-0.007595
-0.005272
-0.001547
-0.005272
-0.001547
-0.002880
0.000845
-0.006611
-0.007622
-0.005287
-0.001547
-0.005287
-0.001553
-0.002888
0.000847
-0.005283
-0.001545
-0.002884
0.000849
-0.002886
0.000850
-0.001076
0.001243
-0.006599
-0.007614
-0.005280
-0.001549
-0.005287
-0.001553
-0.002888
0.000847
-0.005287
-0.001553
-0.002888
0.000847
-0.002890
0.000849
-0.001077
0.001242
-0.005280
-0.001551
-0.002886
0.000847
-0.002886
0.000847
-0.001076
0.001242
-0.002886
0.000847
-0.001076
0.001242
-0.001075
0.001240
-0.000128
0.000887
0.013992
-0.030823
-0.002666
-0.018295
-0.002655
-0.018280
-0.006615
-0.007622
-0.002663
-0.018280
-0.006611
-0.007610
-0.006622
-0.007614
-0.005287
-0.001543
-0.002651
-0.018280
-0.006607
-0.007618
-0.006611
-0.007622
-0.005287
-0.001547
-0.006618
-0.007607
-0.005287
-0.001539
-0.005287
-0.001542
-0.002888
0.000853
-0.002655
-0.018280
-0.006615
-0.007622
-0.006615
-0.007618
-0.005287
-0.001544
-0.006618
-0.007607
-0.005287
-0.001539
-0.005287
-0.001542
-0.002888
0.000853
-0.006618
-0.007607
-0.005287
-0.001539
-0.005287
-0.001542
-0.002888
0.000853
-0.005283
-0.001544
-0.002886
0.000851
-0.002888
0.000853
-0.001075
0.001244
-0.002651
-0.018280
-0.006607
-0.007618
-0.006611
-0.007622
-0.005287
-0.001547
-0.006618
-0.007607
-0.005287
-0.001539
-0.005287
-0.001542
-0.002888
0.000853
-0.006611
-0.007622
-0.005287
-0.001547
-0.005287
-0.001548
-0.002888
0.000850
-0.005283
-0.001544
-0.002886
0.000851
-0.002888
0.000853
-0.001075
0.001244
-0.006611
-0.007629
-0.005291
-0.001554
-0.005291
-0.001555
-0.002892
0.000847
-0.005287
-0.001553
-0.002890
0.000846
-0.002890
0.000847
-0.001078
0.001242
-0.005287
-0.001546
-0.002888
0.000852
-0.002886
0.000850
-0.001076
0.001243
-0.002890
0.000849
-0.001077
0.001242
-0.001076
0.001242
-0.000128
0.000889
-0.002659
-0.018265
-0.006607
-0.007607
-0.006603
-0.007607
-0.005280
-0.001546
-0.006596
-0.007591
-0.005272
-0.001544
-0.005280
-0.001543
-0.002882
0.000849
-0.006611
-0.007599
-0.005280
-0.001542
-0.005283
-0.001545
-0.002884
0.000849
-0.005283
-0.001544
-0.002886
0.000851
-0.002888
0.000853
-0.001075
0.001244
-0.006599
-0.007607
-0.005276
-0.001548
-0.005287
-0.001549
-0.002888
0.000848
-0.005280
-0.001547
-0.002884
0.000848
-0.002884
0.000849
-0.001075
0.001242
-0.005280
-0.001551
-0.002886
0.000847
-0.002884
0.000848
-0.001076
0.001242
-0.002886
0.000847
-0.001076
0.001242
-0.001076
0.001242
-0.000128
0.000888
-0.006603
-0.007599
-0.005276
-0.001542
-0.005280
-0.001539
-0.002880
0.000851
-0.005276
-0.001541
-0.002880
0.000850
-0.002880
0.000849
-0.001073
0.001241
-0.005272
-0.001545
-0.002880
0.000847
-0.002880
0.000846
-0.001074
0.001239
-0.002878
0.000846
-0.001072
0.001238
-0.001073
0.001240
-0.000127
0.000886
-0.005272
-0.001545
-0.002880
0.000847
-0.002880
0.000846
-0.001074
0.001239
-0.002878
0.000846
-0.001072
0.001238
-0.001073
0.001240
-0.000127
0.000886
-0.002880
0.000848
-0.001074
0.001240
-0.001074
0.001240
-0.000127
0.000886
-0.001072
0.001240
-0.000127
0.000886
-0.000127
0.000887
0.000204
0.000445
0.051971
-0.033539
0.013977
-0.030746
0.013992
-0.030731
-0.002647
-0.018250
0.013992
-0.030823
-0.002666
-0.018295
-0.002655
-0.018280
-0.006615
-0.007622
0.014015
-0.030807
-0.002655
-0.018295
-0.002651
-0.018280
-0.006607
-0.007618
-0.002651
-0.018280
-0.006607
-0.007618
-0.006611
-0.007622
-0.005287
-0.001547
0.014015
-0.030807
-0.002655
-0.018295
-0.002651
-0.018280
-0.006607
-0.007618
-0.002651
-0.018280
-0.006607
-0.007618
-0.006611
-0.007622
-0.005287
-0.001547
-0.002666
-0.018234
-0.006599
-0.007591
-0.006615
-0.007599
-0.005280
-0.001541
-0.006603
-0.007599
-0.005276
-0.001542
-0.005283
-0.001545
-0.002884
0.000849
0.013992
-0.030823
-0.002666
-0.018295
-0.002655
-0.018280
-0.006615
-0.007622
-0.002655
-0.018280
-0.006615
-0.007622
-0.006615
-0.007618
-0.005287
-0.001545
-0.002651
-0.018280
-0.006607
-0.007618
-0.006611
-0.007622
-0.005287
-0.001547
-0.006603
-0.007599
-0.005276
-0.001542
-0.005283
-0.001545
-0.002884
0.000849
-0.002651
-0.018280
-0.006607
-0.007618
-0.006611
-0.007622
-0.005287
-0.001547
-0.006603
-0.007599
-0.005276
-0.001542
-0.005283
-0.001545
-0.002884
0.000849
-0.006611
-0.007622
-0.005287
-0.001547
-0.005287
-0.001553
-0.002888
0.000847
-0.005283
-0.001545
-0.002884
0.000849
-0.002886
0.000850
-0.001076
0.001243
0.014015
-0.030807
-0.002655
-0.018295
-0.002651
-0.018280
-0.006607
-0.007618
-0.002647
-0.018265
-0.006599
-0.007614
-0.006607
-0.007614
-0.005280
-0.001547
-0.002647
-0.018280
-0.006615
-0.007622
-0.006611
-0.007622
-0.005287
-0.001548
-0.006611
-0.007622
-0.005287
-0.001547
-0.005287
-0.001553
-0.002888
0.000847
-0.002640
-0.018295
-0.006607
-0.007622
-0.006607
-0.007622
-0.005283
-0.001551
-0.006599
-0.007614
-0.005280
-0.001549
-0.005287
-0.001553
-0.002888
0.000847
-0.006599
-0.007614
-0.005280
-0.001549
-0.005287
-0.001553
-0.002888
0.000847
-0.005283
-0.001554
-0.002888
0.000846
-0.002890
0.000847
-0.001078
0.001242
-0.002640
-0.018234
-0.006596
-0.007599
-0.006599
-0.007607
-0.005276
-0.001549
-0.006588
-0.007595
-0.005272
-0.001547
-0.005272
-0.001547
-0.002880
0.000845
-0.006611
-0.007622
-0.005287
-0.001547
-0.005287
-0.001553
-0.002888
0.000847
-0.005283
-0.001545
-0.002884
0.000849
-0.002886
0.000850
-0.001076
0.001243
-0.006599
-0.007614
-0.005280
-0.001549
-0.005287
-0.001553
-0.002888
0.000847
-0.005287
-0.001553
-0.002888
0.000847
-0.002890
0.000849
-0.001077
0.001242
-0.005280
-0.001551
-0.002886
0.000847
-0.002886
0.000847
-0.001076
0.001242
-0.002886
0.000847
-0.001076
0.001242
-0.001075
0.001240
-0.000128
0.000887
0.013992
-0.030823
-0.002666
-0.018295
-0.002655
-0.018280
-0.006615
-0.007622
-0.002663
-0.018280
-0.006611
-0.007610
-0.006622
-0.007614
-0.005287
-0.001543
-0.002651
-0.018280
-0.006607
-0.007618
-0.006611
-0.007622
-0.005287
-0.001547
-0.006618
-0.007607
-0.005287
-0.001539
-0.005287
-0.001542
-0.002888
0.000853
-0.002655
-0.018280
-0.006615
-0.007622
-0.006615
-0.007618
-0.005287
-0.001544
-0.006618
-0.007607
-0.005287
-0.001539
-0.005287
-0.001542
-0.002888
0.000853
-0.006618
-0.007607
-0.005287
-0.001539
-0.005287
-0.001542
-0.002888
0.000853
-0.005283
-0.001544
-0.002886
0.000851
-0.002888
0.000853
-0.001075
0.001244
-0.002651
-0.018280
-0.006607
-0.007618
-0.006611
-0.007622
-0.005287
-0.001547
-0.006618
-0.007607
-0.005287
-0.001539
-0.005287
-0.001542
-0.002888
0.000853
-0.006611
-0.007622
-0.005287
-0.001547
-0.005287
-0.001548
-0.002888
0.000850
-0.005283
-0.001544
-0.002886
0.000851
-0.002888
0.000853
-0.001075
0.001244
-0.006611
-0.007629
-0.005291
-0.001554
-0.005291
-0.001555
-0.002892
0.000847
-0.005287
-0.001553
-0.002890
0.000846
-0.002890
0.000847
-0.001078
0.001242
-0.005287
-0.001546
-0.002888
0.000852
-0.002886
0.000850
-0.001076
0.001243
-0.002890
0.000849
-0.001077
0.001242
-0.001076
0.001242
-0.000128
0.000889
-0.002659
-0.018265
-0.006607
-0.007607
-0.006603
-0.007607
-0.005280
-0.001546
-0.006596
-0.007591
-0.005272
-0.001544
-0.005280
-0.001543
-0.002882
0.000849
-0.006611
-0.007599
-0.005280
-0.001542
-0.005283
-0.001545
-0.002884
0.000849
-0.005283
-0.001544
-0.002886
0.000851
-0.002888
0.000853
-0.001075
0.001244
-0.006599
-0.007607
-0.005276
-0.001548
-0.005287
-0.001549
-0.002888
0.000848
-0.005280
-0.001547
-0.002884
0.000848
-0.002884
0.000849
-0.001075
0.001242
-0.005280
-0.001551
-0.002886
0.000847
-0.002884
0.000848
-0.001076
0.001242
-0.002886
0.000847
-0.001076
0.001242
-0.001076
0.001242
-0.000128
0.000888
-0.006603
-0.007599
-0.005276
-0.001542
-0.005280
-0.001539
-0.002880
0.000851
-0.005276
-0.001541
-0.002880
0.000850
-0.002880
0.000849
-0.001073
0.001241
-0.005272
-0.001545
-0.002880
0.000847
-0.002880
0.000846
-0.001074
0.001239
-0.002878
0.000846
-0.001072
0.001238
-0.001073
0.001240
-0.000127
0.000886
-0.005272
-0.001545
-0.002880
0.000847
-0.002880
0.000846
-0.001074
0.001239
-0.002878
0.000846
-0.001072
0.001238
-0.001073
0.001240
-0.000127
0.000886
-0.002880
0.000848
-0.001074
0.001240
-0.001074
0.001240
-0.000127
0.000886
-0.001072
0.001240
-0.000127
0.000886
-0.000127
0.000887
0.000204
0.000445
0.013954
-0.030823
-0.002678
-0.018280
-0.002686
-0.018265
-0.006626
-0.007603
-0.002682
-0.018265
-0.006622
-0.007607
-0.006618
-0.007599
-0.005283
-0.001537
-0.002682
-0.018250
-0.006611
-0.007591
-0.006615
-0.007599
-0.005283
-0.001539
-0.006618
-0.007607
-0.005287
-0.001539
-0.005287
-0.001538
-0.002884
0.000854
-0.002682
-0.018250
-0.006611
-0.007591
-0.006615
-0.007599
-0.005283
-0.001539
-0.006618
-0.007607
-0.005287
-0.001539
-0.005287
-0.001538
-0.002884
0.000854
-0.006618
-0.007607
-0.005287
-0.001539
-0.005287
-0.001542
-0.002888
0.000853
-0.005283
-0.001544
-0.002886
0.000851
-0.002888
0.000853
-0.001075
0.001244
-0.002682
-0.018250
-0.006611
-0.007591
-0.006615
-0.007599
-0.005283
-0.001539
-0.006618
-0.007607
-0.005287
-0.001539
-0.005287
-0.001538
-0.002884
0.000854
-0.006618
-0.007607
-0.005287
-0.001539
-0.005287
-0.001542
-0.002888
0.000853
-0.005283
-0.001544
-0.002886
0.000851
-0.002888
0.000853
-0.001075
0.001244
-0.006622
-0.007622
-0.005295
-0.001547
-0.005287
-0.001548
-0.002888
0.000850
-0.005291
-0.001540
-0.002888
0.000854
-0.002888
0.000853
-0.001075
0.001244
-0.005283
-0.001544
-0.002886
0.000851
-0.002888
0.000853
-0.001075
0.001244
-0.002884
0.000850
-0.001074
0.001242
-0.001075
0.001243
-0.000127
0.000888
-0.002674
-0.018311
-0.006634
-0.007622
-0.006622
-0.007614
-0.005295
-0.001543
-0.006634
-0.007607
-0.005295
-0.001534
-0.005291
-0.001540
-0.002888
0.000854
-0.006630
-0.007618
-0.005299
-0.001542
-0.005299
-0.001546
-0.002892
0.000854
-0.005302
-0.001544
-0.002892
0.000854
-0.002893
0.000855
-0.001078
0.001246
-0.006630
-0.007622
-0.005302
-0.001546
-0.005299
-0.001546
-0.002893
0.000853
-0.005299
-0.001546
-0.002893
0.000853
-0.002893
0.000853
-0.001078
0.001246
-0.005299
-0.001546
-0.002892
0.000854
-0.002893
0.000855
-0.001078
0.001246
-0.002893
0.000853
-0.001078
0.001246
-0.001077
0.001247
-0.000127
0.000891
-0.006630
-0.007618
-0.005299
-0.001542
-0.005299
-0.001546
-0.002892
0.000854
-0.005302
-0.001544
-0.002892
0.000854
-0.002893
0.000855
-0.001078
0.001246
-0.005299
-0.001536
-0.002888
0.000855
-0.002892
0.000858
-0.001075
0.001247
-0.002888
0.000856
-0.001075
0.001245
-0.001074
0.001245
-0.000126
0.000890
-0.005295
-0.001542
-0.002892
0.000854
-0.002890
0.000852
-0.001077
0.001245
-0.002890
0.000853
-0.001076
0.001245
-0.001076
0.001245
-0.000127
0.000890
-0.002888
0.000855
-0.001075
0.001245
-0.001074
0.001245
-0.000126
0.000889
-0.001077
0.001247
-0.000127
0.000891
-0.000127
0.000890
0.000205
0.000447
-0.002674
-0.018311
-0.006634
-0.007622
-0.006626
-0.007622
-0.005299
-0.001550
-0.006634
-0.007629
-0.005306
-0.001549
-0.005302
-0.001550
-0.002895
0.000852
-0.006630
-0.007633
-0.005302
-0.001552
-0.005291
-0.001550
-0.002892
0.000850
-0.005299
-0.001546
-0.002892
0.000854
-0.002893
0.000851
-0.001078
0.001245
-0.006630
-0.007633
-0.005302
-0.001552
-0.005291
-0.001550
-0.002892
0.000850
-0.005302
-0.001550
-0.002895
0.000852
-0.002895
0.000852
-0.001079
0.001245
-0.005302
-0.001550
-0.002895
0.000852
-0.002897
0.000854
-0.001080
0.001247
-0.002893
0.000853
-0.001078
0.001246
-0.001079
0.001247
-0.000128
0.000891
-0.006630
-0.007633
-0.005302
-0.001552
-0.005291
-0.001550
-0.002892
0.000850
-0.005302
-0.001550
-0.002895
0.000852
-0.002895
0.000852
-0.001079
0.001245
-0.005302
-0.001550
-0.002895
0.000852
-0.002897
0.000854
-0.001080
0.001247
-0.002893
0.000853
-0.001078
0.001246
-0.001079
0.001247
-0.000128
0.000891
-0.005302
-0.001550
-0.002895
0.000852
-0.002897
0.000854
-0.001080
0.001247
-0.002893
0.000853
-0.001078
0.001246
-0.001079
0.001247
-0.000128
0.000891
-0.002893
0.000855
-0.001078
0.001246
-0.001076
0.001245
-0.000127
0.000890
-0.001076
0.001245
-0.000127
0.000890
-0.000127
0.000890
0.000205
0.000447
-0.006611
-0.007622
-0.005287
-0.001547
-0.005287
-0.001548
-0.002888
0.000850
-0.005283
-0.001544
-0.002886
0.000851
-0.002888
0.000853
-0.001075
0.001244
-0.005283
-0.001544
-0.002886
0.000851
-0.002888
0.000853
-0.001075
0.001244
-0.002884
0.000850
-0.001074
0.001242
-0.001075
0.001242
-0.000128
0.000889
-0.005291
-0.001550
-0.002892
0.000850
-0.002892
0.000850
-0.001078
0.001244
-0.002892
0.000850
-0.001078
0.001244
-0.001078
0.001244
-0.000128
0.000890
-0.002892
0.000850
-0.001078
0.001244
-0.001078
0.001244
-0.000128
0.000890
-0.001077
0.001244
-0.000128
0.000890
-0.000128
0.000889
0.000204
0.000447
-0.005295
-0.001542
-0.002892
0.000854
-0.002890
0.000852
-0.001077
0.001245
-0.002890
0.000853
-0.001076
0.001245
-0.001076
0.001245
-0.000127
0.000890
-0.002888
0.000855
-0.001075
0.001245
-0.001074
0.001245
-0.000126
0.000889
-0.001077
0.001247
-0.000127
0.000891
-0.000127
0.000890
0.000205
0.000447
-0.002893
0.000853
-0.001078
0.001246
-0.001079
0.001247
-0.000128
0.000891
-0.001079
0.001247
-0.000128
0.000891
-0.000128
0.000892
0.000204
0.000447
-0.001078
0.001246
-0.000127
0.000890
-0.000127
0.000890
0.000204
0.000447
-0.000066
0.000921
0.000242
0.000443
0.000242
0.000443
0.000242
0.000132
0.113586
-0.000244
0.052124
-0.033661
0.052124
-0.033630
0.014015
-0.030838
0.052124
-0.033630
0.014023
-0.030838
0.014015
-0.030853
-0.002659
-0.018311
0.052032
-0.033630
0.013977
-0.030823
0.013985
-0.030792
-0.002666
-0.018280
0.013992
-0.030823
-0.002666
-0.018295
-0.002655
-0.018280
-0.006615
-0.007622
0.051910
-0.033661
0.013916
-0.030777
0.013924
-0.030807
-0.002686
-0.018265
0.013977
-0.030807
-0.002674
-0.018280
-0.002682
-0.018265
-0.006615
-0.007603
0.013992
-0.030823
-0.002666
-0.018295
-0.002659
-0.018280
-0.006618
-0.007614
-0.002670
-0.018295
-0.006626
-0.007614
-0.006622
-0.007614
-0.005287
-0.001542
0.052002
-0.033569
0.013977
-0.030777
0.013992
-0.030777
-0.002655
-0.018280
0.014015
-0.030807
-0.002655
-0.018295
-0.002651
-0.018280
-0.006607
-0.007618
0.014015
-0.030807
-0.002655
-0.018295
-0.002651
-0.018280
-0.006607
-0.007618
-0.002647
-0.018280
-0.006615
-0.007622
-0.006611
-0.007622
-0.005287
-0.001547
0.014023
-0.030838
-0.002659
-0.018311
-0.002647
-0.018311
-0.006622
-0.007629
-0.002647
-0.018311
-0.006622
-0.007629
-0.006618
-0.007629
-0.005299
-0.001554
-0.002640
-0.018295
-0.006607
-0.007622
-0.006607
-0.007622
-0.005283
-0.001551
-0.006611
-0.007629
-0.005291
-0.001554
-0.005291
-0.001555
-0.002892
0.000847
0.051971
-0.033539
0.013977
-0.030746
0.013992
-0.030777
-0.002655
-0.018280
0.013977
-0.030807
-0.002674
-0.018280
-0.002682
-0.018265
-0.006615
-0.007603
0.013992
-0.030823
-0.002666
-0.018295
-0.002663
-0.018280
-0.006611
-0.007610
-0.002670
-0.018280
-0.006622
-0.007610
-0.006622
-0.007614
-0.005291
-0.001540
0.013954
-0.030823
-0.002678
-0.018280
-0.002686
-0.018265
-0.006626
-0.007603
-0.002682
-0.018265
-0.006622
-0.007607
-0.006618
-0.007599
-0.005283
-0.001537
-0.002666
-0.018234
-0.006599
-0.007591
-0.006615
-0.007599
-0.005280
-0.001541
-0.006618
-0.007607
-0.005287
-0.001539
-0.005287
-0.001538
-0.002884
0.000854
0.013992
-0.030823
-0.002666
-0.018295
-0.002655
-0.018280
-0.006615
-0.007622
-0.002655
-0.018280
-0.006615
-0.007622
-0.006615
-0.007618
-0.005287
-0.001545
-0.002651
-0.018280
-0.006607
-0.007618
-0.006611
-0.007622
-0.005287
-0.001547
-0.006603
-0.007599
-0.005276
-0.001542
-0.005283
-0.001545
-0.002884
0.000849
-0.002651
-0.018280
-0.006607
-0.007618
-0.006611
-0.007622
-0.005287
-0.001547
-0.006603
-0.007599
-0.005276
-0.001542
-0.005283
-0.001545
-0.002884
0.000849
-0.006611
-0.007622
-0.005287
-0.001547
-0.005287
-0.001553
-0.002888
0.000847
-0.005283
-0.001545
-0.002884
0.000849
-0.002886
0.000850
-0.001076
0.001243
0.051971
-0.033539
0.013977
-0.030746
0.013992
-0.030777
-0.002655
-0.018280
0.013977
-0.030807
-0.002674
-0.018280
-0.002682
-0.018265
-0.006615
-0.007603
0.013992
-0.030823
-0.002666
-0.018295
-0.002663
-0.018280
-0.006611
-0.007610
-0.002670
-0.018280
-0.006622
-0.007610
-0.006622
-0.007614
-0.005291
-0.001540
0.013954
-0.030823
-0.002678
-0.018280
-0.002686
-0.018265
-0.006626
-0.007603
-0.002682
-0.018265
-0.006622
-0.007607
-0.006618
-0.007599
-0.005283
-0.001537
-0.002666
-0.018234
-0.006599
-0.007591
-0.006615
-0.007599
-0.005280
-0.001541
-0.006618
-0.007607
-0.005287
-0.001539
-0.005287
-0.001538
-0.002884
0.000854
0.013992
-0.030823
-0.002666
-0.018295
-0.002655
-0.018280
-0.006615
-0.007622
-0.002655
-0.018280
-0.006615
-0.007622
-0.006615
-0.007618
-0.005287
-0.001545
-0.002651
-0.018280
-0.006607
-0.007618
-0.006611
-0.007622
-0.005287
-0.001547
-0.006603
-0.007599
-0.005276
-0.001542
-0.005283
-0.001545
-0.002884
0.000849
-0.002651
-0.018280
-0.006607
-0.007618
-0.006611
-0.007622
-0.005287
-0.001547
-0.006603
-0.007599
-0.005276
-0.001542
-0.005283
-0.001545
-0.002884
0.000849
-0.006611
-0.007622
-0.005287
-0.001547
-0.005287
-0.001553
-0.002888
0.000847
-0.005283
-0.001545
-0.002884
0.000849
-0.002886
0.000850
-0.001076
0.001243
0.013992
-0.030823
-0.002666
-0.018295
-0.002655
-0.018280
-0.006615
-0.007622
-0.002655
-0.018280
-0.006615
-0.007622
-0.006615
-0.007618
-0.005287
-0.001545
-0.002651
-0.018280
-0.006607
-0.007618
-0.006611
-0.007622
-0.005287
-0.001547
-0.006603
-0.007599
-0.005276
-0.001542
-0.005283
-0.001545
-0.002884
0.000849
-0.002651
-0.018280
-0.006607
-0.007618
-0.006611
-0.007622
-0.005287
-0.001547
-0.006603
-0.007599
-0.005276
-0.001542
-0.005283
-0.001545
-0.002884
0.000849
-0.006611
-0.007622
-0.005287
-0.001547
-0.005287
-0.001553
-0.002888
0.000847
-0.005283
-0.001545
-0.002884
0.000849
-0.002886
0.000850
-0.001076
0.001243
-0.002640
-0.018234
-0.006596
-0.007599
-0.006599
-0.007607
-0.005276
-0.001549
-0.006588
-0.007595
-0.005272
-0.001547
-0.005272
-0.001547
-0.002880
0.000845
-0.006611
-0.007622
-0.005287
-0.001547
-0.005287
-0.001553
-0.002888
0.000847
-0.005283
-0.001545
-0.002884
0.000849
-0.002886
0.000850
-0.001076
0.001243
-0.006599
-0.007614
-0.005280
-0.001549
-0.005287
-0.001553
-0.002888
0.000847
-0.005287
-0.001553
-0.002888
0.000847
-0.002890
0.000849
-0.001077
0.001242
-0.005280
-0.001547
-0.002884
0.000848
-0.002884
0.000849
-0.001075
0.001242
-0.002890
0.000849
-0.001077
0.001242
-0.001076
0.001242
-0.000128
0.000888
0.051971
-0.033539
0.013977
-0.030746
0.013992
-0.030731
-0.002647
-0.018250
0.013992
-0.030823
-0.002666
-0.018295
-0.002655
-0.018280
-0.006615
-0.007622
0.014015
-0.030807
-0.002655
-0.018295
-0.002651
-0.018280
-0.006607
-0.007618
-0.002651
-0.018280
-0.006607
-0.007618
-0.006611
-0.007622
-0.005287
-0.001547
0.014015
-0.030807
-0.002655
-0.018295
-0.002651
-0.018280
-0.006607
-0.007618
-0.002651
-0.018280
-0.006607
-0.007618
-0.006611
-0.007622
-0.005287
-0.001547
-0.002666
-0.018234
-0.006599
-0.007591
-0.006615
-0.007599
-0.005280
-0.001541
-0.006603
-0.007599
-0.005276
-0.001542
-0.005283
-0.001545
-0.002884
0.000849
0.013992
-0.030823
-0.002666
-0.018295
-0.002655
-0.018280
-0.006615
-0.007622
-0.002655
-0.018280
-0.006615
-0.007622
-0.006615
-0.007618
-0.005287
-0.001545
-0.002651
-0.018280
-0.006607
-0.007618
-0.006611
-0.007622
-0.005287
-0.001547
-0.006603
-0.007599
-0.005276
-0.001542
-0.005283
-0.001545
-0.002884
0.000849
-0.002651
-0.018280
-0.006607
-0.007618
-0.006611
-0.007622
-0.005287
-0.001547
-0.006603
-0.007599
-0.005276
-0.001542
-0.005283
-0.001545
-0.002884
0.000849
-0.006611
-0.007622
-0.005287
-0.001547
-0.005287
-0.001553
-0.002888
0.000847
-0.005283
-0.001545
-0.002884
0.000849
-0.002886
0.000850
-0.001076
0.001243
0.014015
-0.030807
-0.002655
-0.018295
-0.002651
-0.018280
-0.006607
-0.007618
-0.002647
-0.018265
-0.006599
-0.007614
-0.006607
-0.007614
-0.005280
-0.001547
-0.002647
-0.018280
-0.006615
-0.007622
-0.006611
-0.007622
-0.005287
-0.001548
-0.006611
-0.007622
-0.005287
-0.001547
-0.005287
-0.001553
-0.002888
0.000847
-0.002640
-0.018295
-0.006607
-0.007622
-0.006607
-0.007622
-0.005283
-0.001551
-0.006599
-0.007614
-0.005280
-0.001549
-0.005287
-0.001553
-0.002888
0.000847
-0.006599
-0.007614
-0.005280
-0.001549
-0.005287
-0.001553
-0.002888
0.000847
-0.005283
-0.001554
-0.002888
0.000846
-0.002890
0.000847
-0.001078
0.001242
-0.002640
-0.018234
-0.006596
-0.007599
-0.006599
-0.007607
-0.005276
-0.001549
-0.006588
-0.007595
-0.005272
-0.001547
-0.005272
-0.001547
-0.002880
0.000845
-0.006611
-0.007622
-0.005287
-0.001547
-0.005287
-0.001553
-0.002888
0.000847
-0.005283
-0.001545
-0.002884
0.000849
-0.002886
0.000850
-0.001076
0.001243
-0.006599
-0.007614
-0.005280
-0.001549
-0.005287
-0.001553
-0.002888
0.000847
-0.005287
-0.001553
-0.002888
0.000847
-0.002890
0.000849
-0.001077
0.001242
-0.005280
-0.001551
-0.002886
0.000847
-0.002886
0.000847
-0.001076
0.001242
-0.002886
0.000847
-0.001076
0.001242
-0.001075
0.001240
-0.000128
0.000887
0.013992
-0.030823
-0.002666
-0.018295
-0.002655
-0.018280
-0.006615
-0.007622
-0.002663
-0.018280
-0.006611
-0.007610
-0.006622
-0.007614
-0.005287
-0.001543
-0.002651
-0.018280
-0.006607
-0.007618
-0.006611
-0.007622
-0.005287
-0.001547
-0.006618
-0.007607
-0.005287
-0.001539
-0.005287
-0.001542
-0.002888
0.000853
-0.002655
-0.018280
-0.006615
-0.007622
-0.006615
-0.007618
-0.005287
-0.001544
-0.006618
-0.007607
-0.005287
-0.001539
-0.005287
-0.001542
-0.002888
0.000853
-0.006618
-0.007607
-0.005287
-0.001539
-0.005287
-0.001542
-0.002888
0.000853
-0.005283
-0.001544
-0.002886
0.000851
-0.002888
0.000853
-0.001075
0.001244
-0.002651
-0.018280
-0.006607
-0.007618
-0.006611
-0.007622
-0.005287
-0.001547
-0.006618
-0.007607
-0.005287
-0.001539
-0.005287
-0.001542
-0.002888
0.000853
-0.006611
-0.007622
-0.005287
-0.001547
-0.005287
-0.001548
-0.002888
0.000850
-0.005283
-0.001544
-0.002886
0.000851
-0.002888
0.000853
-0.001075
0.001244
-0.006611
-0.007629
-0.005291
-0.001554
-0.005291
-0.001555
-0.002892
0.000847
-0.005287
-0.001553
-0.002890
0.000846
-0.002890
0.000847
-0.001078
0.001242
-0.005287
-0.001546
-0.002888
0.000852
-0.002886
0.000850
-0.001076
0.001243
-0.002890
0.000849
-0.001077
0.001242
-0.001076
0.001242
-0.000128
0.000889
-0.002659
-0.018265
-0.006607
-0.007607
-0.006603
-0.007607
-0.005280
-0.001546
-0.006596
-0.007591
-0.005272
-0.001544
-0.005280
-0.001543
-0.002882
0.000849
-0.006611
-0.007599
-0.005280
-0.001542
-0.005283
-0.001545
-0.002884
0.000849
-0.005283
-0.001544
-0.002886
0.000851
-0.002888
0.000853
-0.001075
0.001244
-0.006599
-0.007607
-0.005276
-0.001548
-0.005287
-0.001549
-0.002888
0.000848
-0.005280
-0.001547
-0.002884
0.000848
-0.002884
0.000849
-0.001075
0.001242
-0.005280
-0.001551
-0.002886
0.000847
-0.002884
0.000848
-0.001076
0.001242
-0.002886
0.000847
-0.001076
0.001242
-0.001076
0.001242
-0.000128
0.000888
-0.006603
-0.007599
-0.005276
-0.001542
-0.005280
-0.001539
-0.002880
0.000851
-0.005276
-0.001541
-0.002880
0.000850
-0.002880
0.000849
-0.001073
0.001241
-0.005272
-0.001545
-0.002880
0.000847
-0.002880
0.000846
-0.001074
0.001239
-0.002878
0.000846
-0.001072
0.001238
-0.001073
0.001240
-0.000127
0.000886
-0.005272
-0.001545
-0.002880
0.000847
-0.002880
0.000846
-0.001074
0.001239
-0.002878
0.000846
-0.001072
0.001238
-0.001073
0.001240
-0.000127
0.000886
-0.002880
0.000848
-0.001074
0.001240
-0.001074
0.001240
-0.000127
0.000886
-0.001072
0.001240
-0.000127
0.000886
-0.000127
0.000887
0.000204
0.000445
0.051971
-0.033539
0.013977
-0.030746
0.013992
-0.030731
-0.002647
-0.018250
0.013992
-0.030823
-0.002666
-0.018295
-0.002655
-0.018280
-0.006615
-0.007622
0.014015
-0.030807
-0.002655
-0.018295
-0.002651
-0.018280
-0.006607
-0.007618
-0.002651
-0.018280
-0.006607
-0.007618
-0.006611
-0.007622
-0.005287
-0.001547
0.014015
-0.030807
-0.002655
-0.018295
-0.002651
-0.018280
-0.006607
-0.007618
-0.002651
-0.018280
-0.006607
-0.007618
-0.006611
-0.007622
-0.005287
-0.001547
-0.002666
-0.018234
-0.006599
-0.007591
-0.006615
-0.007599
-0.005280
-0.001541
-0.006603
-0.007599
-0.005276
-0.001542
-0.005283
-0.001545
-0.002884
0.000849
0.013992
-0.030823
-0.002666
-0.018295
-0.002655
-0.018280
-0.006615
-0.007622
-0.002655
-0.018280
-0.006615
-0.007622
-0.006615
-0.007618
-0.005287
-0.001545
-0.002651
-0.018280
-0.006607
-0.007618
-0.006611
-0.007622
-0.005287
-0.001547
-0.006603
-0.007599
-0.005276
-0.001542
-0.005283
-0.001545
-0.002884
0.000849
-0.002651
-0.018280
-0.006607
-0.007618
-0.006611
-0.007622
-0.005287
-0.001547
-0.006603
-0.007599
-0.005276
-0.001542
-0.005283
-0.001545
-0.002884
0.000849
-0.006611
-0.007622
-0.005287
-0.001547
-0.005287
-0.001553
-0.002888
0.000847
-0.005283
-0.001545
-0.002884
0.000849
-0.002886
0.000850
-0.001076
0.001243
0.014015
-0.030807
-0.002655
-0.018295
-0.002651
-0.018280
-0.006607
-0.007618
-0.002647
-0.018265
-0.006599
-0.007614
-0.006607
-0.007614
-0.005280
-0.001547
-0.002647
-0.018280
-0.006615
-0.007622
-0.006611
-0.007622
-0.005287
-0.001548
-0.006611
-0.007622
-0.005287
-0.001547
-0.005287
-0.001553
-0.002888
0.000847
-0.002640
-0.018295
-0.006607
-0.007622
-0.006607
-0.007622
-0.005283
-0.001551
-0.006599
-0.007614
-0.005280
-0.001549
-0.005287
-0.001553
-0.002888
0.000847
-0.006599
-0.007614
-0.005280
-0.001549
-0.005287
-0.001553
-0.002888
0.000847
-0.005283
-0.001554
-0.002888
0.000846
-0.002890
0.000847
-0.001078
0.001242
-0.002640
-0.018234
-0.006596
-0.007599
-0.006599
-0.007607
-0.005276
-0.001549
-0.006588
-0.007595
-0.005272
-0.001547
-0.005272
-0.001547
-0.002880
0.000845
-0.006611
-0.007622
-0.005287
-0.001547
-0.005287
-0.001553
-0.002888
0.000847
-0.005283
-0.001545
-0.002884
0.000849
-0.002886
0.000850
-0.001076
0.001243
-0.006599
-0.007614
-0.005280
-0.001549
-0.005287
-0.001553
-0.002888
0.000847
-0.005287
-0.001553
-0.002888
0.000847
-0.002890
0.000849
-0.001077
0.001242
-0.005280
-0.001551
-0.002886
0.000847
-0.002886
0.000847
-0.001076
0.001242
-0.002886
0.000847
-0.001076
0.001242
-0.001075
0.001240
-0.000128
0.000887
0.013992
-0.030823
-0.002666
-0.018295
-0.002655
-0.018280
-0.006615
-0.007622
-0.002663
-0.018280
-0.006611
-0.007610
-0.006622
-0.007614
-0.005287
-0.001543
-0.002651
-0.018280
-0.006607
-0.007618
-0.006611
-0.007622
-0.005287
-0.001547
-0.006618
-0.007607
-0.005287
-0.001539
-0.005287
-0.001542
-0.002888
0.000853
-0.002655
-0.018280
-0.006615
-0.007622
-0.006615
-0.007618
-0.005287
-0.001544
-0.006618
-0.007607
-0.005287
-0.001539
-0.005287
-0.001542
-0.002888
0.000853
-0.006618
-0.007607
-0.005287
-0.001539
-0.005287
-0.001542
-0.002888
0.000853
-0.005283
-0.001544
-0.002886
0.000851
-0.002888
0.000853
-0.001075
0.001244
-0.002651
-0.018280
-0.006607
-0.007618
-0.006611
-0.007622
-0.005287
-0.001547
-0.006618
-0.007607
-0.005287
-0.001539
-0.005287
-0.001542
-0.002888
0.000853
-0.006611
-0.007622
-0.005287
-0.001547
-0.005287
-0.001548
-0.002888
0.000850
-0.005283
-0.001544
-0.002886
0.000851
-0.002888
0.000853
-0.001075
0.001244
-0.006611
-0.007629
-0.005291
-0.001554
-0.005291
-0.001555
-0.002892
0.000847
-0.005287
-0.001553
-0.002890
0.000846
-0.002890
0.000847
-0.001078
0.001242
-0.005287
-0.001546
-0.002888
0.000852
-0.002886
0.000850
-0.001076
0.001243
-0.002890
0.000849
-0.001077
0.001242
-0.001076
0.001242
-0.000128
0.000889
-0.002659
-0.018265
-0.006607
-0.007607
-0.006603
-0.007607
-0.005280
-0.001546
-0.006596
-0.007591
-0.005272
-0.001544
-0.005280
-0.001543
-0.002882
0.000849
-0.006611
-0.007599
-0.005280
-0.001542
-0.005283
-0.001545
-0.002884
0.000849
-0.005283
-0.001544
-0.002886
0.000851
-0.002888
0.000853
-0.001075
0.001244
-0.006599
-0.007607
-0.005276
-0.001548
-0.005287
-0.001549
-0.002888
0.000848
-0.005280
-0.001547
-0.002884
0.000848
-0.002884
0.000849
-0.001075
0.001242
-0.005280
-0.001551
-0.002886
0.000847
-0.002884
0.000848
-0.001076
0.001242
-0.002886
0.000847
-0.001076
0.001242
-0.001076
0.001242
-0.000128
0.000888
-0.006603
-0.007599
-0.005276
-0.001542
-0.005280
-0.001539
-0.002880
0.000851
-0.005276
-0.001541
-0.002880
0.000850
-0.002880
0.000849
-0.001073
0.001241
-0.005272
-0.001545
-0.002880
0.000847
-0.002880
0.000846
-0.001074
0.001239
-0.002878
0.000846
-0.001072
0.001238
-0.001073
0.001240
-0.000127
0.000886
-0.005272
-0.001545
-0.002880
0.000847
-0.002880
0.000846
-0.001074
0.001239
-0.002878
0.000846
-0.001072
0.001238
-0.001073
0.001240
-0.000127
0.000886
-0.002880
0.000848
-0.001074
0.001240
-0.001074
0.001240
-0.000127
0.000886
-0.001072
0.001240
-0.000127
0.000886
-0.000127
0.000887
0.000204
0.000445
0.013954
-0.030823
-0.002678
-0.018280
-0.002686
-0.018265
-0.006626
-0.007603
-0.002682
-0.018265
-0.006622
-0.007607
-0.006618
-0.007599
-0.005283
-0.001537
-0.002682
-0.018250
-0.006611
-0.007591
-0.006615
-0.007599
-0.005283
-0.001539
-0.006618
-0.007607
-0.005287
-0.001539
-0.005287
-0.001538
-0.002884
0.000854
-0.002682
-0.018250
-0.006611
-0.007591
-0.006615
-0.007599
-0.005283
-0.001539
-0.006618
-0.007607
-0.005287
-0.001539
-0.005287
-0.001538
-0.002884
0.000854
-0.006618
-0.007607
-0.005287
-0.001539
-0.005287
-0.001542
-0.002888
0.000853
-0.005283
-0.001544
-0.002886
0.000851
-0.002888
0.000853
-0.001075
0.001244
-0.002682
-0.018250
-0.006611
-0.007591
-0.006615
-0.007599
-0.005283
-0.001539
-0.006618
-0.007607
-0.005287
-0.001539
-0.005287
-0.001538
-0.002884
0.000854
-0.006618
-0.007607
-0.005287
-0.001539
-0.005287
-0.001542
-0.002888
0.000853
-0.005283
-0.001544
-0.002886
0.000851
-0.002888
0.000853
-0.001075
0.001244
-0.006622
-0.007622
-0.005295
-0.001547
-0.005287
-0.001548
-0.002888
0.000850
-0.005291
-0.001540
-0.002888
0.000854
-0.002888
0.000853
-0.001075
0.001244
-0.005283
-0.001544
-0.002886
0.000851
-0.002888
0.000853
-0.001075
0.001244
-0.002884
0.000850
-0.001074
0.001242
-0.001075
0.001243
-0.000127
0.000888
-0.002674
-0.018311
-0.006634
-0.007622
-0.006622
-0.007614
-0.005295
-0.001543
-0.006634
-0.007607
-0.005295
-0.001534
-0.005291
-0.001540
-0.002888
0.000854
-0.006630
-0.007618
-0.005299
-0.001542
-0.005299
-0.001546
-0.002892
0.000854
-0.005302
-0.001544
-0.002892
0.000854
-0.002893
0.000855
-0.001078
0.001246
-0.006630
-0.007622
-0.005302
-0.001546
-0.005299
-0.001546
-0.002893
0.000853
-0.005299
-0.001546
-0.002893
0.000853
-0.002893
0.000853
-0.001078
0.001246
-0.005299
-0.001546
-0.002892
0.000854
-0.002893
0.000855
-0.001078
0.001246
-0.002893
0.000853
-0.001078
0.001246
-0.001077
0.001247
-0.000127
0.000891
-0.006630
-0.007618
-0.005299
-0.001542
-0.005299
-0.001546
-0.002892
0.000854
-0.005302
-0.001544
-0.002892
0.000854
-0.002893
0.000855
-0.001078
0.001246
-0.005299
-0.001536
-0.002888
0.000855
-0.002892
0.000858
-0.001075
0.001247
-0.002888
0.000856
-0.001075
0.001245
-0.001074
0.001245
-0.000126
0.000890
-0.005295
-0.001542
-0.002892
0.000854
-0.002890
0.000852
-0.001077
0.001245
-0.002890
0.000853
-0.001076
0.001245
-0.001076
0.001245
-0.000127
0.000890
-0.002888
0.000855
-0.001075
0.001245
-0.001074
0.001245
-0.000126
0.000889
-0.001077
0.001247
-0.000127
0.000891
-0.000127
0.000890
0.000205
0.000447
-0.002674
-0.018311
-0.006634
-0.007622
-0.006626
-0.007622
-0.005299
-0.001550
-0.006634
-0.007629
-0.005306
-0.001549
-0.005302
-0.001550
-0.002895
0.000852
-0.006630
-0.007633
-0.005302
-0.001552
-0.005291
-0.001550
-0.002892
0.000850
-0.005299
-0.001546
-0.002892
0.000854
-0.002893
0.000851
-0.001078
0.001245
-0.006630
-0.007633
-0.005302
-0.001552
-0.005291
-0.001550
-0.002892
0.000850
-0.005302
-0.001550
-0.002895
0.000852
-0.002895
0.000852
-0.001079
0.001245
-0.005302
-0.001550
-0.002895
0.000852
-0.002897
0.000854
-0.001080
0.001247
-0.002893
0.000853
-0.001078
0.001246
-0.001079
0.001247
-0.000128
0.000891
-0.006630
-0.007633
-0.005302
-0.001552
-0.005291
-0.001550
-0.002892
0.000850
-0.005302
-0.001550
-0.002895
0.000852
-0.002895
0.000852
-0.001079
0.001245
-0.005302
-0.001550
-0.002895
0.000852
-0.002897
0.000854
-0.001080
0.001247
-0.002893
0.000853
-0.001078
0.001246
-0.001079
0.001247
-0.000128
0.000891
-0.005302
-0.001550
-0.002895
0.000852
-0.002897
0.000854
-0.001080
0.001247
-0.002893
0.000853
-0.001078
0.001246
-0.001079
0.001247
-0.000128
0.000891
-0.002893
0.000855
-0.001078
0.001246
-0.001076
0.001245
-0.000127
0.000890
-0.001076
0.001245
-0.000127
0.000890
-0.000127
0.000890
0.000205
0.000447
-0.006611
-0.007622
-0.005287
-0.001547
-0.005287
-0.001548
-0.002888
0.000850
-0.005283
-0.001544
-0.002886
0.000851
-0.002888
0.000853
-0.001075
0.001244
-0.005283
-0.001544
-0.002886
0.000851
-0.002888
0.000853
-0.001075
0.001244
-0.002884
0.000850
-0.001074
0.001242
-0.001075
0.001242
-0.000128
0.000889
-0.005291
-0.001550
-0.002892
0.000850
-0.002892
0.000850
-0.001078
0.001244
-0.002892
0.000850
-0.001078
0.001244
-0.001078
0.001244
-0.000128
0.000890
-0.002892
0.000850
-0.001078
0.001244
-0.001078
0.001244
-0.000128
0.000890
-0.001077
0.001244
-0.000128
0.000890
-0.000128
0.000889
0.000204
0.000447
-0.005295
-0.001542
-0.002892
0.000854
-0.002890
0.000852
-0.001077
0.001245
-0.002890
0.000853
-0.001076
0.001245
-0.001076
0.001245
-0.000127
0.000890
-0.002888
0.000855
-0.001075
0.001245
-0.001074
0.001245
-0.000126
0.000889
-0.001077
0.001247
-0.000127
0.000891
-0.000127
0.000890
0.000205
0.000447
-0.002893
0.000853
-0.001078
0.001246
-0.001079
0.001247
-0.000128
0.000891
-0.001079
0.001247
-0.000128
0.000891
-0.000128
0.000892
0.000204
0.000447
-0.001078
0.001246
-0.000127
0.000890
-0.000127
0.000890
0.000204
0.000447
-0.000066
0.000921
0.000242
0.000443
0.000242
0.000443
0.000242
0.000132
0.051971
-0.033539
0.013977
-0.030746
0.013992
-0.030731
-0.002647
-0.018250
0.013992
-0.030823
-0.002666
-0.018295
-0.002655
-0.018280
-0.006615
-0.007622
0.014015
-0.030807
-0.002655
-0.018295
-0.002651
-0.018280
-0.006607
-0.007618
-0.002651
-0.018280
-0.006607
-0.007618
-0.006611
-0.007622
-0.005287
-0.001547
0.014015
-0.030807
-0.002655
-0.018295
-0.002651
-0.018280
-0.006607
-0.007618
-0.002651
-0.018280
-0.006607
-0.007618
-0.006611
-0.007622
-0.005287
-0.001547
-0.002666
-0.018234
-0.006599
-0.007591
-0.006615
-0.007599
-0.005280
-0.001541
-0.006603
-0.007599
-0.005276
-0.001542
-0.005283
-0.001545
-0.002884
0.000849
0.013992
-0.030823
-0.002666
-0.018295
-0.002655
-0.018280
-0.006615
-0.007622
-0.002655
-0.018280
-0.006615
-0.007622
-0.006615
-0.007618
-0.005287
-0.001545
-0.002651
-0.018280
-0.006607
-0.007618
-0.006611
-0.007622
-0.005287
-0.001547
-0.006603
-0.007599
-0.005276
-0.001542
-0.005283
-0.001545
-0.002884
0.000849
-0.002651
-0.018280
-0.006607
-0.007618
-0.006611
-0.007622
-0.005287
-0.001547
-0.006603
-0.007599
-0.005276
-0.001542
-0.005283
-0.001545
-0.002884
0.000849
-0.006611
-0.007622
-0.005287
-0.001547
-0.005287
-0.001553
-0.002888
0.000847
-0.005283
-0.001545
-0.002884
0.000849
-0.002886
0.000850
-0.001076
0.001243
0.014015
-0.030807
-0.002655
-0.018295
-0.002651
-0.018280
-0.006607
-0.007618
-0.002647
-0.018265
-0.006599
-0.007614
-0.006607
-0.007614
-0.005280
-0.001547
-0.002647
-0.018280
-0.006615
-0.007622
-0.006611
-0.007622
-0.005287
-0.001548
-0.006611
-0.007622
-0.005287
-0.001547
-0.005287
-0.001553
-0.002888
0.000847
-0.002640
-0.018295
-0.006607
-0.007622
-0.006607
-0.007622
-0.005283
-0.001551
-0.006599
-0.007614
-0.005280
-0.001549
-0.005287
-0.001553
-0.002888
0.000847
-0.006599
-0.007614
-0.005280
-0.001549
-0.005287
-0.001553
-0.002888
0.000847
-0.005283
-0.001554
-0.002888
0.000846
-0.002890
0.000847
-0.001078
0.001242
-0.002640
-0.018234
-0.006596
-0.007599
-0.006599
-0.007607
-0.005276
-0.001549
-0.006588
-0.007595
-0.005272
-0.001547
-0.005272
-0.001547
-0.002880
0.000845
-0.006611
-0.007622
-0.005287
-0.001547
-0.005287
-0.001553
-0.002888
0.000847
-0.005283
-0.001545
-0.002884
0.000849
-0.002886
0.000850
-0.001076
0.001243
-0.006599
-0.007614
-0.005280
-0.001549
-0.005287
-0.001553
-0.002888
0.000847
-0.005287
-0.001553
-0.002888
0.000847
-0.002890
0.000849
-0.001077
0.001242
-0.005280
-0.001551
-0.002886
0.000847
-0.002886
0.000847
-0.001076
0.001242
-0.002886
0.000847
-0.001076
0.001242
-0.001075
0.001240
-0.000128
0.000887
0.013992
-0.030823
-0.002666
-0.018295
-0.002655
-0.018280
-0.006615
-0.007622
-0.002663
-0.018280
-0.006611
-0.007610
-0.006622
-0.007614
-0.005287
-0.001543
-0.002651
-0.018280
-0.006607
-0.007618
-0.006611
-0.007622
-0.005287
-0.001547
-0.006618
-0.007607
-0.005287
-0.001539
-0.005287
-0.001542
-0.002888
0.000853
-0.002655
-0.018280
-0.006615
-0.007622
-0.006615
-0.007618
-0.005287
-0.001544
-0.006618
-0.007607
-0.005287
-0.001539
-0.005287
-0.001542
-0.002888
0.000853
-0.006618
-0.007607
-0.005287
-0.001539
-0.005287
-0.001542
-0.002888
0.000853
-0.005283
-0.001544
-0.002886
0.000851
-0.002888
0.000853
-0.001075
0.001244
-0.002651
-0.018280
-0.006607
-0.007618
-0.006611
-0.007622
-0.005287
-0.001547
-0.006618
-0.007607
-0.005287
-0.001539
-0.005287
-0.001542
-0.002888
0.000853
-0.006611
-0.007622
-0.005287
-0.001547
-0.005287
-0.001548
-0.002888
0.000850
-0.005283
-0.001544
-0.002886
0.000851
-0.002888
0.000853
-0.001075
0.001244
-0.006611
-0.007629
-0.005291
-0.001554
-0.005291
-0.001555
-0.002892
0.000847
-0.005287
-0.001553
-0.002890
0.000846
-0.002890
0.000847
-0.001078
0.001242
-0.005287
-0.001546
-0.002888
0.000852
-0.002886
0.000850
-0.001076
0.001243
-0.002890
0.000849
-0.001077
0.001242
-0.001076
0.001242
-0.000128
0.000889
-0.002659
-0.018265
-0.006607
-0.007607
-0.006603
-0.007607
-0.005280
-0.001546
-0.006596
-0.007591
-0.005272
-0.001544
-0.005280
-0.001543
-0.002882
0.000849
-0.006611
-0.007599
-0.005280
-0.001542
-0.005283
-0.001545
-0.002884
0.000849
-0.005283
-0.001544
-0.002886
0.000851
-0.002888
0.000853
-0.001075
0.001244
-0.006599
-0.007607
-0.005276
-0.001548
-0.005287
-0.001549
-0.002888
0.000848
-0.005280
-0.001547
-0.002884
0.000848
-0.002884
0.000849
-0.001075
0.001242
-0.005280
-0.001551
-0.002886
0.000847
-0.002884
0.000848
-0.001076
0.001242
-0.002886
0.000847
-0.001076
0.001242
-0.001076
0.001242
-0.000128
0.000888
-0.006603
-0.007599
-0.005276
-0.001542
-0.005280
-0.001539
-0.002880
0.000851
-0.005276
-0.001541
-0.002880
0.000850
-0.002880
0.000849
-0.001073
0.001241
-0.005272
-0.001545
-0.002880
0.000847
-0.002880
0.000846
-0.001074
0.001239
-0.002878
0.000846
-0.001072
0.001238
-0.001073
0.001240
-0.000127
0.000886
-0.005272
-0.001545
-0.002880
0.000847
-0.002880
0.000846
-0.001074
0.001239
-0.002878
0.000846
-0.001072
0.001238
-0.001073
0.001240
-0.000127
0.000886
-0.002880
0.000848
-0.001074
0.001240
-0.001074
0.001240
-0.000127
0.000886
-0.001072
0.001240
-0.000127
0.000886
-0.000127
0.000887
0.000204
0.000445
0.013954
-0.030823
-0.002678
-0.018280
-0.002686
-0.018265
-0.006626
-0.007603
-0.002682
-0.018265
-0.006622
-0.007607
-0.006618
-0.007599
-0.005283
-0.001537
-0.002682
-0.018250
-0.006611
-0.007591
-0.006615
-0.007599
-0.005283
-0.001539
-0.006618
-0.007607
-0.005287
-0.001539
-0.005287
-0.001538
-0.002884
0.000854
-0.002682
-0.018250
-0.006611
-0.007591
-0.006615
-0.007599
-0.005283
-0.001539
-0.006618
-0.007607
-0.005287
-0.001539
-0.005287
-0.001538
-0.002884
0.000854
-0.006618
-0.007607
-0.005287
-0.001539
-0.005287
-0.001542
-0.002888
0.000853
-0.005283
-0.001544
-0.002886
0.000851
-0.002888
0.000853
-0.001075
0.001244
-0.002682
-0.018250
-0.006611
-0.007591
-0.006615
-0.007599
-0.005283
-0.001539
-0.006618
-0.007607
-0.005287
-0.001539
-0.005287
-0.001538
-0.002884
0.000854
-0.006618
-0.007607
-0.005287
-0.001539
-0.005287
-0.001542
-0.002888
0.000853
-0.005283
-0.001544
-0.002886
0.000851
-0.002888
0.000853
-0.001075
0.001244
-0.006622
-0.007622
-0.005295
-0.001547
-0.005287
-0.001548
-0.002888
0.000850
-0.005291
-0.001540
-0.002888
0.000854
-0.002888
0.000853
-0.001075
0.001244
-0.005283
-0.001544
-0.002886
0.000851
-0.002888
0.000853
-0.001075
0.001244
-0.002884
0.000850
-0.001074
0.001242
-0.001075
0.001243
-0.000127
0.000888
-0.002674
-0.018311
-0.006634
-0.007622
-0.006622
-0.007614
-0.005295
-0.001543
-0.006634
-0.007607
-0.005295
-0.001534
-0.005291
-0.001540
-0.002888
0.000854
-0.006630
-0.007618
-0.005299
-0.001542
-0.005299
-0.001546
-0.002892
0.000854
-0.005302
-0.001544
-0.002892
0.000854
-0.002893
0.000855
-0.001078
0.001246
-0.006630
-0.007622
-0.005302
-0.001546
-0.005299
-0.001546
-0.002893
0.000853
-0.005299
-0.001546
-0.002893
0.000853
-0.002893
0.000853
-0.001078
0.001246
-0.005299
-0.001546
-0.002892
0.000854
-0.002893
0.000855
-0.001078
0.001246
-0.002893
0.000853
-0.001078
0.001246
-0.001077
0.001247
-0.000127
0.000891
-0.006630
-0.007618
-0.005299
-0.001542
-0.005299
-0.001546
-0.002892
0.000854
-0.005302
-0.001544
-0.002892
0.000854
-0.002893
0.000855
-0.001078
0.001246
-0.005299
-0.001536
-0.002888
0.000855
-0.002892
0.000858
-0.001075
0.001247
-0.002888
0.000856
-0.001075
0.001245
-0.001074
0.001245
-0.000126
0.000890
-0.005295
-0.001542
-0.002892
0.000854
-0.002890
0.000852
-0.001077
0.001245
-0.002890
0.000853
-0.001076
0.001245
-0.001076
0.001245
-0.000127
0.000890
-0.002888
0.000855
-0.001075
0.001245
-0.001074
0.001245
-0.000126
0.000889
-0.001077
0.001247
-0.000127
0.000891
-0.000127
0.000890
0.000205
0.000447
-0.002674
-0.018311
-0.006634
-0.007622
-0.006626
-0.007622
-0.005299
-0.001550
-0.006634
-0.007629
-0.005306
-0.001549
-0.005302
-0.001550
-0.002895
0.000852
-0.006630
-0.007633
-0.005302
-0.001552
-0.005291
-0.001550
-0.002892
0.000850
-0.005299
-0.001546
-0.002892
0.000854
-0.002893
0.000851
-0.001078
0.001245
-0.006630
-0.007633
-0.005302
-0.001552
-0.005291
-0.001550
-0.002892
0.000850
-0.005302
-0.001550
-0.002895
0.000852
-0.002895
0.000852
-0.001079
0.001245
-0.005302
-0.001550
-0.002895
0.000852
-0.002897
0.000854
-0.001080
0.001247
-0.002893
0.000853
-0.001078
0.001246
-0.001079
0.001247
-0.000128
0.000891
-0.006630
-0.007633
-0.005302
-0.001552
-0.005291
-0.001550
-0.002892
0.000850
-0.005302
-0.001550
-0.002895
0.000852
-0.002895
0.000852
-0.001079
0.001245
-0.005302
-0.001550
-0.002895
0.000852
-0.002897
0.000854
-0.001080
0.001247
-0.002893
0.000853
-0.001078
0.001246
-0.001079
0.001247
-0.000128
0.000891
-0.005302
-0.001550
-0.002895
0.000852
-0.002897
0.000854
-0.001080
0.001247
-0.002893
0.000853
-0.001078
0.001246
-0.001079
0.001247
-0.000128
0.000891
-0.002893
0.000855
-0.001078
0.001246
-0.001076
0.001245
-0.000127
0.000890
-0.001076
0.001245
-0.000127
0.000890
-0.000127
0.000890
0.000205
0.000447
-0.006611
-0.007622
-0.005287
-0.001547
-0.005287
-0.001548
-0.002888
0.000850
-0.005283
-0.001544
-0.002886
0.000851
-0.002888
0.000853
-0.001075
0.001244
-0.005283
-0.001544
-0.002886
0.000851
-0.002888
0.000853
-0.001075
0.001244
-0.002884
0.000850
-0.001074
0.001242
-0.001075
0.001242
-0.000128
0.000889
-0.005291
-0.001550
-0.002892
0.000850
-0.002892
0.000850
-0.001078
0.001244
-0.002892
0.000850
-0.001078
0.001244
-0.001078
0.001244
-0.000128
0.000890
-0.002892
0.000850
-0.001078
0.001244
-0.001078
0.001244
-0.000128
0.000890
-0.001077
0.001244
-0.000128
0.000890
-0.000128
0.000889
0.000204
0.000447
-0.005295
-0.001542
-0.002892
0.000854
-0.002890
0.000852
-0.001077
0.001245
-0.002890
0.000853
-0.001076
0.001245
-0.001076
0.001245
-0.000127
0.000890
-0.002888
0.000855
-0.001075
0.001245
-0.001074
0.001245
-0.000126
0.000889
-0.001077
0.001247
-0.000127
0.000891
-0.000127
0.000890
0.000205
0.000447
-0.002893
0.000853
-0.001078
0.001246
-0.001079
0.001247
-0.000128
0.000891
-0.001079
0.001247
-0.000128
0.000891
-0.000128
0.000892
0.000204
0.000447
-0.001078
0.001246
-0.000127
0.000890
-0.000127
0.000890
0.000204
0.000447
-0.000066
0.000921
0.000242
0.000443
0.000242
0.000443
0.000242
0.000132
0.013992
-0.030823
-0.002666
-0.018295
-0.002655
-0.018280
-0.006615
-0.007622
-0.002663
-0.018280
-0.006611
-0.007610
-0.006622
-0.007614
-0.005287
-0.001543
-0.002651
-0.018280
-0.006607
-0.007618
-0.006611
-0.007622
-0.005287
-0.001547
-0.006618
-0.007607
-0.005287
-0.001539
-0.005287
-0.001542
-0.002888
0.000853
-0.002655
-0.018280
-0.006615
-0.007622
-0.006615
-0.007618
-0.005287
-0.001544
-0.006618
-0.007607
-0.005287
-0.001539
-0.005287
-0.001542
-0.002888
0.000853
-0.006618
-0.007607
-0.005287
-0.001539
-0.005287
-0.001542
-0.002888
0.000853
-0.005283
-0.001544
-0.002886
0.000851
-0.002888
0.000853
-0.001075
0.001244
-0.002651
-0.018280
-0.006607
-0.007618
-0.006611
-0.007622
-0.005287
-0.001547
-0.006618
-0.007607
-0.005287
-0.001539
-0.005287
-0.001542
-0.002888
0.000853
-0.006611
-0.007622
-0.005287
-0.001547
-0.005287
-0.001548
-0.002888
0.000850
-0.005283
-0.001544
-0.002886
0.000851
-0.002888
0.000853
-0.001075
0.001244
-0.006611
-0.007629
-0.005291
-0.001554
-0.005291
-0.001555
-0.002892
0.000847
-0.005287
-0.001553
-0.002890
0.000846
-0.002890
0.000847
-0.001078
0.001242
-0.005287
-0.001546
-0.002888
0.000852
-0.002886
0.000850
-0.001076
0.001243
-0.002890
0.000849
-0.001077
0.001242
-0.001076
0.001242
-0.000128
0.000889
-0.002659
-0.018265
-0.006607
-0.007607
-0.006603
-0.007607
-0.005280
-0.001546
-0.006596
-0.007591
-0.005272
-0.001544
-0.005280
-0.001543
-0.002882
0.000849
-0.006611
-0.007599
-0.005280
-0.001542
-0.005283
-0.001545
-0.002884
0.000849
-0.005283
-0.001544
-0.002886
0.000851
-0.002888
0.000853
-0.001075
0.001244
-0.006599
-0.007607
-0.005276
-0.001548
-0.005287
-0.001549
-0.002888
0.000848
-0.005280
-0.001547
-0.002884
0.000848
-0.002884
0.000849
-0.001075
0.001242
-0.005280
-0.001551
-0.002886
0.000847
-0.002884
0.000848
-0.001076
0.001242
-0.002886
0.000847
-0.001076
0.001242
-0.001076
0.001242
-0.000128
0.000888
-0.006603
-0.007599
-0.005276
-0.001542
-0.005280
-0.001539
-0.002880
0.000851
-0.005276
-0.001541
-0.002880
0.000850
-0.002880
0.000849
-0.001073
0.001241
-0.005272
-0.001545
-0.002880
0.000847
-0.002880
0.000846
-0.001074
0.001239
-0.002878
0.000846
-0.001072
0.001238
-0.001073
0.001240
-0.000127
0.000886
-0.005272
-0.001545
-0.002880
0.000847
-0.002880
0.000846
-0.001074
0.001239
-0.002878
0.000846
-0.001072
0.001238
-0.001073
0.001240
-0.000127
0.000886
-0.002880
0.000848
-0.001074
0.001240
-0.001074
0.001240
-0.000127
0.000886
-0.001072
0.001240
-0.000127
0.000886
-0.000127
0.000887
0.000204
0.000445
-0.002666
-0.018234
-0.006599
-0.007591
-0.006615
-0.007599
-0.005280
-0.001541
-0.006603
-0.007599
-0.005276
-0.001542
-0.005283
-0.001545
-0.002884
0.000849
-0.006618
-0.007607
-0.005287
-0.001539
-0.005287
-0.001538
-0.002884
0.000854
-0.005280
-0.001541
-0.002884
0.000850
-0.002882
0.000850
-0.001073
0.001242
-0.006615
-0.007599
-0.005280
-0.001540
-0.005283
-0.001536
-0.002884
0.000854
-0.005280
-0.001539
-0.002880
0.000851
-0.002882
0.000854
-0.001072
0.001243
-0.005276
-0.001541
-0.002880
0.000850
-0.002880
0.000849
-0.001073
0.001241
-0.002878
0.000850
-0.001072
0.001241
-0.001073
0.001240
-0.000127
0.000886
-0.006615
-0.007599
-0.005280
-0.001540
-0.005283
-0.001536
-0.002884
0.000854
-0.005280
-0.001539
-0.002880
0.000851
-0.002882
0.000854
-0.001072
0.001243
-0.005280
-0.001547
-0.002884
0.000848
-0.002884
0.000849
-0.001075
0.001242
-0.002882
0.000852
-0.001073
0.001243
-0.001074
0.001242
-0.000127
0.000888
-0.005283
-0.001545
-0.002884
0.000849
-0.002884
0.000850
-0.001074
0.001242
-0.002882
0.000852
-0.001073
0.001243
-0.001074
0.001242
-0.000127
0.000888
-0.002878
0.000851
-0.001072
0.001241
-0.001073
0.001242
-0.000126
0.000887
-0.001073
0.001242
-0.000126
0.000887
-0.000126
0.000887
0.000204
0.000445
-0.006615
-0.007599
-0.005280
-0.001540
-0.005283
-0.001536
-0.002884
0.000854
-0.005280
-0.001539
-0.002880
0.000851
-0.002882
0.000854
-0.001072
0.001243
-0.005280
-0.001547
-0.002884
0.000848
-0.002884
0.000849
-0.001075
0.001242
-0.002882
0.000852
-0.001073
0.001243
-0.001074
0.001242
-0.000127
0.000888
-0.005283
-0.001545
-0.002884
0.000849
-0.002884
0.000850
-0.001074
0.001242
-0.002882
0.000852
-0.001073
0.001243
-0.001074
0.001242
-0.000127
0.000888
-0.002878
0.000851
-0.001072
0.001241
-0.001073
0.001242
-0.000126
0.000887
-0.001073
0.001242
-0.000126
0.000887
-0.000126
0.000887
0.000204
0.000445
-0.005280
-0.001539
-0.002880
0.000851
-0.002878
0.000851
-0.001072
0.001241
-0.002882
0.000854
-0.001072
0.001243
-0.001072
0.001242
-0.000126
0.000887
-0.002878
0.000851
-0.001072
0.001241
-0.001073
0.001242
-0.000126
0.000887
-0.001073
0.001242
-0.000126
0.000887
-0.000126
0.000887
0.000204
0.000445
-0.002880
0.000848
-0.001074
0.001240
-0.001074
0.001240
-0.000127
0.000886
-0.001072
0.001240
-0.000127
0.000886
-0.000127
0.000887
0.000204
0.000445
-0.001073
0.001242
-0.000127
0.000887
-0.000127
0.000888
0.000204
0.000446
-0.000065
0.000918
0.000241
0.000442
0.000241
0.000442
0.000241
0.000132
-0.002666
-0.018234
-0.006599
-0.007591
-0.006615
-0.007599
-0.005280
-0.001541
-0.006603
-0.007599
-0.005276
-0.001542
-0.005283
-0.001545
-0.002884
0.000849
-0.006618
-0.007607
-0.005287
-0.001539
-0.005287
-0.001538
-0.002884
0.000854
-0.005280
-0.001541
-0.002884
0.000850
-0.002882
0.000850
-0.001073
0.001242
-0.006615
-0.007599
-0.005280
-0.001540
-0.005283
-0.001536
-0.002884
0.000854
-0.005280
-0.001539
-0.002880
0.000851
-0.002882
0.000854
-0.001072
0.001243
-0.005276
-0.001541
-0.002880
0.000850
-0.002880
0.000849
-0.001073
0.001241
-0.002878
0.000850
-0.001072
0.001241
-0.001073
0.001240
-0.000127
0.000886
-0.006603
-0.007599
-0.005276
-0.001542
-0.005280
-0.001539
-0.002880
0.000851
-0.005276
-0.001541
-0.002880
0.000850
-0.002880
0.000849
-0.001073
0.001241
-0.005272
-0.001545
-0.002880
0.000847
-0.002880
0.000846
-0.001074
0.001239
-0.002878
0.000846
-0.001072
0.001238
-0.001073
0.001240
-0.000127
0.000886
-0.005276
-0.001541
-0.002880
0.000850
-0.002880
0.000849
-0.001073
0.001241
-0.002878
0.000850
-0.001072
0.001241
-0.001073
0.001240
-0.000127
0.000886
-0.002880
0.000848
-0.001074
0.001240
-0.001074
0.001240
-0.000127
0.000886
-0.001072
0.001240
-0.000127
0.000886
-0.000127
0.000887
0.000204
0.000445
-0.006615
-0.007599
-0.005280
-0.001540
-0.005283
-0.001536
-0.002884
0.000854
-0.005280
-0.001539
-0.002880
0.000851
-0.002882
0.000854
-0.001072
0.001243
-0.005280
-0.001547
-0.002884
0.000848
-0.002884
0.000849
-0.001075
0.001242
-0.002882
0.000852
-0.001073
0.001243
-0.001074
0.001242
-0.000127
0.000888
-0.005283
-0.001545
-0.002884
0.000849
-0.002884
0.000850
-0.001074
0.001242
-0.002882
0.000852
-0.001073
0.001243
-0.001074
0.001242
-0.000127
0.000888
-0.002878
0.000851
-0.001072
0.001241
-0.001073
0.001242
-0.000126
0.000887
-0.001073
0.001242
-0.000126
0.000887
-0.000126
0.000887
0.000204
0.000445
-0.005264
-0.001539
-0.002876
0.000848
-0.002874
0.000848
-0.001070
0.001237
-0.002876
0.000848
-0.001071
0.001239
-0.001072
0.001240
-0.000127
0.000886
-0.002876
0.000850
-0.001070
0.001239
-0.001071
0.001240
-0.000126
0.000886
-0.001071
0.001240
-0.000126
0.000886
-0.000126
0.000886
0.000204
0.000445
-0.002876
0.000850
-0.001070
0.001239
-0.001071
0.001240
-0.000126
0.000886
-0.001071
0.001240
-0.000126
0.000886
-0.000126
0.000886
0.000204
0.000445
-0.001068
0.001240
-0.000125
0.000885
-0.000126
0.000886
0.000204
0.000444
-0.000065
0.000916
0.000240
0.000441
0.000241
0.000441
0.000241
0.000131
-0.006615
-0.007599
-0.005280
-0.001540
-0.005283
-0.001536
-0.002884
0.000854
-0.005280
-0.001539
-0.002880
0.000851
-0.002882
0.000854
-0.001072
0.001243
-0.005280
-0.001547
-0.002884
0.000848
-0.002884
0.000849
-0.001075
0.001242
-0.002882
0.000852
-0.001073
0.001243
-0.001074
0.001242
-0.000127
0.000888
-0.005283
-0.001545
-0.002884
0.000849
-0.002884
0.000850
-0.001074
0.001242
-0.002882
0.000852
-0.001073
0.001243
-0.001074
0.001242
-0.000127
0.000888
-0.002878
0.000851
-0.001072
0.001241
-0.001073
0.001242
-0.000126
0.000887
-0.001073
0.001242
-0.000126
0.000887
-0.000126
0.000887
0.000204
0.000445
-0.005264
-0.001539
-0.002876
0.000848
-0.002874
0.000848
-0.001070
0.001237
-0.002876
0.000848
-0.001071
0.001239
-0.001072
0.001240
-0.000127
0.000886
-0.002876
0.000850
-0.001070
0.001239
-0.001071
0.001240
-0.000126
0.000886
-0.001071
0.001240
-0.000126
0.000886
-0.000126
0.000886
0.000204
0.000445
-0.002876
0.000850
-0.001070
0.001239
-0.001071
0.001240
-0.000126
0.000886
-0.001071
0.001240
-0.000126
0.000886
-0.000126
0.000886
0.000204
0.000445
-0.001068
0.001240
-0.000125
0.000885
-0.000126
0.000886
0.000204
0.000444
-0.000065
0.000916
0.000240
0.000441
0.000241
0.000441
0.000241
0.000131
-0.005280
-0.001547
-0.002884
0.000848
-0.002884
0.000849
-0.001075
0.001242
-0.002884
0.000849
-0.001075
0.001242
-0.001073
0.001241
-0.000127
0.000887
-0.002884
0.000849
-0.001075
0.001242
-0.001073
0.001241
-0.000127
0.000887
-0.001074
0.001241
-0.000128
0.000887
-0.000128
0.000887
0.000203
0.000445
-0.002884
0.000849
-0.001075
0.001242
-0.001073
0.001241
-0.000127
0.000887
-0.001074
0.001241
-0.000128
0.000887
-0.000128
0.000887
0.000203
0.000445
-0.001075
0.001240
-0.000128
0.000887
-0.000128
0.000887
0.000203
0.000445
-0.000066
0.000920
0.000241
0.000442
0.000241
0.000442
0.000241
0.000132
-0.002884
0.000849
-0.001075
0.001242
-0.001073
0.001241
-0.000127
0.000887
-0.001074
0.001241
-0.000128
0.000887
-0.000128
0.000887
0.000203
0.000445
-0.001075
0.001240
-0.000128
0.000887
-0.000128
0.000887
0.000203
0.000445
-0.000066
0.000920
0.000241
0.000442
0.000241
0.000442
0.000241
0.000132
-0.001075
0.001242
-0.000127
0.000888
-0.000127
0.000888
0.000204
0.000446
-0.000066
0.000920
0.000241
0.000442
0.000241
0.000442
0.000241
0.000132
-0.000110
0.000862
0.000204
0.000428
0.000234
0.000428
0.000234
0.000128
0.000234
0.000428
0.000234
0.000128
0.000225
0.000144
0.000112
0.000000
