0.436523
0.127563
0.238403
-0.070312
0.238525
-0.070435
0.088806
-0.102783
0.238281
-0.070312
0.088745
-0.102722
0.088867
-0.102661
0.010513
-0.073364
0.238770
-0.070557
0.088867
-0.102905
0.088806
-0.102905
0.010483
-0.073547
0.088867
-0.102844
0.010498
-0.073547
0.010468
-0.073547
-0.016907
-0.036896
0.238892
-0.070312
0.088989
-0.102844
0.088867
-0.102722
0.010529
-0.073486
0.088867
-0.102661
0.010559
-0.073425
0.010513
-0.073486
-0.016846
-0.036865
0.088867
-0.102661
0.010559
-0.073425
0.010513
-0.073486
-0.016846
-0.036865
0.010468
-0.073547
-0.016907
-0.036896
-0.016907
-0.036926
-0.018661
-0.011986
0.238892
-0.070312
0.088989
-0.102844
0.088867
-0.102722
0.010529
-0.073486
0.088867
-0.102661
0.010559
-0.073425
0.010513
-0.073486
-0.016846
-0.036865
0.088867
-0.102661
0.010559
-0.073425
0.010513
-0.073486
-0.016846
-0.036865
0.010468
-0.073547
-0.016907
-0.036896
-0.016907
-0.036926
-0.018661
-0.011986
0.088867
-0.102661
0.010559
-0.073425
0.010513
-0.073486
-0.016846
-0.036865
0.010468
-0.073547
-0.016907
-0.036896
-0.016907
-0.036926
-0.018661
-0.011986
0.010513
-0.073486
-0.016846
-0.036865
-0.016846
-0.036835
-0.018616
-0.011955
-0.016830
-0.036804
-0.018600
-0.011940
-0.018616
-0.011948
-0.012085
0.000000
