0.000610
0.235962
0.069946
0.108276
0.070068
0.108154
0.064087
0.029022
0.069946
0.108093
0.064026
0.029022
0.064026
0.029083
0.038025
-0.005547
0.069946
0.108093
0.064026
0.029022
0.064026
0.029083
0.038025
-0.005547
0.064087
0.029083
0.038025
-0.005547
0.037964
-0.005554
0.015823
-0.013763
0.070068
0.108337
0.064148
0.029083
0.064087
0.029099
0.038055
-0.005547
0.064270
0.029175
0.038147
-0.005562
0.038147
-0.005554
0.015869
-0.013809
0.064026
0.029083
0.038025
-0.005547
0.038025
-0.005531
0.015839
-0.013771
0.038116
-0.005531
0.015869
-0.013794
0.015869
-0.013786
0.003223
-0.011017
0.070068
0.108337
0.064148
0.029068
0.064148
0.029083
0.038055
-0.005562
0.064209
0.029129
0.038086
-0.005562
0.038086
-0.005577
0.015854
-0.013802
0.064209
0.029205
0.038116
-0.005531
0.038177
-0.005562
0.015900
-0.013809
0.038177
-0.005562
0.015900
-0.013809
0.015869
-0.013802
0.003220
-0.011032
0.064209
0.029190
0.038147
-0.005547
0.038147
-0.005585
0.015869
-0.013817
0.038177
-0.005562
0.015884
-0.013809
0.015884
-0.013824
0.003216
-0.011040
0.038147
-0.005600
0.015869
-0.013832
0.015869
-0.013824
0.003208
-0.011032
0.015854
-0.013794
0.003214
-0.011024
0.003214
-0.011032
-0.001780
-0.006020
0.070068
0.108582
0.064209
0.029190
0.064270
0.029175
0.038147
-0.005562
0.064209
0.029205
0.038116
-0.005531
0.038177
-0.005562
0.015900
-0.013809
0.064209
0.029190
0.038147
-0.005547
0.038147
-0.005585
0.015869
-0.013817
0.038177
-0.005562
0.015884
-0.013809
0.015884
-0.013824
0.003216
-0.011040
0.064209
0.029114
0.038116
-0.005577
0.038147
-0.005615
0.015869
-0.013824
0.038147
-0.005592
0.015869
-0.013817
0.015884
-0.013824
0.003214
-0.011040
0.038147
-0.005600
0.015869
-0.013832
0.015869
-0.013824
0.003208
-0.011032
0.015854
-0.013794
0.003214
-0.011024
0.003214
-0.011032
-0.001780
-0.006020
0.064209
0.029114
0.038116
-0.005577
0.038147
-0.005615
0.015869
-0.013824
0.038147
-0.005592
0.015869
-0.013817
0.015884
-0.013824
0.003214
-0.011040
0.038147
-0.005600
0.015869
-0.013832
0.015869
-0.013824
0.003208
-0.011032
0.015854
-0.013794
0.003214
-0.011024
0.003214
-0.011032
-0.001780
-0.006020
0.038147
-0.005600
0.015869
-0.013832
0.015869
-0.013824
0.003208
-0.011032
0.015854
-0.013794
0.003214
-0.011024
0.003214
-0.011032
-0.001780
-0.006020
0.015854
-0.013809
0.003208
-0.011024
0.003214
-0.011032
-0.001780
-0.006020
0.003214
-0.011032
-0.001778
-0.006020
-0.001777
-0.006023
-0.002596
-0.002243
0.070068
0.108154
0.064087
0.028992
0.064148
0.029083
0.038055
-0.005562
0.064209
0.029022
0.038055
-0.005608
0.038086
-0.005585
0.015839
-0.013809
0.064270
0.029175
0.038147
-0.005562
0.038147
-0.005585
0.015869
-0.013817
0.038147
-0.005585
0.015869
-0.013817
0.015884
-0.013824
0.003218
-0.011040
0.064148
0.029037
0.038025
-0.005592
0.038055
-0.005608
0.015839
-0.013817
0.038086
-0.005577
0.015854
-0.013802
0.015854
-0.013809
0.003210
-0.011024
0.037994
-0.005585
0.015808
-0.013786
0.015808
-0.013779
0.003199
-0.011002
0.015839
-0.013802
0.003204
-0.011017
0.003216
-0.011024
-0.001776
-0.006016
0.064209
0.029190
0.038147
-0.005547
0.038147
-0.005585
0.015869
-0.013817
0.038177
-0.005562
0.015884
-0.013809
0.015884
-0.013824
0.003216
-0.011040
0.038147
-0.005600
0.015869
-0.013832
0.015869
-0.013824
0.003208
-0.011032
0.015854
-0.013794
0.003214
-0.011024
0.003214
-0.011032
-0.001780
-0.006020
0.038147
-0.005600
0.015869
-0.013832
0.015869
-0.013824
0.003208
-0.011032
0.015854
-0.013794
0.003214
-0.011024
0.003214
-0.011032
-0.001780
-0.006020
0.015854
-0.013809
0.003208
-0.011024
0.003214
-0.011032
-0.001780
-0.006020
0.003214
-0.011032
-0.001778
-0.006020
-0.001777
-0.006023
-0.002596
-0.002243
0.064209
0.029205
0.038116
-0.005531
0.038177
-0.005562
0.015900
-0.013809
0.038177
-0.005539
0.015900
-0.013802
0.015900
-0.013802
0.003231
-0.011032
0.038177
-0.005554
0.015900
-0.013802
0.015900
-0.013802
0.003229
-0.011032
0.015854
-0.013794
0.003214
-0.011024
0.003220
-0.011017
-0.001772
-0.006020
0.038177
-0.005562
0.015900
-0.013809
0.015900
-0.013809
0.003225
-0.011032
0.015900
-0.013802
0.003231
-0.011032
0.003220
-0.011017
-0.001772
-0.006020
0.015900
-0.013802
0.003231
-0.011032
0.003220
-0.011017
-0.001772
-0.006020
0.003231
-0.011032
-0.001770
-0.006027
-0.001772
-0.006023
-0.002594
-0.002245
0.037994
-0.005585
0.015808
-0.013786
0.015808
-0.013779
0.003199
-0.011002
0.015839
-0.013802
0.003204
-0.011017
0.003216
-0.011024
-0.001776
-0.006016
0.015854
-0.013794
0.003214
-0.011024
0.003220
-0.011017
-0.001772
-0.006020
0.003214
-0.011032
-0.001780
-0.006020
-0.001773
-0.006016
-0.002592
-0.002241
0.015869
-0.013771
0.003229
-0.011017
0.003227
-0.011002
-0.001764
-0.006012
0.003231
-0.011032
-0.001770
-0.006027
-0.001772
-0.006023
-0.002594
-0.002245
0.003235
-0.011024
-0.001768
-0.006027
-0.001770
-0.006027
-0.002594
-0.002247
-0.001770
-0.006016
-0.002590
-0.002243
-0.002594
-0.002247
-0.001854
-0.000267
0.070190
0.108521
0.064331
0.029144
0.064270
0.029083
0.038116
-0.005608
0.064270
0.029083
0.038116
-0.005608
0.038147
-0.005592
0.015869
-0.013817
0.064270
0.029083
0.038116
-0.005608
0.038147
-0.005585
0.015869
-0.013817
0.038147
-0.005592
0.015869
-0.013817
0.015900
-0.013840
0.003216
-0.011040
0.064209
0.029114
0.038116
-0.005577
0.038147
-0.005615
0.015869
-0.013824
0.038147
-0.005592
0.015869
-0.013817
0.015884
-0.013824
0.003214
-0.011040
0.038147
-0.005600
0.015869
-0.013832
0.015869
-0.013824
0.003208
-0.011032
0.015854
-0.013809
0.003208
-0.011024
0.003214
-0.011032
-0.001780
-0.006020
0.064209
0.029114
0.038116
-0.005577
0.038147
-0.005615
0.015869
-0.013824
0.038147
-0.005592
0.015869
-0.013817
0.015884
-0.013824
0.003214
-0.011040
0.038147
-0.005600
0.015869
-0.013832
0.015869
-0.013824
0.003208
-0.011032
0.015854
-0.013794
0.003214
-0.011024
0.003214
-0.011032
-0.001780
-0.006020
0.038147
-0.005600
0.015869
-0.013832
0.015869
-0.013824
0.003208
-0.011032
0.015854
-0.013794
0.003214
-0.011024
0.003214
-0.011032
-0.001780
-0.006020
0.015854
-0.013809
0.003208
-0.011024
0.003214
-0.011032
-0.001780
-0.006020
0.003214
-0.011032
-0.001778
-0.006020
-0.001777
-0.006023
-0.002596
-0.002243
0.064209
0.029114
0.038116
-0.005577
0.038147
-0.005615
0.015869
-0.013824
0.038147
-0.005592
0.015869
-0.013817
0.015884
-0.013824
0.003214
-0.011040
0.038147
-0.005600
0.015869
-0.013832
0.015869
-0.013824
0.003208
-0.011032
0.015854
-0.013794
0.003214
-0.011024
0.003214
-0.011032
-0.001780
-0.006020
0.038147
-0.005600
0.015869
-0.013832
0.015869
-0.013824
0.003208
-0.011032
0.015854
-0.013809
0.003208
-0.011024
0.003214
-0.011032
-0.001780
-0.006020
0.015839
-0.013809
0.003201
-0.011017
0.003206
-0.011032
-0.001781
-0.006016
0.003210
-0.011024
-0.001781
-0.006016
-0.001780
-0.006020
-0.002596
-0.002241
0.038147
-0.005600
0.015869
-0.013832
0.015869
-0.013824
0.003208
-0.011032
0.015854
-0.013809
0.003208
-0.011024
0.003214
-0.011032
-0.001780
-0.006020
0.015854
-0.013809
0.003208
-0.011024
0.003214
-0.011032
-0.001780
-0.006020
0.003214
-0.011032
-0.001778
-0.006020
-0.001777
-0.006023
-0.002596
-0.002243
0.015854
-0.013809
0.003208
-0.011024
0.003214
-0.011032
-0.001780
-0.006020
0.003214
-0.011032
-0.001778
-0.006020
-0.001777
-0.006023
-0.002596
-0.002243
0.003225
-0.011047
-0.001774
-0.006027
-0.001781
-0.006027
-0.002598
-0.002243
-0.001777
-0.006023
-0.002596
-0.002243
-0.002594
-0.002243
-0.001854
-0.000265
0.064209
0.029114
0.038116
-0.005577
0.038147
-0.005615
0.015869
-0.013824
0.038147
-0.005592
0.015869
-0.013817
0.015884
-0.013824
0.003214
-0.011040
0.038147
-0.005600
0.015869
-0.013832
0.015869
-0.013824
0.003208
-0.011032
0.015854
-0.013794
0.003214
-0.011024
0.003214
-0.011032
-0.001780
-0.006020
0.038147
-0.005600
0.015869
-0.013832
0.015869
-0.013824
0.003208
-0.011032
0.015854
-0.013794
0.003214
-0.011024
0.003214
-0.011032
-0.001780
-0.006020
0.015854
-0.013809
0.003208
-0.011024
0.003214
-0.011032
-0.001780
-0.006020
0.003214
-0.011032
-0.001778
-0.006020
-0.001777
-0.006023
-0.002596
-0.002243
0.038147
-0.005600
0.015869
-0.013832
0.015869
-0.013824
0.003208
-0.011032
0.015854
-0.013809
0.003208
-0.011024
0.003214
-0.011032
-0.001780
-0.006020
0.015854
-0.013809
0.003208
-0.011024
0.003214
-0.011032
-0.001780
-0.006020
0.003214
-0.011032
-0.001778
-0.006020
-0.001777
-0.006023
-0.002596
-0.002243
0.015854
-0.013809
0.003208
-0.011024
0.003214
-0.011032
-0.001780
-0.006020
0.003214
-0.011032
-0.001778
-0.006020
-0.001777
-0.006023
-0.002596
-0.002243
0.003225
-0.011047
-0.001774
-0.006027
-0.001781
-0.006027
-0.002598
-0.002243
-0.001777
-0.006023
-0.002596
-0.002243
-0.002594
-0.002243
-0.001854
-0.000265
0.038147
-0.005600
0.015869
-0.013832
0.015869
-0.013824
0.003208
-0.011032
0.015854
-0.013809
0.003208
-0.011024
0.003214
-0.011032
-0.001780
-0.006020
0.015854
-0.013809
0.003208
-0.011024
0.003214
-0.011032
-0.001780
-0.006020
0.003214
-0.011032
-0.001778
-0.006020
-0.001777
-0.006023
-0.002596
-0.002243
0.015854
-0.013809
0.003208
-0.011024
0.003214
-0.011032
-0.001780
-0.006020
0.003214
-0.011032
-0.001778
-0.006020
-0.001777
-0.006023
-0.002596
-0.002243
0.003225
-0.011047
-0.001774
-0.006027
-0.001781
-0.006027
-0.002598
-0.002243
-0.001777
-0.006023
-0.002596
-0.002243
-0.002594
-0.002243
-0.001854
-0.000265
0.015915
-0.013840
0.003222
-0.011047
0.003208
-0.011055
-0.001783
-0.006027
0.003223
-0.011063
-0.001783
-0.006035
-0.001785
-0.006035
-0.002602
-0.002247
0.003227
-0.011063
-0.001781
-0.006039
-0.001781
-0.006039
-0.002602
-0.002251
-0.001784
-0.006035
-0.002602
-0.002247
-0.002602
-0.002249
-0.001860
-0.000265
0.003223
-0.011063
-0.001783
-0.006035
-0.001785
-0.006035
-0.002602
-0.002247
-0.001789
-0.006031
-0.002604
-0.002243
-0.002602
-0.002243
-0.001858
-0.000263
-0.001782
-0.006031
-0.002600
-0.002247
-0.002600
-0.002245
-0.001858
-0.000265
-0.002600
-0.002243
-0.001856
-0.000263
-0.001860
-0.000265
-0.000932
0.000427
0.070190
0.108826
0.064392
0.029266
0.064331
0.029266
0.038208
-0.005554
0.064331
0.029190
0.038147
-0.005562
0.038177
-0.005562
0.015900
-0.013809
0.064270
0.029083
0.038116
-0.005608
0.038147
-0.005585
0.015869
-0.013817
0.038177
-0.005562
0.015900
-0.013824
0.015900
-0.013832
0.003220
-0.011040
0.064270
0.029205
0.038147
-0.005547
0.038177
-0.005539
0.015900
-0.013802
0.038177
-0.005547
0.015900
-0.013802
0.015915
-0.013809
0.003231
-0.011032
0.038239
-0.005524
0.015930
-0.013824
0.015930
-0.013824
0.003246
-0.011055
0.015915
-0.013794
0.003239
-0.011032
0.003241
-0.011040
-0.001770
-0.006035
0.064209
0.029190
0.038147
-0.005547
0.038147
-0.005585
0.015869
-0.013817
0.038177
-0.005562
0.015884
-0.013809
0.015884
-0.013824
0.003216
-0.011040
0.038147
-0.005600
0.015869
-0.013832
0.015869
-0.013824
0.003208
-0.011032
0.015854
-0.013794
0.003214
-0.011024
0.003214
-0.011032
-0.001780
-0.006020
0.038177
-0.005562
0.015900
-0.013809
0.015900
-0.013809
0.003225
-0.011032
0.015900
-0.013802
0.003231
-0.011032
0.003220
-0.011017
-0.001772
-0.006020
0.015900
-0.013802
0.003231
-0.011032
0.003220
-0.011017
-0.001772
-0.006020
0.003231
-0.011032
-0.001770
-0.006027
-0.001772
-0.006023
-0.002594
-0.002245
0.064209
0.029190
0.038147
-0.005547
0.038147
-0.005585
0.015869
-0.013817
0.038177
-0.005562
0.015884
-0.013809
0.015884
-0.013824
0.003216
-0.011040
0.038147
-0.005600
0.015869
-0.013832
0.015869
-0.013824
0.003208
-0.011032
0.015854
-0.013794
0.003214
-0.011024
0.003214
-0.011032
-0.001780
-0.006020
0.038177
-0.005562
0.015900
-0.013809
0.015900
-0.013809
0.003225
-0.011032
0.015900
-0.013802
0.003231
-0.011032
0.003220
-0.011017
-0.001772
-0.006020
0.015900
-0.013802
0.003231
-0.011032
0.003220
-0.011017
-0.001772
-0.006020
0.003231
-0.011032
-0.001770
-0.006027
-0.001772
-0.006023
-0.002594
-0.002245
0.038177
-0.005562
0.015900
-0.013809
0.015900
-0.013809
0.003225
-0.011032
0.015900
-0.013802
0.003231
-0.011032
0.003220
-0.011017
-0.001772
-0.006020
0.015900
-0.013802
0.003231
-0.011032
0.003220
-0.011017
-0.001772
-0.006020
0.003231
-0.011032
-0.001770
-0.006027
-0.001772
-0.006023
-0.002594
-0.002245
0.015869
-0.013771
0.003229
-0.011017
0.003227
-0.011002
-0.001764
-0.006012
0.003231
-0.011032
-0.001770
-0.006027
-0.001772
-0.006023
-0.002594
-0.002245
0.003235
-0.011024
-0.001768
-0.006027
-0.001770
-0.006027
-0.002594
-0.002247
-0.001770
-0.006016
-0.002590
-0.002243
-0.002594
-0.002247
-0.001854
-0.000267
0.064209
0.029205
0.038116
-0.005531
0.038177
-0.005562
0.015900
-0.013809
0.038177
-0.005539
0.015900
-0.013802
0.015900
-0.013802
0.003231
-0.011032
0.038177
-0.005554
0.015900
-0.013802
0.015900
-0.013802
0.003229
-0.011032
0.015854
-0.013794
0.003214
-0.011024
0.003220
-0.011017
-0.001772
-0.006020
0.038177
-0.005562
0.015900
-0.013809
0.015900
-0.013809
0.003225
-0.011032
0.015900
-0.013802
0.003231
-0.011032
0.003220
-0.011017
-0.001772
-0.006020
0.015900
-0.013802
0.003231
-0.011032
0.003220
-0.011017
-0.001772
-0.006020
0.003231
-0.011032
-0.001770
-0.006027
-0.001772
-0.006023
-0.002594
-0.002245
0.038177
-0.005539
0.015900
-0.013802
0.015884
-0.013779
0.003231
-0.011024
0.015915
-0.013809
0.003233
-0.011032
0.003231
-0.011032
-0.001770
-0.006027
0.015915
-0.013794
0.003239
-0.011032
0.003235
-0.011024
-0.001768
-0.006027
0.003235
-0.011024
-0.001768
-0.006027
-0.001764
-0.006027
-0.002592
-0.002251
0.015869
-0.013771
0.003229
-0.011017
0.003227
-0.011002
-0.001764
-0.006012
0.003231
-0.011032
-0.001770
-0.006027
-0.001772
-0.006023
-0.002594
-0.002245
0.003235
-0.011024
-0.001768
-0.006027
-0.001770
-0.006027
-0.002594
-0.002247
-0.001766
-0.006020
-0.002590
-0.002245
-0.002590
-0.002245
-0.001852
-0.000267
0.038177
-0.005562
0.015900
-0.013809
0.015884
-0.013809
0.003222
-0.011040
0.015900
-0.013802
0.003231
-0.011032
0.003214
-0.011032
-0.001778
-0.006020
0.015900
-0.013809
0.003223
-0.011032
0.003214
-0.011032
-0.001778
-0.006020
0.003214
-0.011032
-0.001778
-0.006020
-0.001777
-0.006023
-0.002596
-0.002243
0.015900
-0.013802
0.003231
-0.011032
0.003214
-0.011032
-0.001778
-0.006020
0.003229
-0.011032
-0.001774
-0.006027
-0.001776
-0.006023
-0.002596
-0.002243
0.003241
-0.011040
-0.001770
-0.006035
-0.001768
-0.006031
-0.002592
-0.002251
-0.001776
-0.006027
-0.002594
-0.002245
-0.002594
-0.002247
-0.001855
-0.000267
0.015869
-0.013786
0.003223
-0.011017
0.003223
-0.011009
-0.001770
-0.006012
0.003216
-0.011024
-0.001774
-0.006020
-0.001776
-0.006023
-0.002596
-0.002243
0.003227
-0.011017
-0.001770
-0.006020
-0.001768
-0.006016
-0.002590
-0.002243
-0.001768
-0.006023
-0.002592
-0.002245
-0.002590
-0.002245
-0.001853
-0.000266
0.003220
-0.011017
-0.001774
-0.006012
-0.001772
-0.006012
-0.002588
-0.002239
-0.001768
-0.006012
-0.002586
-0.002241
-0.002586
-0.002239
-0.001850
-0.000265
-0.001768
-0.006012
-0.002586
-0.002241
-0.002586
-0.002239
-0.001850
-0.000265
-0.002588
-0.002241
-0.001851
-0.000265
-0.001850
-0.000264
-0.000929
0.000425
0.064209
0.029205
0.038116
-0.005531
0.038177
-0.005562
0.015900
-0.013809
0.038177
-0.005539
0.015900
-0.013802
0.015900
-0.013802
0.003231
-0.011032
0.038177
-0.005554
0.015900
-0.013802
0.015900
-0.013802
0.003229
-0.011032
0.015854
-0.013794
0.003214
-0.011024
0.003220
-0.011017
-0.001772
-0.006020
0.038177
-0.005562
0.015900
-0.013809
0.015900
-0.013809
0.003225
-0.011032
0.015900
-0.013802
0.003231
-0.011032
0.003220
-0.011017
-0.001772
-0.006020
0.015900
-0.013802
0.003231
-0.011032
0.003220
-0.011017
-0.001772
-0.006020
0.003231
-0.011032
-0.001770
-0.006027
-0.001772
-0.006023
-0.002594
-0.002245
0.038177
-0.005539
0.015900
-0.013802
0.015884
-0.013779
0.003231
-0.011024
0.015915
-0.013809
0.003233
-0.011032
0.003231
-0.011032
-0.001770
-0.006027
0.015915
-0.013794
0.003239
-0.011032
0.003235
-0.011024
-0.001768
-0.006027
0.003235
-0.011024
-0.001768
-0.006027
-0.001764
-0.006027
-0.002592
-0.002251
0.015869
-0.013771
0.003229
-0.011017
0.003227
-0.011002
-0.001764
-0.006012
0.003231
-0.011032
-0.001770
-0.006027
-0.001772
-0.006023
-0.002594
-0.002245
0.003235
-0.011024
-0.001768
-0.006027
-0.001770
-0.006027
-0.002594
-0.002247
-0.001766
-0.006020
-0.002590
-0.002245
-0.002590
-0.002245
-0.001852
-0.000267
0.038177
-0.005562
0.015900
-0.013809
0.015884
-0.013809
0.003222
-0.011040
0.015900
-0.013802
0.003231
-0.011032
0.003214
-0.011032
-0.001778
-0.006020
0.015900
-0.013809
0.003223
-0.011032
0.003214
-0.011032
-0.001778
-0.006020
0.003214
-0.011032
-0.001778
-0.006020
-0.001777
-0.006023
-0.002596
-0.002243
0.015900
-0.013802
0.003231
-0.011032
0.003214
-0.011032
-0.001778
-0.006020
0.003229
-0.011032
-0.001774
-0.006027
-0.001776
-0.006023
-0.002596
-0.002243
0.003241
-0.011040
-0.001770
-0.006035
-0.001768
-0.006031
-0.002592
-0.002251
-0.001776
-0.006027
-0.002594
-0.002245
-0.002594
-0.002247
-0.001855
-0.000267
0.015869
-0.013786
0.003223
-0.011017
0.003223
-0.011009
-0.001770
-0.006012
0.003216
-0.011024
-0.001774
-0.006020
-0.001776
-0.006023
-0.002596
-0.002243
0.003227
-0.011017
-0.001770
-0.006020
-0.001768
-0.006016
-0.002590
-0.002243
-0.001768
-0.006023
-0.002592
-0.002245
-0.002590
-0.002245
-0.001853
-0.000266
0.003220
-0.011017
-0.001774
-0.006012
-0.001772
-0.006012
-0.002588
-0.002239
-0.001768
-0.006012
-0.002586
-0.002241
-0.002586
-0.002239
-0.001850
-0.000265
-0.001768
-0.006012
-0.002586
-0.002241
-0.002586
-0.002239
-0.001850
-0.000265
-0.002588
-0.002241
-0.001851
-0.000265
-0.001850
-0.000264
-0.000929
0.000425
0.038147
-0.005600
0.015869
-0.013832
0.015869
-0.013824
0.003208
-0.011032
0.015854
-0.013809
0.003208
-0.011024
0.003214
-0.011032
-0.001780
-0.006020
0.015854
-0.013809
0.003208
-0.011024
0.003214
-0.011032
-0.001780
-0.006020
0.003214
-0.011032
-0.001778
-0.006020
-0.001777
-0.006023
-0.002596
-0.002243
0.015854
-0.013809
0.003208
-0.011024
0.003214
-0.011032
-0.001780
-0.006020
0.003214
-0.011032
-0.001778
-0.006020
-0.001777
-0.006023
-0.002596
-0.002243
0.003225
-0.011047
-0.001774
-0.006027
-0.001781
-0.006027
-0.002598
-0.002243
-0.001777
-0.006023
-0.002596
-0.002243
-0.002594
-0.002243
-0.001854
-0.000265
0.015915
-0.013840
0.003222
-0.011047
0.003208
-0.011055
-0.001783
-0.006027
0.003223
-0.011063
-0.001783
-0.006035
-0.001785
-0.006035
-0.002602
-0.002247
0.003227
-0.011063
-0.001781
-0.006039
-0.001781
-0.006039
-0.002602
-0.002251
-0.001784
-0.006035
-0.002602
-0.002247
-0.002602
-0.002249
-0.001860
-0.000265
0.003223
-0.011063
-0.001783
-0.006035
-0.001785
-0.006035
-0.002602
-0.002247
-0.001789
-0.006031
-0.002604
-0.002243
-0.002602
-0.002243
-0.001858
-0.000263
-0.001782
-0.006031
-0.002600
-0.002247
-0.002600
-0.002245
-0.001858
-0.000265
-0.002600
-0.002243
-0.001856
-0.000263
-0.001860
-0.000265
-0.000932
0.000427
0.015915
-0.013840
0.003237
-0.011063
0.003235
-0.011070
-0.001778
-0.006039
0.003239
-0.011063
-0.001774
-0.006035
-0.001781
-0.006035
-0.002600
-0.002249
0.003239
-0.011063
-0.001774
-0.006035
-0.001778
-0.006039
-0.002600
-0.002251
-0.001780
-0.006042
-0.002604
-0.002253
-0.002602
-0.002251
-0.001861
-0.000266
0.003239
-0.011063
-0.001774
-0.006035
-0.001778
-0.006039
-0.002600
-0.002251
-0.001780
-0.006042
-0.002604
-0.002253
-0.002602
-0.002251
-0.001861
-0.000266
-0.001780
-0.006042
-0.002604
-0.002253
-0.002602
-0.002251
-0.001861
-0.000266
-0.002602
-0.002247
-0.001859
-0.000265
-0.001858
-0.000265
-0.000932
0.000427
0.003229
-0.011032
-0.001774
-0.006027
-0.001776
-0.006023
-0.002596
-0.002243
-0.001776
-0.006023
-0.002596
-0.002243
-0.002594
-0.002243
-0.001854
-0.000266
-0.001776
-0.006035
-0.002598
-0.002251
-0.002598
-0.002249
-0.001858
-0.000267
-0.002598
-0.002249
-0.001858
-0.000267
-0.001857
-0.000267
-0.000932
0.000426
-0.001782
-0.006031
-0.002600
-0.002247
-0.002600
-0.002245
-0.001858
-0.000265
-0.002600
-0.002243
-0.001856
-0.000263
-0.001860
-0.000265
-0.000932
0.000427
-0.002602
-0.002251
-0.001861
-0.000266
-0.001861
-0.000267
-0.000934
0.000426
-0.001860
-0.000266
-0.000933
0.000427
-0.000925
0.000505
-0.000276
0.000505
0.070190
0.108826
0.064392
0.029266
0.064331
0.029266
0.038208
-0.005554
0.064331
0.029190
0.038147
-0.005562
0.038177
-0.005562
0.015900
-0.013809
0.064270
0.029083
0.038116
-0.005608
0.038147
-0.005585
0.015869
-0.013817
0.038177
-0.005562
0.015900
-0.013824
0.015900
-0.013832
0.003220
-0.011040
0.064270
0.029205
0.038147
-0.005547
0.038177
-0.005539
0.015900
-0.013802
0.038177
-0.005547
0.015900
-0.013802
0.015915
-0.013809
0.003231
-0.011032
0.038239
-0.005524
0.015930
-0.013824
0.015930
-0.013824
0.003246
-0.011055
0.015915
-0.013794
0.003239
-0.011032
0.003241
-0.011040
-0.001770
-0.006035
0.064209
0.029190
0.038147
-0.005547
0.038147
-0.005585
0.015869
-0.013817
0.038177
-0.005562
0.015884
-0.013809
0.015884
-0.013824
0.003216
-0.011040
0.038147
-0.005600
0.015869
-0.013832
0.015869
-0.013824
0.003208
-0.011032
0.015854
-0.013794
0.003214
-0.011024
0.003214
-0.011032
-0.001780
-0.006020
0.038177
-0.005562
0.015900
-0.013809
0.015900
-0.013809
0.003225
-0.011032
0.015900
-0.013802
0.003231
-0.011032
0.003220
-0.011017
-0.001772
-0.006020
0.015900
-0.013802
0.003231
-0.011032
0.003220
-0.011017
-0.001772
-0.006020
0.003231
-0.011032
-0.001770
-0.006027
-0.001772
-0.006023
-0.002594
-0.002245
0.064209
0.029190
0.038147
-0.005547
0.038147
-0.005585
0.015869
-0.013817
0.038177
-0.005562
0.015884
-0.013809
0.015884
-0.013824
0.003216
-0.011040
0.038147
-0.005600
0.015869
-0.013832
0.015869
-0.013824
0.003208
-0.011032
0.015854
-0.013794
0.003214
-0.011024
0.003214
-0.011032
-0.001780
-0.006020
0.038177
-0.005562
0.015900
-0.013809
0.015900
-0.013809
0.003225
-0.011032
0.015900
-0.013802
0.003231
-0.011032
0.003220
-0.011017
-0.001772
-0.006020
0.015900
-0.013802
0.003231
-0.011032
0.003220
-0.011017
-0.001772
-0.006020
0.003231
-0.011032
-0.001770
-0.006027
-0.001772
-0.006023
-0.002594
-0.002245
0.038177
-0.005562
0.015900
-0.013809
0.015900
-0.013809
0.003225
-0.011032
0.015900
-0.013802
0.003231
-0.011032
0.003220
-0.011017
-0.001772
-0.006020
0.015900
-0.013802
0.003231
-0.011032
0.003220
-0.011017
-0.001772
-0.006020
0.003231
-0.011032
-0.001770
-0.006027
-0.001772
-0.006023
-0.002594
-0.002245
0.015869
-0.013771
0.003229
-0.011017
0.003227
-0.011002
-0.001764
-0.006012
0.003231
-0.011032
-0.001770
-0.006027
-0.001772
-0.006023
-0.002594
-0.002245
0.003235
-0.011024
-0.001768
-0.006027
-0.001770
-0.006027
-0.002594
-0.002247
-0.001770
-0.006016
-0.002590
-0.002243
-0.002594
-0.002247
-0.001854
-0.000267
0.064209
0.029205
0.038116
-0.005531
0.038177
-0.005562
0.015900
-0.013809
0.038177
-0.005539
0.015900
-0.013802
0.015900
-0.013802
0.003231
-0.011032
0.038177
-0.005554
0.015900
-0.013802
0.015900
-0.013802
0.003229
-0.011032
0.015854
-0.013794
0.003214
-0.011024
0.003220
-0.011017
-0.001772
-0.006020
0.038177
-0.005562
0.015900
-0.013809
0.015900
-0.013809
0.003225
-0.011032
0.015900
-0.013802
0.003231
-0.011032
0.003220
-0.011017
-0.001772
-0.006020
0.015900
-0.013802
0.003231
-0.011032
0.003220
-0.011017
-0.001772
-0.006020
0.003231
-0.011032
-0.001770
-0.006027
-0.001772
-0.006023
-0.002594
-0.002245
0.038177
-0.005539
0.015900
-0.013802
0.015884
-0.013779
0.003231
-0.011024
0.015915
-0.013809
0.003233
-0.011032
0.003231
-0.011032
-0.001770
-0.006027
0.015915
-0.013794
0.003239
-0.011032
0.003235
-0.011024
-0.001768
-0.006027
0.003235
-0.011024
-0.001768
-0.006027
-0.001764
-0.006027
-0.002592
-0.002251
0.015869
-0.013771
0.003229
-0.011017
0.003227
-0.011002
-0.001764
-0.006012
0.003231
-0.011032
-0.001770
-0.006027
-0.001772
-0.006023
-0.002594
-0.002245
0.003235
-0.011024
-0.001768
-0.006027
-0.001770
-0.006027
-0.002594
-0.002247
-0.001766
-0.006020
-0.002590
-0.002245
-0.002590
-0.002245
-0.001852
-0.000267
0.038177
-0.005562
0.015900
-0.013809
0.015884
-0.013809
0.003222
-0.011040
0.015900
-0.013802
0.003231
-0.011032
0.003214
-0.011032
-0.001778
-0.006020
0.015900
-0.013809
0.003223
-0.011032
0.003214
-0.011032
-0.001778
-0.006020
0.003214
-0.011032
-0.001778
-0.006020
-0.001777
-0.006023
-0.002596
-0.002243
0.015900
-0.013802
0.003231
-0.011032
0.003214
-0.011032
-0.001778
-0.006020
0.003229
-0.011032
-0.001774
-0.006027
-0.001776
-0.006023
-0.002596
-0.002243
0.003241
-0.011040
-0.001770
-0.006035
-0.001768
-0.006031
-0.002592
-0.002251
-0.001776
-0.006027
-0.002594
-0.002245
-0.002594
-0.002247
-0.001855
-0.000267
0.015869
-0.013786
0.003223
-0.011017
0.003223
-0.011009
-0.001770
-0.006012
0.003216
-0.011024
-0.001774
-0.006020
-0.001776
-0.006023
-0.002596
-0.002243
0.003227
-0.011017
-0.001770
-0.006020
-0.001768
-0.006016
-0.002590
-0.002243
-0.001768
-0.006023
-0.002592
-0.002245
-0.002590
-0.002245
-0.001853
-0.000266
0.003220
-0.011017
-0.001774
-0.006012
-0.001772
-0.006012
-0.002588
-0.002239
-0.001768
-0.006012
-0.002586
-0.002241
-0.002586
-0.002239
-0.001850
-0.000265
-0.001768
-0.006012
-0.002586
-0.002241
-0.002586
-0.002239
-0.001850
-0.000265
-0.002588
-0.002241
-0.001851
-0.000265
-0.001850
-0.000264
-0.000929
0.000425
0.064209
0.029205
0.038116
-0.005531
0.038177
-0.005562
0.015900
-0.013809
0.038177
-0.005539
0.015900
-0.013802
0.015900
-0.013802
0.003231
-0.011032
0.038177
-0.005554
0.015900
-0.013802
0.015900
-0.013802
0.003229
-0.011032
0.015854
-0.013794
0.003214
-0.011024
0.003220
-0.011017
-0.001772
-0.006020
0.038177
-0.005562
0.015900
-0.013809
0.015900
-0.013809
0.003225
-0.011032
0.015900
-0.013802
0.003231
-0.011032
0.003220
-0.011017
-0.001772
-0.006020
0.015900
-0.013802
0.003231
-0.011032
0.003220
-0.011017
-0.001772
-0.006020
0.003231
-0.011032
-0.001770
-0.006027
-0.001772
-0.006023
-0.002594
-0.002245
0.038177
-0.005539
0.015900
-0.013802
0.015884
-0.013779
0.003231
-0.011024
0.015915
-0.013809
0.003233
-0.011032
0.003231
-0.011032
-0.001770
-0.006027
0.015915
-0.013794
0.003239
-0.011032
0.003235
-0.011024
-0.001768
-0.006027
0.003235
-0.011024
-0.001768
-0.006027
-0.001764
-0.006027
-0.002592
-0.002251
0.015869
-0.013771
0.003229
-0.011017
0.003227
-0.011002
-0.001764
-0.006012
0.003231
-0.011032
-0.001770
-0.006027
-0.001772
-0.006023
-0.002594
-0.002245
0.003235
-0.011024
-0.001768
-0.006027
-0.001770
-0.006027
-0.002594
-0.002247
-0.001766
-0.006020
-0.002590
-0.002245
-0.002590
-0.002245
-0.001852
-0.000267
0.038177
-0.005562
0.015900
-0.013809
0.015884
-0.013809
0.003222
-0.011040
0.015900
-0.013802
0.003231
-0.011032
0.003214
-0.011032
-0.001778
-0.006020
0.015900
-0.013809
0.003223
-0.011032
0.003214
-0.011032
-0.001778
-0.006020
0.003214
-0.011032
-0.001778
-0.006020
-0.001777
-0.006023
-0.002596
-0.002243
0.015900
-0.013802
0.003231
-0.011032
0.003214
-0.011032
-0.001778
-0.006020
0.003229
-0.011032
-0.001774
-0.006027
-0.001776
-0.006023
-0.002596
-0.002243
0.003241
-0.011040
-0.001770
-0.006035
-0.001768
-0.006031
-0.002592
-0.002251
-0.001776
-0.006027
-0.002594
-0.002245
-0.002594
-0.002247
-0.001855
-0.000267
0.015869
-0.013786
0.003223
-0.011017
0.003223
-0.011009
-0.001770
-0.006012
0.003216
-0.011024
-0.001774
-0.006020
-0.001776
-0.006023
-0.002596
-0.002243
0.003227
-0.011017
-0.001770
-0.006020
-0.001768
-0.006016
-0.002590
-0.002243
-0.001768
-0.006023
-0.002592
-0.002245
-0.002590
-0.002245
-0.001853
-0.000266
0.003220
-0.011017
-0.001774
-0.006012
-0.001772
-0.006012
-0.002588
-0.002239
-0.001768
-0.006012
-0.002586
-0.002241
-0.002586
-0.002239
-0.001850
-0.000265
-0.001768
-0.006012
-0.002586
-0.002241
-0.002586
-0.002239
-0.001850
-0.000265
-0.002588
-0.002241
-0.001851
-0.000265
-0.001850
-0.000264
-0.000929
0.000425
0.038147
-0.005600
0.015869
-0.013832
0.015869
-0.013824
0.003208
-0.011032
0.015854
-0.013809
0.003208
-0.011024
0.003214
-0.011032
-0.001780
-0.006020
0.015854
-0.013809
0.003208
-0.011024
0.003214
-0.011032
-0.001780
-0.006020
0.003214
-0.011032
-0.001778
-0.006020
-0.001777
-0.006023
-0.002596
-0.002243
0.015854
-0.013809
0.003208
-0.011024
0.003214
-0.011032
-0.001780
-0.006020
0.003214
-0.011032
-0.001778
-0.006020
-0.001777
-0.006023
-0.002596
-0.002243
0.003225
-0.011047
-0.001774
-0.006027
-0.001781
-0.006027
-0.002598
-0.002243
-0.001777
-0.006023
-0.002596
-0.002243
-0.002594
-0.002243
-0.001854
-0.000265
0.015915
-0.013840
0.003222
-0.011047
0.003208
-0.011055
-0.001783
-0.006027
0.003223
-0.011063
-0.001783
-0.006035
-0.001785
-0.006035
-0.002602
-0.002247
0.003227
-0.011063
-0.001781
-0.006039
-0.001781
-0.006039
-0.002602
-0.002251
-0.001784
-0.006035
-0.002602
-0.002247
-0.002602
-0.002249
-0.001860
-0.000265
0.003223
-0.011063
-0.001783
-0.006035
-0.001785
-0.006035
-0.002602
-0.002247
-0.001789
-0.006031
-0.002604
-0.002243
-0.002602
-0.002243
-0.001858
-0.000263
-0.001782
-0.006031
-0.002600
-0.002247
-0.002600
-0.002245
-0.001858
-0.000265
-0.002600
-0.002243
-0.001856
-0.000263
-0.001860
-0.000265
-0.000932
0.000427
0.015915
-0.013840
0.003237
-0.011063
0.003235
-0.011070
-0.001778
-0.006039
0.003239
-0.011063
-0.001774
-0.006035
-0.001781
-0.006035
-0.002600
-0.002249
0.003239
-0.011063
-0.001774
-0.006035
-0.001778
-0.006039
-0.002600
-0.002251
-0.001780
-0.006042
-0.002604
-0.002253
-0.002602
-0.002251
-0.001861
-0.000266
0.003239
-0.011063
-0.001774
-0.006035
-0.001778
-0.006039
-0.002600
-0.002251
-0.001780
-0.006042
-0.002604
-0.002253
-0.002602
-0.002251
-0.001861
-0.000266
-0.001780
-0.006042
-0.002604
-0.002253
-0.002602
-0.002251
-0.001861
-0.000266
-0.002602
-0.002247
-0.001859
-0.000265
-0.001858
-0.000265
-0.000932
0.000427
0.003229
-0.011032
-0.001774
-0.006027
-0.001776
-0.006023
-0.002596
-0.002243
-0.001776
-0.006023
-0.002596
-0.002243
-0.002594
-0.002243
-0.001854
-0.000266
-0.001776
-0.006035
-0.002598
-0.002251
-0.002598
-0.002249
-0.001858
-0.000267
-0.002598
-0.002249
-0.001858
-0.000267
-0.001857
-0.000267
-0.000932
0.000426
-0.001782
-0.006031
-0.002600
-0.002247
-0.002600
-0.002245
-0.001858
-0.000265
-0.002600
-0.002243
-0.001856
-0.000263
-0.001860
-0.000265
-0.000932
0.000427
-0.002602
-0.002251
-0.001861
-0.000266
-0.001861
-0.000267
-0.000934
0.000426
-0.001860
-0.000266
-0.000933
0.000427
-0.000925
0.000505
-0.000276
0.000505
0.064209
0.029205
0.038116
-0.005531
0.038177
-0.005562
0.015900
-0.013809
0.038177
-0.005539
0.015900
-0.013802
0.015900
-0.013802
0.003231
-0.011032
0.038177
-0.005554
0.015900
-0.013802
0.015900
-0.013802
0.003229
-0.011032
0.015854
-0.013794
0.003214
-0.011024
0.003220
-0.011017
-0.001772
-0.006020
0.038177
-0.005562
0.015900
-0.013809
0.015900
-0.013809
0.003225
-0.011032
0.015900
-0.013802
0.003231
-0.011032
0.003220
-0.011017
-0.001772
-0.006020
0.015900
-0.013802
0.003231
-0.011032
0.003220
-0.011017
-0.001772
-0.006020
0.003231
-0.011032
-0.001770
-0.006027
-0.001772
-0.006023
-0.002594
-0.002245
0.038177
-0.005539
0.015900
-0.013802
0.015884
-0.013779
0.003231
-0.011024
0.015915
-0.013809
0.003233
-0.011032
0.003231
-0.011032
-0.001770
-0.006027
0.015915
-0.013794
0.003239
-0.011032
0.003235
-0.011024
-0.001768
-0.006027
0.003235
-0.011024
-0.001768
-0.006027
-0.001764
-0.006027
-0.002592
-0.002251
0.015869
-0.013771
0.003229
-0.011017
0.003227
-0.011002
-0.001764
-0.006012
0.003231
-0.011032
-0.001770
-0.006027
-0.001772
-0.006023
-0.002594
-0.002245
0.003235
-0.011024
-0.001768
-0.006027
-0.001770
-0.006027
-0.002594
-0.002247
-0.001766
-0.006020
-0.002590
-0.002245
-0.002590
-0.002245
-0.001852
-0.000267
0.038177
-0.005562
0.015900
-0.013809
0.015884
-0.013809
0.003222
-0.011040
0.015900
-0.013802
0.003231
-0.011032
0.003214
-0.011032
-0.001778
-0.006020
0.015900
-0.013809
0.003223
-0.011032
0.003214
-0.011032
-0.001778
-0.006020
0.003214
-0.011032
-0.001778
-0.006020
-0.001777
-0.006023
-0.002596
-0.002243
0.015900
-0.013802
0.003231
-0.011032
0.003214
-0.011032
-0.001778
-0.006020
0.003229
-0.011032
-0.001774
-0.006027
-0.001776
-0.006023
-0.002596
-0.002243
0.003241
-0.011040
-0.001770
-0.006035
-0.001768
-0.006031
-0.002592
-0.002251
-0.001776
-0.006027
-0.002594
-0.002245
-0.002594
-0.002247
-0.001855
-0.000267
0.015869
-0.013786
0.003223
-0.011017
0.003223
-0.011009
-0.001770
-0.006012
0.003216
-0.011024
-0.001774
-0.006020
-0.001776
-0.006023
-0.002596
-0.002243
0.003227
-0.011017
-0.001770
-0.006020
-0.001768
-0.006016
-0.002590
-0.002243
-0.001768
-0.006023
-0.002592
-0.002245
-0.002590
-0.002245
-0.001853
-0.000266
0.003220
-0.011017
-0.001774
-0.006012
-0.001772
-0.006012
-0.002588
-0.002239
-0.001768
-0.006012
-0.002586
-0.002241
-0.002586
-0.002239
-0.001850
-0.000265
-0.001768
-0.006012
-0.002586
-0.002241
-0.002586
-0.002239
-0.001850
-0.000265
-0.002588
-0.002241
-0.001851
-0.000265
-0.001850
-0.000264
-0.000929
0.000425
0.038147
-0.005600
0.015869
-0.013832
0.015869
-0.013824
0.003208
-0.011032
0.015854
-0.013809
0.003208
-0.011024
0.003214
-0.011032
-0.001780
-0.006020
0.015854
-0.013809
0.003208
-0.011024
0.003214
-0.011032
-0.001780
-0.006020
0.003214
-0.011032
-0.001778
-0.006020
-0.001777
-0.006023
-0.002596
-0.002243
0.015854
-0.013809
0.003208
-0.011024
0.003214
-0.011032
-0.001780
-0.006020
0.003214
-0.011032
-0.001778
-0.006020
-0.001777
-0.006023
-0.002596
-0.002243
0.003225
-0.011047
-0.001774
-0.006027
-0.001781
-0.006027
-0.002598
-0.002243
-0.001777
-0.006023
-0.002596
-0.002243
-0.002594
-0.002243
-0.001854
-0.000265
0.015915
-0.013840
0.003222
-0.011047
0.003208
-0.011055
-0.001783
-0.006027
0.003223
-0.011063
-0.001783
-0.006035
-0.001785
-0.006035
-0.002602
-0.002247
0.003227
-0.011063
-0.001781
-0.006039
-0.001781
-0.006039
-0.002602
-0.002251
-0.001784
-0.006035
-0.002602
-0.002247
-0.002602
-0.002249
-0.001860
-0.000265
0.003223
-0.011063
-0.001783
-0.006035
-0.001785
-0.006035
-0.002602
-0.002247
-0.001789
-0.006031
-0.002604
-0.002243
-0.002602
-0.002243
-0.001858
-0.000263
-0.001782
-0.006031
-0.002600
-0.002247
-0.002600
-0.002245
-0.001858
-0.000265
-0.002600
-0.002243
-0.001856
-0.000263
-0.001860
-0.000265
-0.000932
0.000427
0.015915
-0.013840
0.003237
-0.011063
0.003235
-0.011070
-0.001778
-0.006039
0.003239
-0.011063
-0.001774
-0.006035
-0.001781
-0.006035
-0.002600
-0.002249
0.003239
-0.011063
-0.001774
-0.006035
-0.001778
-0.006039
-0.002600
-0.002251
-0.001780
-0.006042
-0.002604
-0.002253
-0.002602
-0.002251
-0.001861
-0.000266
0.003239
-0.011063
-0.001774
-0.006035
-0.001778
-0.006039
-0.002600
-0.002251
-0.001780
-0.006042
-0.002604
-0.002253
-0.002602
-0.002251
-0.001861
-0.000266
-0.001780
-0.006042
-0.002604
-0.002253
-0.002602
-0.002251
-0.001861
-0.000266
-0.002602
-0.002247
-0.001859
-0.000265
-0.001858
-0.000265
-0.000932
0.000427
0.003229
-0.011032
-0.001774
-0.006027
-0.001776
-0.006023
-0.002596
-0.002243
-0.001776
-0.006023
-0.002596
-0.002243
-0.002594
-0.002243
-0.001854
-0.000266
-0.001776
-0.006035
-0.002598
-0.002251
-0.002598
-0.002249
-0.001858
-0.000267
-0.002598
-0.002249
-0.001858
-0.000267
-0.001857
-0.000267
-0.000932
0.000426
-0.001782
-0.006031
-0.002600
-0.002247
-0.002600
-0.002245
-0.001858
-0.000265
-0.002600
-0.002243
-0.001856
-0.000263
-0.001860
-0.000265
-0.000932
0.000427
-0.002602
-0.002251
-0.001861
-0.000266
-0.001861
-0.000267
-0.000934
0.000426
-0.001860
-0.000266
-0.000933
0.000427
-0.000925
0.000505
-0.000276
0.000505
0.038177
-0.005562
0.015900
-0.013809
0.015884
-0.013809
0.003222
-0.011040
0.015900
-0.013802
0.003231
-0.011032
0.003214
-0.011032
-0.001778
-0.006020
0.015900
-0.013809
0.003223
-0.011032
0.003214
-0.011032
-0.001778
-0.006020
0.003214
-0.011032
-0.001778
-0.006020
-0.001777
-0.006023
-0.002596
-0.002243
0.015900
-0.013802
0.003231
-0.011032
0.003214
-0.011032
-0.001778
-0.006020
0.003229
-0.011032
-0.001774
-0.006027
-0.001776
-0.006023
-0.002596
-0.002243
0.003241
-0.011040
-0.001770
-0.006035
-0.001768
-0.006031
-0.002592
-0.002251
-0.001776
-0.006027
-0.002594
-0.002245
-0.002594
-0.002247
-0.001855
-0.000267
0.015869
-0.013786
0.003223
-0.011017
0.003223
-0.011009
-0.001770
-0.006012
0.003216
-0.011024
-0.001774
-0.006020
-0.001776
-0.006023
-0.002596
-0.002243
0.003227
-0.011017
-0.001770
-0.006020
-0.001768
-0.006016
-0.002590
-0.002243
-0.001768
-0.006023
-0.002592
-0.002245
-0.002590
-0.002245
-0.001853
-0.000266
0.003220
-0.011017
-0.001774
-0.006012
-0.001772
-0.006012
-0.002588
-0.002239
-0.001768
-0.006012
-0.002586
-0.002241
-0.002586
-0.002239
-0.001850
-0.000265
-0.001768
-0.006012
-0.002586
-0.002241
-0.002586
-0.002239
-0.001850
-0.000265
-0.002588
-0.002241
-0.001851
-0.000265
-0.001850
-0.000264
-0.000929
0.000425
0.015854
-0.013794
0.003214
-0.011024
0.003220
-0.011017
-0.001772
-0.006020
0.003214
-0.011032
-0.001780
-0.006020
-0.001773
-0.006016
-0.002592
-0.002241
0.003210
-0.011024
-0.001781
-0.006016
-0.001778
-0.006012
-0.002594
-0.002239
-0.001772
-0.006012
-0.002588
-0.002239
-0.002590
-0.002239
-0.001851
-0.000265
0.003210
-0.011024
-0.001781
-0.006016
-0.001778
-0.006012
-0.002594
-0.002239
-0.001770
-0.006016
-0.002590
-0.002243
-0.002594
-0.002241
-0.001853
-0.000265
-0.001774
-0.006020
-0.002594
-0.002243
-0.002594
-0.002241
-0.001853
-0.000264
-0.002592
-0.002239
-0.001852
-0.000264
-0.001852
-0.000264
-0.000929
0.000426
0.003210
-0.011024
-0.001781
-0.006016
-0.001778
-0.006012
-0.002594
-0.002239
-0.001770
-0.006016
-0.002590
-0.002243
-0.002594
-0.002241
-0.001853
-0.000265
-0.001774
-0.006020
-0.002594
-0.002243
-0.002594
-0.002241
-0.001853
-0.000264
-0.002592
-0.002239
-0.001852
-0.000264
-0.001852
-0.000264
-0.000929
0.000426
-0.001774
-0.006012
-0.002592
-0.002239
-0.002594
-0.002239
-0.001852
-0.000263
-0.002592
-0.002239
-0.001852
-0.000264
-0.001852
-0.000264
-0.000929
0.000426
-0.002588
-0.002241
-0.001851
-0.000265
-0.001850
-0.000264
-0.000929
0.000425
-0.001852
-0.000265
-0.000930
0.000425
-0.000921
0.000503
-0.000275
0.000504
0.015854
-0.013794
0.003214
-0.011024
0.003220
-0.011017
-0.001772
-0.006020
0.003214
-0.011032
-0.001780
-0.006020
-0.001773
-0.006016
-0.002592
-0.002241
0.003210
-0.011024
-0.001781
-0.006016
-0.001778
-0.006012
-0.002594
-0.002239
-0.001772
-0.006012
-0.002588
-0.002239
-0.002590
-0.002239
-0.001851
-0.000265
0.003220
-0.011017
-0.001774
-0.006012
-0.001772
-0.006012
-0.002588
-0.002239
-0.001768
-0.006012
-0.002586
-0.002241
-0.002586
-0.002239
-0.001850
-0.000265
-0.001772
-0.006012
-0.002588
-0.002239
-0.002590
-0.002239
-0.001851
-0.000265
-0.002588
-0.002241
-0.001851
-0.000265
-0.001850
-0.000264
-0.000929
0.000425
0.003210
-0.011024
-0.001781
-0.006016
-0.001778
-0.006012
-0.002594
-0.002239
-0.001770
-0.006016
-0.002590
-0.002243
-0.002594
-0.002241
-0.001853
-0.000265
-0.001774
-0.006020
-0.002594
-0.002243
-0.002594
-0.002241
-0.001853
-0.000264
-0.002592
-0.002239
-0.001852
-0.000264
-0.001852
-0.000264
-0.000929
0.000426
-0.001770
-0.006001
-0.002584
-0.002235
-0.002586
-0.002237
-0.001850
-0.000265
-0.002586
-0.002235
-0.001849
-0.000264
-0.001850
-0.000262
-0.000928
0.000425
-0.002586
-0.002235
-0.001849
-0.000264
-0.001850
-0.000262
-0.000928
0.000425
-0.001849
-0.000262
-0.000927
0.000425
-0.000920
0.000502
-0.000274
0.000502
0.003210
-0.011024
-0.001781
-0.006016
-0.001778
-0.006012
-0.002594
-0.002239
-0.001770
-0.006016
-0.002590
-0.002243
-0.002594
-0.002241
-0.001853
-0.000265
-0.001774
-0.006020
-0.002594
-0.002243
-0.002594
-0.002241
-0.001853
-0.000264
-0.002592
-0.002239
-0.001852
-0.000264
-0.001852
-0.000264
-0.000929
0.000426
-0.001770
-0.006001
-0.002584
-0.002235
-0.002586
-0.002237
-0.001850
-0.000265
-0.002586
-0.002235
-0.001849
-0.000264
-0.001850
-0.000262
-0.000928
0.000425
-0.002586
-0.002235
-0.001849
-0.000264
-0.001850
-0.000262
-0.000928
0.000425
-0.001849
-0.000262
-0.000927
0.000425
-0.000920
0.000502
-0.000274
0.000502
-0.001770
-0.006016
-0.002590
-0.002243
-0.002590
-0.002243
-0.001852
-0.000265
-0.002590
-0.002243
-0.001852
-0.000265
-0.001852
-0.000266
-0.000930
0.000425
-0.002590
-0.002243
-0.001852
-0.000265
-0.001852
-0.000266
-0.000930
0.000425
-0.001852
-0.000267
-0.000930
0.000424
-0.000922
0.000504
-0.000275
0.000504
-0.002590
-0.002243
-0.001852
-0.000265
-0.001852
-0.000266
-0.000930
0.000425
-0.001852
-0.000267
-0.000930
0.000424
-0.000922
0.000504
-0.000275
0.000504
-0.001854
-0.000265
-0.000930
0.000426
-0.000922
0.000504
-0.000275
0.000504
-0.000895
0.000425
-0.000267
0.000488
-0.000301
0.000469
0.000000
0.000305
