-0.279053
-0.126587
-0.165649
0.024170
-0.165527
0.024231
-0.068970
0.060028
-0.165894
0.024139
-0.069153
0.060089
-0.069031
0.059998
-0.014053
0.048004
-0.165894
0.024261
-0.069092
0.060120
-0.069214
0.060150
-0.014046
0.048065
-0.069214
0.060181
-0.014030
0.048096
-0.013992
0.048096
0.007751
0.026215
-0.166138
0.024200
-0.069214
0.060150
-0.069214
0.060181
-0.014030
0.048096
-0.069092
0.060181
-0.014000
0.048096
-0.013992
0.048096
0.007751
0.026215
-0.069092
0.060181
-0.014000
0.048096
-0.013992
0.048096
0.007751
0.026215
-0.013992
0.048096
0.007751
0.026215
0.007751
0.026230
0.011307
0.009766
-0.165771
0.024353
-0.069031
0.060150
-0.069153
0.060120
-0.014030
0.048065
-0.068970
0.060120
-0.014000
0.048035
-0.013977
0.047974
0.007744
0.026184
-0.069214
0.060181
-0.014030
0.048096
-0.013992
0.048096
0.007751
0.026215
-0.013992
0.048096
0.007751
0.026215
0.007751
0.026230
0.011307
0.009766
-0.069214
0.060089
-0.014084
0.048065
-0.014053
0.048035
0.007729
0.026215
-0.014069
0.048096
0.007721
0.026245
0.007717
0.026230
0.011292
0.009781
-0.013977
0.047974
0.007744
0.026184
0.007729
0.026199
0.011292
0.009758
0.007706
0.026215
0.011292
0.009781
0.011292
0.009789
0.008080
0.001163
-0.166260
0.024384
-0.069153
0.060242
-0.069214
0.060272
-0.014015
0.048126
-0.069092
0.060181
-0.014000
0.048096
-0.013992
0.048096
0.007767
0.026230
-0.069092
0.060181
-0.014000
0.048096
-0.013992
0.048096
0.007751
0.026215
-0.013992
0.048096
0.007751
0.026215
0.007751
0.026230
0.011307
0.009766
-0.069092
0.060181
-0.014000
0.048096
-0.013992
0.048096
0.007751
0.026215
-0.013992
0.048096
0.007767
0.026230
0.007767
0.026215
0.011307
0.009758
-0.013992
0.048096
0.007767
0.026230
0.007759
0.026230
0.011307
0.009766
0.007759
0.026230
0.011307
0.009766
0.011314
0.009781
0.008080
0.001154
-0.069092
0.060181
-0.014000
0.048096
-0.013992
0.048096
0.007751
0.026215
-0.013992
0.048096
0.007751
0.026215
0.007751
0.026230
0.011307
0.009766
-0.013992
0.048096
0.007767
0.026230
0.007759
0.026230
0.011307
0.009766
0.007759
0.026230
0.011307
0.009766
0.011314
0.009781
0.008080
0.001154
-0.013992
0.048096
0.007767
0.026230
0.007767
0.026230
0.011307
0.009766
0.007759
0.026230
0.011307
0.009766
0.011314
0.009781
0.008080
0.001154
0.007774
0.026276
0.011330
0.009781
0.011337
0.009796
0.008102
0.001154
0.011330
0.009781
0.008095
0.001150
0.008095
0.001154
0.004059
-0.001861
-0.166504
0.024261
-0.069275
0.060242
-0.069214
0.060242
-0.014038
0.048126
-0.069336
0.060211
-0.014076
0.048096
-0.014130
0.048157
0.007713
0.026276
-0.069214
0.060181
-0.014030
0.048096
-0.013992
0.048096
0.007751
0.026215
-0.014069
0.048096
0.007721
0.026245
0.007717
0.026230
0.011292
0.009781
-0.069214
0.060181
-0.014030
0.048096
-0.013992
0.048096
0.007751
0.026215
-0.014069
0.048096
0.007721
0.026245
0.007717
0.026230
0.011292
0.009781
-0.014069
0.048096
0.007721
0.026245
0.007717
0.026230
0.011292
0.009781
0.007706
0.026215
0.011292
0.009781
0.011292
0.009789
0.008080
0.001163
-0.069214
0.060089
-0.014084
0.048065
-0.014053
0.048035
0.007729
0.026215
-0.014069
0.048096
0.007721
0.026245
0.007717
0.026230
0.011292
0.009781
-0.014099
0.048065
0.007713
0.026245
0.007713
0.026260
0.011292
0.009796
0.007706
0.026215
0.011292
0.009781
0.011292
0.009789
0.008072
0.001165
-0.014053
0.048096
0.007736
0.026245
0.007744
0.026245
0.011307
0.009773
0.007729
0.026245
0.011299
0.009781
0.011307
0.009796
0.008087
0.001163
0.007713
0.026215
0.011292
0.009773
0.011284
0.009773
0.008072
0.001162
0.011276
0.009758
0.008064
0.001156
0.008064
0.001156
0.004047
-0.001850
-0.069214
0.060089
-0.014084
0.048065
-0.014053
0.048035
0.007729
0.026215
-0.014069
0.048096
0.007721
0.026245
0.007717
0.026230
0.011292
0.009781
-0.014099
0.048065
0.007713
0.026245
0.007713
0.026260
0.011292
0.009796
0.007706
0.026215
0.011292
0.009781
0.011292
0.009789
0.008072
0.001165
-0.014053
0.048096
0.007736
0.026245
0.007744
0.026245
0.011307
0.009773
0.007729
0.026245
0.011299
0.009781
0.011307
0.009796
0.008087
0.001163
0.007713
0.026215
0.011292
0.009773
0.011284
0.009773
0.008072
0.001162
0.011276
0.009758
0.008064
0.001156
0.008064
0.001156
0.004047
-0.001850
-0.013992
0.048096
0.007767
0.026230
0.007767
0.026230
0.011307
0.009766
0.007759
0.026230
0.011307
0.009766
0.011314
0.009781
0.008080
0.001154
0.007774
0.026276
0.011330
0.009781
0.011337
0.009796
0.008102
0.001154
0.011330
0.009781
0.008095
0.001150
0.008095
0.001154
0.004059
-0.001861
0.007751
0.026306
0.011330
0.009796
0.011322
0.009796
0.008102
0.001160
0.011322
0.009796
0.008102
0.001160
0.008102
0.001162
0.004063
-0.001859
0.011307
0.009781
0.008080
0.001158
0.008095
0.001165
0.004063
-0.001855
0.008095
0.001154
0.004059
-0.001861
0.004066
-0.001859
0.001319
-0.002054
-0.166504
0.024261
-0.069275
0.060242
-0.069214
0.060242
-0.014038
0.048126
-0.069336
0.060211
-0.014076
0.048096
-0.014130
0.048157
0.007713
0.026276
-0.069214
0.060181
-0.014030
0.048096
-0.013992
0.048096
0.007751
0.026215
-0.014069
0.048096
0.007721
0.026245
0.007717
0.026230
0.011292
0.009781
-0.069214
0.060181
-0.014030
0.048096
-0.013992
0.048096
0.007751
0.026215
-0.014069
0.048096
0.007721
0.026245
0.007717
0.026230
0.011292
0.009781
-0.014069
0.048096
0.007721
0.026245
0.007717
0.026230
0.011292
0.009781
0.007706
0.026215
0.011292
0.009781
0.011292
0.009789
0.008080
0.001163
-0.069214
0.060089
-0.014084
0.048065
-0.014053
0.048035
0.007729
0.026215
-0.014069
0.048096
0.007721
0.026245
0.007717
0.026230
0.011292
0.009781
-0.014099
0.048065
0.007713
0.026245
0.007713
0.026260
0.011292
0.009796
0.007706
0.026215
0.011292
0.009781
0.011292
0.009789
0.008072
0.001165
-0.014053
0.048096
0.007736
0.026245
0.007744
0.026245
0.011307
0.009773
0.007729
0.026245
0.011299
0.009781
0.011307
0.009796
0.008087
0.001163
0.007713
0.026215
0.011292
0.009773
0.011284
0.009773
0.008072
0.001162
0.011276
0.009758
0.008064
0.001156
0.008064
0.001156
0.004047
-0.001850
-0.069214
0.060089
-0.014084
0.048065
-0.014053
0.048035
0.007729
0.026215
-0.014069
0.048096
0.007721
0.026245
0.007717
0.026230
0.011292
0.009781
-0.014099
0.048065
0.007713
0.026245
0.007713
0.026260
0.011292
0.009796
0.007706
0.026215
0.011292
0.009781
0.011292
0.009789
0.008072
0.001165
-0.014053
0.048096
0.007736
0.026245
0.007744
0.026245
0.011307
0.009773
0.007729
0.026245
0.011299
0.009781
0.011307
0.009796
0.008087
0.001163
0.007713
0.026215
0.011292
0.009773
0.011284
0.009773
0.008072
0.001162
0.011276
0.009758
0.008064
0.001156
0.008064
0.001156
0.004047
-0.001850
-0.013992
0.048096
0.007767
0.026230
0.007767
0.026230
0.011307
0.009766
0.007759
0.026230
0.011307
0.009766
0.011314
0.009781
0.008080
0.001154
0.007774
0.026276
0.011330
0.009781
0.011337
0.009796
0.008102
0.001154
0.011330
0.009781
0.008095
0.001150
0.008095
0.001154
0.004059
-0.001861
0.007751
0.026306
0.011330
0.009796
0.011322
0.009796
0.008102
0.001160
0.011322
0.009796
0.008102
0.001160
0.008102
0.001162
0.004063
-0.001859
0.011307
0.009781
0.008080
0.001158
0.008095
0.001165
0.004063
-0.001855
0.008095
0.001154
0.004059
-0.001861
0.004066
-0.001859
0.001319
-0.002054
-0.069214
0.060089
-0.014084
0.048065
-0.014053
0.048035
0.007729
0.026215
-0.014069
0.048096
0.007721
0.026245
0.007717
0.026230
0.011292
0.009781
-0.014099
0.048065
0.007713
0.026245
0.007713
0.026260
0.011292
0.009796
0.007706
0.026215
0.011292
0.009781
0.011292
0.009789
0.008072
0.001165
-0.014053
0.048096
0.007736
0.026245
0.007744
0.026245
0.011307
0.009773
0.007729
0.026245
0.011299
0.009781
0.011307
0.009796
0.008087
0.001163
0.007713
0.026215
0.011292
0.009773
0.011284
0.009773
0.008072
0.001162
0.011276
0.009758
0.008064
0.001156
0.008064
0.001156
0.004047
-0.001850
-0.013992
0.048096
0.007767
0.026230
0.007767
0.026230
0.011307
0.009766
0.007759
0.026230
0.011307
0.009766
0.011314
0.009781
0.008080
0.001154
0.007774
0.026276
0.011330
0.009781
0.011337
0.009796
0.008102
0.001154
0.011330
0.009781
0.008095
0.001150
0.008095
0.001154
0.004059
-0.001861
0.007751
0.026306
0.011330
0.009796
0.011322
0.009796
0.008102
0.001160
0.011322
0.009796
0.008102
0.001160
0.008102
0.001162
0.004063
-0.001859
0.011307
0.009781
0.008080
0.001158
0.008095
0.001165
0.004063
-0.001855
0.008095
0.001154
0.004059
-0.001861
0.004066
-0.001859
0.001319
-0.002054
-0.014053
0.048096
0.007736
0.026245
0.007744
0.026245
0.011307
0.009773
0.007729
0.026245
0.011299
0.009781
0.011307
0.009796
0.008087
0.001163
0.007713
0.026215
0.011292
0.009773
0.011284
0.009773
0.008072
0.001162
0.011276
0.009758
0.008064
0.001156
0.008064
0.001156
0.004047
-0.001850
0.007729
0.026215
0.011299
0.009766
0.011292
0.009750
0.008064
0.001152
0.011292
0.009750
0.008072
0.001152
0.008072
0.001150
0.004047
-0.001853
0.011292
0.009750
0.008072
0.001152
0.008072
0.001150
0.004047
-0.001853
0.008072
0.001148
0.004047
-0.001855
0.004047
-0.001851
0.001314
-0.002047
0.007736
0.026199
0.011299
0.009766
0.011292
0.009750
0.008064
0.001152
0.011276
0.009758
0.008064
0.001156
0.008064
0.001152
0.004047
-0.001851
0.011292
0.009750
0.008072
0.001152
0.008072
0.001150
0.004047
-0.001853
0.008057
0.001150
0.004044
-0.001850
0.004044
-0.001850
0.001312
-0.002045
0.011292
0.009750
0.008072
0.001152
0.008072
0.001150
0.004047
-0.001853
0.008057
0.001150
0.004044
-0.001850
0.004044
-0.001850
0.001312
-0.002045
0.008072
0.001156
0.004051
-0.001853
0.004051
-0.001851
0.001316
-0.002047
0.004051
-0.001851
0.001316
-0.002047
0.001315
-0.002048
0.000000
-0.001328
