-0.050537
-0.345703
-0.125244
-0.144043
-0.125366
-0.144287
-0.100159
-0.029297
-0.125488
-0.144287
-0.100342
-0.029327
-0.100342
-0.029266
-0.054749
0.016174
-0.125610
-0.144409
-0.100403
-0.029312
-0.100342
-0.029236
-0.054749
0.016174
-0.100342
-0.029236
-0.054749
0.016174
-0.054749
0.016174
-0.020386
0.023590
-0.125488
-0.144165
-0.100281
-0.029282
-0.100220
-0.029205
-0.054657
0.016144
-0.100342
-0.029266
-0.054749
0.016174
-0.054749
0.016174
-0.020386
0.023590
-0.100281
-0.029388
-0.054749
0.016098
-0.054779
0.016113
-0.020416
0.023575
-0.054688
0.016144
-0.020370
0.023560
-0.020416
0.023560
-0.002426
0.016861
-0.125732
-0.144409
-0.100464
-0.029266
-0.100342
-0.029236
-0.054779
0.016205
-0.100342
-0.029236
-0.054749
0.016174
-0.054749
0.016174
-0.020386
0.023590
-0.100342
-0.029236
-0.054749
0.016174
-0.054749
0.016205
-0.020370
0.023605
-0.054779
0.016205
-0.020386
0.023605
-0.020386
0.023605
-0.002407
0.016876
-0.100342
-0.029236
-0.054749
0.016174
-0.054749
0.016174
-0.020386
0.023590
-0.054779
0.016205
-0.020386
0.023605
-0.020386
0.023605
-0.002407
0.016876
-0.054779
0.016205
-0.020386
0.023621
-0.020386
0.023605
-0.002407
0.016876
-0.020416
0.023651
-0.002403
0.016907
-0.002399
0.016891
0.003881
0.008476
-0.125732
-0.144653
-0.100464
-0.029327
-0.100464
-0.029419
-0.054871
0.016113
-0.100342
-0.029266
-0.054749
0.016174
-0.054779
0.016129
-0.020416
0.023575
-0.100342
-0.029266
-0.054749
0.016174
-0.054779
0.016129
-0.020416
0.023575
-0.054779
0.016129
-0.020416
0.023575
-0.020416
0.023560
-0.002426
0.016861
-0.100281
-0.029388
-0.054749
0.016098
-0.054779
0.016113
-0.020416
0.023575
-0.054810
0.016083
-0.020432
0.023575
-0.020416
0.023560
-0.002430
0.016861
-0.054779
0.016144
-0.020401
0.023590
-0.020416
0.023590
-0.002422
0.016876
-0.020401
0.023560
-0.002422
0.016846
-0.002419
0.016846
0.003860
0.008453
-0.100281
-0.029388
-0.054749
0.016098
-0.054779
0.016113
-0.020416
0.023575
-0.054810
0.016083
-0.020432
0.023575
-0.020416
0.023560
-0.002430
0.016861
-0.054779
0.016144
-0.020401
0.023590
-0.020416
0.023590
-0.002422
0.016876
-0.020401
0.023560
-0.002422
0.016846
-0.002419
0.016846
0.003860
0.008453
-0.054779
0.016205
-0.020386
0.023621
-0.020386
0.023605
-0.002407
0.016876
-0.020416
0.023651
-0.002403
0.016907
-0.002399
0.016891
0.003881
0.008476
-0.020462
0.023651
-0.002422
0.016907
-0.002422
0.016907
0.003876
0.008484
-0.002415
0.016876
0.003872
0.008476
0.003880
0.008476
0.004288
0.002752
-0.125732
-0.144653
-0.100464
-0.029327
-0.100464
-0.029419
-0.054871
0.016113
-0.100342
-0.029266
-0.054749
0.016174
-0.054779
0.016129
-0.020416
0.023575
-0.100342
-0.029266
-0.054749
0.016174
-0.054779
0.016129
-0.020416
0.023575
-0.054779
0.016129
-0.020416
0.023575
-0.020416
0.023560
-0.002426
0.016861
-0.100281
-0.029388
-0.054749
0.016098
-0.054779
0.016113
-0.020416
0.023575
-0.054810
0.016083
-0.020432
0.023575
-0.020416
0.023560
-0.002430
0.016861
-0.054779
0.016144
-0.020401
0.023590
-0.020416
0.023590
-0.002422
0.016876
-0.020401
0.023560
-0.002422
0.016846
-0.002419
0.016846
0.003860
0.008453
-0.100281
-0.029388
-0.054749
0.016098
-0.054779
0.016113
-0.020416
0.023575
-0.054810
0.016083
-0.020432
0.023575
-0.020416
0.023560
-0.002430
0.016861
-0.054779
0.016144
-0.020401
0.023590
-0.020416
0.023590
-0.002422
0.016876
-0.020401
0.023560
-0.002422
0.016846
-0.002419
0.016846
0.003860
0.008453
-0.054779
0.016205
-0.020386
0.023621
-0.020386
0.023605
-0.002407
0.016876
-0.020416
0.023651
-0.002403
0.016907
-0.002399
0.016891
0.003881
0.008476
-0.020462
0.023651
-0.002422
0.016907
-0.002422
0.016907
0.003876
0.008484
-0.002415
0.016876
0.003872
0.008476
0.003880
0.008476
0.004288
0.002752
-0.100281
-0.029388
-0.054749
0.016098
-0.054779
0.016113
-0.020416
0.023575
-0.054810
0.016083
-0.020432
0.023575
-0.020416
0.023560
-0.002430
0.016861
-0.054779
0.016144
-0.020401
0.023590
-0.020416
0.023590
-0.002422
0.016876
-0.020401
0.023560
-0.002422
0.016846
-0.002419
0.016846
0.003860
0.008453
-0.054779
0.016205
-0.020386
0.023621
-0.020386
0.023605
-0.002407
0.016876
-0.020416
0.023651
-0.002403
0.016907
-0.002399
0.016891
0.003881
0.008476
-0.020462
0.023651
-0.002422
0.016907
-0.002422
0.016907
0.003876
0.008484
-0.002415
0.016876
0.003872
0.008476
0.003880
0.008476
0.004288
0.002752
-0.054779
0.016144
-0.020401
0.023590
-0.020416
0.023590
-0.002422
0.016876
-0.020401
0.023560
-0.002422
0.016846
-0.002419
0.016846
0.003860
0.008453
-0.020386
0.023560
-0.002411
0.016846
-0.002403
0.016846
0.003864
0.008453
-0.002403
0.016846
0.003864
0.008453
0.003868
0.008453
0.004272
0.002745
-0.020386
0.023575
-0.002407
0.016846
-0.002407
0.016830
0.003862
0.008446
-0.002403
0.016846
0.003864
0.008453
0.003864
0.008438
0.004269
0.002741
-0.002403
0.016846
0.003864
0.008453
0.003864
0.008438
0.004269
0.002741
0.003866
0.008461
0.004272
0.002747
0.004272
0.002747
0.002773
0.000000
