0.300781
-0.261719
0.061127
-0.209106
0.061157
-0.209351
-0.033722
-0.114258
0.061096
-0.209473
-0.033783
-0.114258
-0.033752
-0.114319
-0.049255
-0.042572
0.061035
-0.209229
-0.033691
-0.114136
-0.033752
-0.114258
-0.049225
-0.042542
-0.033630
-0.114258
-0.049194
-0.042603
-0.049194
-0.042542
-0.035187
-0.005058
0.061096
-0.209717
-0.033813
-0.114380
-0.033752
-0.114319
-0.049255
-0.042572
-0.033813
-0.114258
-0.049286
-0.042542
-0.049286
-0.042572
-0.035217
-0.005028
-0.033752
-0.114319
-0.049255
-0.042572
-0.049286
-0.042572
-0.035217
-0.005028
-0.049316
-0.042572
-0.035217
-0.005020
-0.035278
-0.005013
-0.017685
0.008102
0.061279
-0.209717
-0.033691
-0.114502
-0.033691
-0.114319
-0.049225
-0.042603
-0.033691
-0.114319
-0.049225
-0.042603
-0.049225
-0.042603
-0.035187
-0.005058
-0.033630
-0.114258
-0.049194
-0.042603
-0.049194
-0.042633
-0.035187
-0.005081
-0.049255
-0.042603
-0.035217
-0.005043
-0.035156
-0.005051
-0.017654
0.008064
-0.033630
-0.114258
-0.049194
-0.042603
-0.049194
-0.042633
-0.035187
-0.005081
-0.049255
-0.042603
-0.035217
-0.005043
-0.035156
-0.005051
-0.017654
0.008064
-0.049316
-0.042572
-0.035217
-0.005020
-0.035278
-0.005013
-0.017685
0.008102
-0.035278
-0.005043
-0.017700
0.008095
-0.017685
0.008087
-0.005741
0.008949
0.061279
-0.209717
-0.033691
-0.114502
-0.033691
-0.114319
-0.049225
-0.042603
-0.033691
-0.114319
-0.049225
-0.042603
-0.049225
-0.042603
-0.035187
-0.005058
-0.033630
-0.114258
-0.049194
-0.042603
-0.049194
-0.042633
-0.035187
-0.005081
-0.049255
-0.042603
-0.035217
-0.005043
-0.035156
-0.005051
-0.017654
0.008064
-0.033630
-0.114258
-0.049194
-0.042603
-0.049194
-0.042633
-0.035187
-0.005081
-0.049255
-0.042603
-0.035217
-0.005043
-0.035156
-0.005051
-0.017654
0.008064
-0.049316
-0.042572
-0.035217
-0.005020
-0.035278
-0.005013
-0.017685
0.008102
-0.035278
-0.005043
-0.017700
0.008095
-0.017685
0.008087
-0.005741
0.008949
-0.033630
-0.114258
-0.049194
-0.042603
-0.049194
-0.042633
-0.035187
-0.005081
-0.049255
-0.042603
-0.035217
-0.005043
-0.035156
-0.005051
-0.017654
0.008064
-0.049316
-0.042572
-0.035217
-0.005020
-0.035278
-0.005013
-0.017685
0.008102
-0.035278
-0.005043
-0.017700
0.008095
-0.017685
0.008087
-0.005741
0.008949
-0.049255
-0.042603
-0.035217
-0.005043
-0.035156
-0.005051
-0.017654
0.008064
-0.035156
-0.005020
-0.017639
0.008072
-0.017639
0.008064
-0.005726
0.008919
-0.035156
-0.005013
-0.017624
0.008057
-0.017639
0.008064
-0.005722
0.008911
-0.017639
0.008064
-0.005722
0.008911
-0.005730
0.008919
0.000000
0.005791
