-0.225952
0.145996
-0.060638
0.133789
-0.060669
0.133667
0.011551
0.079346
-0.060608
0.133667
0.011581
0.079346
0.011612
0.079346
0.028748
0.033020
-0.060730
0.133911
0.011612
0.079407
0.011612
0.079590
0.028809
0.033142
0.011536
0.079346
0.028732
0.033081
0.028778
0.033142
0.023010
0.006729
-0.060669
0.133911
0.011642
0.079407
0.011627
0.079529
0.028824
0.033112
0.011551
0.079590
0.028839
0.033173
0.028839
0.033173
0.023026
0.006721
0.011581
0.079590
0.028839
0.033142
0.028854
0.033173
0.023041
0.006710
0.028885
0.033142
0.023041
0.006699
0.023010
0.006706
0.012558
-0.003708
-0.060913
0.134033
0.011612
0.079590
0.011551
0.079590
0.028839
0.033173
0.011581
0.079590
0.028839
0.033142
0.028854
0.033173
0.023041
0.006710
0.011642
0.079529
0.028854
0.033112
0.028870
0.033142
0.023041
0.006702
0.028885
0.033142
0.023041
0.006699
0.023010
0.006706
0.012558
-0.003708
0.011642
0.079529
0.028854
0.033112
0.028870
0.033142
0.023041
0.006702
0.028885
0.033142
0.023041
0.006699
0.023010
0.006706
0.012558
-0.003708
0.028885
0.033142
0.023041
0.006699
0.023010
0.006706
0.012558
-0.003708
0.023026
0.006699
0.012558
-0.003716
0.012566
-0.003712
0.004681
-0.005417
-0.060547
0.133911
0.011642
0.079407
0.011673
0.079468
0.028809
0.033081
0.011612
0.079590
0.028839
0.033142
0.028839
0.033142
0.023041
0.006718
0.011688
0.079407
0.028824
0.033051
0.028824
0.033112
0.023026
0.006702
0.028778
0.033020
0.022980
0.006683
0.023010
0.006691
0.012558
-0.003704
0.011581
0.079590
0.028839
0.033142
0.028854
0.033173
0.023041
0.006710
0.028885
0.033142
0.023041
0.006699
0.023010
0.006706
0.012558
-0.003708
0.028885
0.033142
0.023041
0.006699
0.023010
0.006706
0.012558
-0.003708
0.023026
0.006699
0.012558
-0.003716
0.012566
-0.003712
0.004681
-0.005417
0.011551
0.079590
0.028839
0.033173
0.028809
0.033203
0.023026
0.006737
0.028809
0.033173
0.023026
0.006733
0.023010
0.006706
0.012558
-0.003700
0.028839
0.033173
0.023041
0.006733
0.023026
0.006737
0.012558
-0.003696
0.023026
0.006737
0.012558
-0.003696
0.012573
-0.003698
0.004688
-0.005413
0.028778
0.033020
0.022980
0.006683
0.023010
0.006691
0.012558
-0.003704
0.023010
0.006706
0.012558
-0.003700
0.012558
-0.003710
0.004677
-0.005409
0.022995
0.006737
0.012543
-0.003685
0.012573
-0.003698
0.004688
-0.005413
0.012573
-0.003691
0.004692
-0.005413
0.004684
-0.005409
0.000557
-0.003872
-0.060822
0.134277
0.011673
0.079590
0.011673
0.079590
0.028854
0.033142
0.011673
0.079590
0.028839
0.033142
0.028870
0.033142
0.023056
0.006710
0.011642
0.079529
0.028854
0.033112
0.028870
0.033142
0.023041
0.006702
0.028885
0.033142
0.023041
0.006699
0.023026
0.006699
0.012558
-0.003716
0.011642
0.079529
0.028854
0.033112
0.028870
0.033142
0.023041
0.006702
0.028885
0.033142
0.023041
0.006699
0.023010
0.006706
0.012558
-0.003708
0.028885
0.033142
0.023041
0.006699
0.023010
0.006706
0.012558
-0.003708
0.023026
0.006699
0.012558
-0.003716
0.012566
-0.003712
0.004681
-0.005417
0.011642
0.079529
0.028854
0.033112
0.028870
0.033142
0.023041
0.006702
0.028885
0.033142
0.023041
0.006699
0.023010
0.006706
0.012558
-0.003708
0.028885
0.033142
0.023041
0.006699
0.023026
0.006699
0.012558
-0.003716
0.023010
0.006683
0.012558
-0.003719
0.012558
-0.003717
0.004677
-0.005417
0.028885
0.033142
0.023041
0.006699
0.023026
0.006699
0.012558
-0.003716
0.023026
0.006699
0.012558
-0.003716
0.012566
-0.003712
0.004681
-0.005417
0.023026
0.006699
0.012558
-0.003716
0.012566
-0.003712
0.004681
-0.005417
0.012581
-0.003710
0.004684
-0.005421
0.004684
-0.005417
0.000552
-0.003870
0.011642
0.079529
0.028854
0.033112
0.028870
0.033142
0.023041
0.006702
0.028885
0.033142
0.023041
0.006699
0.023010
0.006706
0.012558
-0.003708
0.028885
0.033142
0.023041
0.006699
0.023010
0.006706
0.012558
-0.003708
0.023026
0.006699
0.012558
-0.003716
0.012566
-0.003712
0.004681
-0.005417
0.028885
0.033142
0.023041
0.006699
0.023026
0.006699
0.012558
-0.003716
0.023026
0.006699
0.012558
-0.003716
0.012566
-0.003712
0.004681
-0.005417
0.023026
0.006699
0.012558
-0.003716
0.012566
-0.003712
0.004681
-0.005417
0.012581
-0.003710
0.004684
-0.005421
0.004684
-0.005417
0.000552
-0.003870
0.028885
0.033142
0.023041
0.006699
0.023026
0.006699
0.012558
-0.003716
0.023026
0.006699
0.012558
-0.003716
0.012566
-0.003712
0.004681
-0.005417
0.023026
0.006699
0.012558
-0.003716
0.012566
-0.003712
0.004681
-0.005417
0.012581
-0.003710
0.004684
-0.005421
0.004684
-0.005417
0.000552
-0.003870
0.023071
0.006721
0.012581
-0.003723
0.012596
-0.003725
0.004688
-0.005428
0.012611
-0.003723
0.004696
-0.005428
0.004692
-0.005432
0.000553
-0.003883
0.012596
-0.003725
0.004688
-0.005428
0.004684
-0.005428
0.000550
-0.003878
0.004688
-0.005424
0.000553
-0.003878
0.000549
-0.003876
-0.000892
-0.001945
-0.061066
0.134399
0.011597
0.079773
0.011612
0.079651
0.028839
0.033173
0.011673
0.079590
0.028839
0.033142
0.028870
0.033173
0.023056
0.006718
0.011566
0.079651
0.028809
0.033203
0.028824
0.033203
0.023041
0.006737
0.028839
0.033264
0.023071
0.006767
0.023041
0.006760
0.012589
-0.003693
0.011581
0.079590
0.028839
0.033142
0.028854
0.033173
0.023041
0.006710
0.028885
0.033142
0.023041
0.006699
0.023010
0.006706
0.012558
-0.003708
0.028839
0.033173
0.023041
0.006733
0.023026
0.006737
0.012558
-0.003696
0.023026
0.006737
0.012558
-0.003696
0.012573
-0.003698
0.004688
-0.005413
0.011581
0.079590
0.028839
0.033142
0.028854
0.033173
0.023041
0.006710
0.028885
0.033142
0.023041
0.006699
0.023010
0.006706
0.012558
-0.003708
0.028839
0.033173
0.023041
0.006733
0.023026
0.006737
0.012558
-0.003696
0.023026
0.006737
0.012558
-0.003696
0.012573
-0.003698
0.004688
-0.005413
0.028839
0.033173
0.023041
0.006733
0.023026
0.006737
0.012558
-0.003696
0.023026
0.006737
0.012558
-0.003696
0.012573
-0.003698
0.004688
-0.005413
0.022995
0.006737
0.012543
-0.003685
0.012573
-0.003698
0.004688
-0.005413
0.012573
-0.003691
0.004692
-0.005413
0.004684
-0.005409
0.000557
-0.003872
0.011551
0.079590
0.028839
0.033173
0.028809
0.033203
0.023026
0.006737
0.028809
0.033173
0.023026
0.006733
0.023010
0.006706
0.012558
-0.003700
0.028839
0.033173
0.023041
0.006733
0.023026
0.006737
0.012558
-0.003696
0.023026
0.006737
0.012558
-0.003696
0.012573
-0.003698
0.004688
-0.005413
0.028809
0.033203
0.023010
0.006744
0.023041
0.006744
0.012573
-0.003693
0.023041
0.006760
0.012573
-0.003689
0.012573
-0.003687
0.004696
-0.005409
0.022995
0.006737
0.012543
-0.003685
0.012573
-0.003698
0.004688
-0.005413
0.012573
-0.003691
0.004692
-0.005413
0.004688
-0.005405
0.000558
-0.003868
0.028839
0.033173
0.023041
0.006725
0.023026
0.006737
0.012566
-0.003704
0.023041
0.006729
0.012566
-0.003712
0.012566
-0.003706
0.004684
-0.005417
0.023026
0.006737
0.012566
-0.003704
0.012573
-0.003700
0.004684
-0.005413
0.012589
-0.003695
0.004696
-0.005413
0.004688
-0.005417
0.000557
-0.003874
0.023010
0.006729
0.012550
-0.003693
0.012566
-0.003702
0.004684
-0.005413
0.012566
-0.003696
0.004684
-0.005405
0.004688
-0.005409
0.000557
-0.003868
0.012550
-0.003698
0.004673
-0.005405
0.004677
-0.005402
0.000554
-0.003862
0.004677
-0.005402
0.000554
-0.003862
0.000554
-0.003864
-0.000886
-0.001939
0.011551
0.079590
0.028839
0.033173
0.028809
0.033203
0.023026
0.006737
0.028809
0.033173
0.023026
0.006733
0.023010
0.006706
0.012558
-0.003700
0.028839
0.033173
0.023041
0.006733
0.023026
0.006737
0.012558
-0.003696
0.023026
0.006737
0.012558
-0.003696
0.012573
-0.003698
0.004688
-0.005413
0.028809
0.033203
0.023010
0.006744
0.023041
0.006744
0.012573
-0.003693
0.023041
0.006760
0.012573
-0.003689
0.012573
-0.003687
0.004696
-0.005409
0.022995
0.006737
0.012543
-0.003685
0.012573
-0.003698
0.004688
-0.005413
0.012573
-0.003691
0.004692
-0.005413
0.004688
-0.005405
0.000558
-0.003868
0.028839
0.033173
0.023041
0.006725
0.023026
0.006737
0.012566
-0.003704
0.023041
0.006729
0.012566
-0.003712
0.012566
-0.003706
0.004684
-0.005417
0.023026
0.006737
0.012566
-0.003704
0.012573
-0.003700
0.004684
-0.005413
0.012589
-0.003695
0.004696
-0.005413
0.004688
-0.005417
0.000557
-0.003874
0.023010
0.006729
0.012550
-0.003693
0.012566
-0.003702
0.004684
-0.005413
0.012566
-0.003696
0.004684
-0.005405
0.004688
-0.005409
0.000557
-0.003868
0.012550
-0.003698
0.004673
-0.005405
0.004677
-0.005402
0.000554
-0.003862
0.004677
-0.005402
0.000554
-0.003862
0.000554
-0.003864
-0.000886
-0.001939
0.028885
0.033142
0.023041
0.006699
0.023026
0.006699
0.012558
-0.003716
0.023026
0.006699
0.012558
-0.003716
0.012566
-0.003712
0.004681
-0.005417
0.023026
0.006699
0.012558
-0.003716
0.012566
-0.003712
0.004681
-0.005417
0.012581
-0.003710
0.004684
-0.005421
0.004684
-0.005417
0.000552
-0.003870
0.023071
0.006721
0.012581
-0.003723
0.012596
-0.003725
0.004688
-0.005428
0.012611
-0.003723
0.004696
-0.005428
0.004692
-0.005432
0.000553
-0.003883
0.012596
-0.003725
0.004688
-0.005428
0.004684
-0.005428
0.000550
-0.003878
0.004688
-0.005424
0.000553
-0.003878
0.000549
-0.003876
-0.000892
-0.001945
0.023087
0.006752
0.012604
-0.003716
0.012604
-0.003714
0.004692
-0.005424
0.012604
-0.003710
0.004696
-0.005424
0.004700
-0.005432
0.000556
-0.003883
0.012604
-0.003710
0.004696
-0.005424
0.004700
-0.005432
0.000556
-0.003883
0.004700
-0.005432
0.000556
-0.003883
0.000553
-0.003880
-0.000891
-0.001945
0.012573
-0.003700
0.004684
-0.005413
0.004684
-0.005413
0.000554
-0.003872
0.004696
-0.005421
0.000558
-0.003878
0.000557
-0.003878
-0.000888
-0.001945
0.004688
-0.005424
0.000553
-0.003878
0.000549
-0.003876
-0.000892
-0.001945
0.000556
-0.003883
-0.000891
-0.001948
-0.000891
-0.001947
-0.001023
-0.000632
-0.061066
0.134399
0.011597
0.079773
0.011612
0.079651
0.028839
0.033173
0.011673
0.079590
0.028839
0.033142
0.028870
0.033173
0.023056
0.006718
0.011566
0.079651
0.028809
0.033203
0.028824
0.033203
0.023041
0.006737
0.028839
0.033264
0.023071
0.006767
0.023041
0.006760
0.012589
-0.003693
0.011581
0.079590
0.028839
0.033142
0.028854
0.033173
0.023041
0.006710
0.028885
0.033142
0.023041
0.006699
0.023010
0.006706
0.012558
-0.003708
0.028839
0.033173
0.023041
0.006733
0.023026
0.006737
0.012558
-0.003696
0.023026
0.006737
0.012558
-0.003696
0.012573
-0.003698
0.004688
-0.005413
0.011581
0.079590
0.028839
0.033142
0.028854
0.033173
0.023041
0.006710
0.028885
0.033142
0.023041
0.006699
0.023010
0.006706
0.012558
-0.003708
0.028839
0.033173
0.023041
0.006733
0.023026
0.006737
0.012558
-0.003696
0.023026
0.006737
0.012558
-0.003696
0.012573
-0.003698
0.004688
-0.005413
0.028839
0.033173
0.023041
0.006733
0.023026
0.006737
0.012558
-0.003696
0.023026
0.006737
0.012558
-0.003696
0.012573
-0.003698
0.004688
-0.005413
0.022995
0.006737
0.012543
-0.003685
0.012573
-0.003698
0.004688
-0.005413
0.012573
-0.003691
0.004692
-0.005413
0.004684
-0.005409
0.000557
-0.003872
0.011551
0.079590
0.028839
0.033173
0.028809
0.033203
0.023026
0.006737
0.028809
0.033173
0.023026
0.006733
0.023010
0.006706
0.012558
-0.003700
0.028839
0.033173
0.023041
0.006733
0.023026
0.006737
0.012558
-0.003696
0.023026
0.006737
0.012558
-0.003696
0.012573
-0.003698
0.004688
-0.005413
0.028809
0.033203
0.023010
0.006744
0.023041
0.006744
0.012573
-0.003693
0.023041
0.006760
0.012573
-0.003689
0.012573
-0.003687
0.004696
-0.005409
0.022995
0.006737
0.012543
-0.003685
0.012573
-0.003698
0.004688
-0.005413
0.012573
-0.003691
0.004692
-0.005413
0.004688
-0.005405
0.000558
-0.003868
0.028839
0.033173
0.023041
0.006725
0.023026
0.006737
0.012566
-0.003704
0.023041
0.006729
0.012566
-0.003712
0.012566
-0.003706
0.004684
-0.005417
0.023026
0.006737
0.012566
-0.003704
0.012573
-0.003700
0.004684
-0.005413
0.012589
-0.003695
0.004696
-0.005413
0.004688
-0.005417
0.000557
-0.003874
0.023010
0.006729
0.012550
-0.003693
0.012566
-0.003702
0.004684
-0.005413
0.012566
-0.003696
0.004684
-0.005405
0.004688
-0.005409
0.000557
-0.003868
0.012550
-0.003698
0.004673
-0.005405
0.004677
-0.005402
0.000554
-0.003862
0.004677
-0.005402
0.000554
-0.003862
0.000554
-0.003864
-0.000886
-0.001939
0.011551
0.079590
0.028839
0.033173
0.028809
0.033203
0.023026
0.006737
0.028809
0.033173
0.023026
0.006733
0.023010
0.006706
0.012558
-0.003700
0.028839
0.033173
0.023041
0.006733
0.023026
0.006737
0.012558
-0.003696
0.023026
0.006737
0.012558
-0.003696
0.012573
-0.003698
0.004688
-0.005413
0.028809
0.033203
0.023010
0.006744
0.023041
0.006744
0.012573
-0.003693
0.023041
0.006760
0.012573
-0.003689
0.012573
-0.003687
0.004696
-0.005409
0.022995
0.006737
0.012543
-0.003685
0.012573
-0.003698
0.004688
-0.005413
0.012573
-0.003691
0.004692
-0.005413
0.004688
-0.005405
0.000558
-0.003868
0.028839
0.033173
0.023041
0.006725
0.023026
0.006737
0.012566
-0.003704
0.023041
0.006729
0.012566
-0.003712
0.012566
-0.003706
0.004684
-0.005417
0.023026
0.006737
0.012566
-0.003704
0.012573
-0.003700
0.004684
-0.005413
0.012589
-0.003695
0.004696
-0.005413
0.004688
-0.005417
0.000557
-0.003874
0.023010
0.006729
0.012550
-0.003693
0.012566
-0.003702
0.004684
-0.005413
0.012566
-0.003696
0.004684
-0.005405
0.004688
-0.005409
0.000557
-0.003868
0.012550
-0.003698
0.004673
-0.005405
0.004677
-0.005402
0.000554
-0.003862
0.004677
-0.005402
0.000554
-0.003862
0.000554
-0.003864
-0.000886
-0.001939
0.028885
0.033142
0.023041
0.006699
0.023026
0.006699
0.012558
-0.003716
0.023026
0.006699
0.012558
-0.003716
0.012566
-0.003712
0.004681
-0.005417
0.023026
0.006699
0.012558
-0.003716
0.012566
-0.003712
0.004681
-0.005417
0.012581
-0.003710
0.004684
-0.005421
0.004684
-0.005417
0.000552
-0.003870
0.023071
0.006721
0.012581
-0.003723
0.012596
-0.003725
0.004688
-0.005428
0.012611
-0.003723
0.004696
-0.005428
0.004692
-0.005432
0.000553
-0.003883
0.012596
-0.003725
0.004688
-0.005428
0.004684
-0.005428
0.000550
-0.003878
0.004688
-0.005424
0.000553
-0.003878
0.000549
-0.003876
-0.000892
-0.001945
0.023087
0.006752
0.012604
-0.003716
0.012604
-0.003714
0.004692
-0.005424
0.012604
-0.003710
0.004696
-0.005424
0.004700
-0.005432
0.000556
-0.003883
0.012604
-0.003710
0.004696
-0.005424
0.004700
-0.005432
0.000556
-0.003883
0.004700
-0.005432
0.000556
-0.003883
0.000553
-0.003880
-0.000891
-0.001945
0.012573
-0.003700
0.004684
-0.005413
0.004684
-0.005413
0.000554
-0.003872
0.004696
-0.005421
0.000558
-0.003878
0.000557
-0.003878
-0.000888
-0.001945
0.004688
-0.005424
0.000553
-0.003878
0.000549
-0.003876
-0.000892
-0.001945
0.000556
-0.003883
-0.000891
-0.001948
-0.000891
-0.001947
-0.001023
-0.000632
0.011551
0.079590
0.028839
0.033173
0.028809
0.033203
0.023026
0.006737
0.028809
0.033173
0.023026
0.006733
0.023010
0.006706
0.012558
-0.003700
0.028839
0.033173
0.023041
0.006733
0.023026
0.006737
0.012558
-0.003696
0.023026
0.006737
0.012558
-0.003696
0.012573
-0.003698
0.004688
-0.005413
0.028809
0.033203
0.023010
0.006744
0.023041
0.006744
0.012573
-0.003693
0.023041
0.006760
0.012573
-0.003689
0.012573
-0.003687
0.004696
-0.005409
0.022995
0.006737
0.012543
-0.003685
0.012573
-0.003698
0.004688
-0.005413
0.012573
-0.003691
0.004692
-0.005413
0.004688
-0.005405
0.000558
-0.003868
0.028839
0.033173
0.023041
0.006725
0.023026
0.006737
0.012566
-0.003704
0.023041
0.006729
0.012566
-0.003712
0.012566
-0.003706
0.004684
-0.005417
0.023026
0.006737
0.012566
-0.003704
0.012573
-0.003700
0.004684
-0.005413
0.012589
-0.003695
0.004696
-0.005413
0.004688
-0.005417
0.000557
-0.003874
0.023010
0.006729
0.012550
-0.003693
0.012566
-0.003702
0.004684
-0.005413
0.012566
-0.003696
0.004684
-0.005405
0.004688
-0.005409
0.000557
-0.003868
0.012550
-0.003698
0.004673
-0.005405
0.004677
-0.005402
0.000554
-0.003862
0.004677
-0.005402
0.000554
-0.003862
0.000554
-0.003864
-0.000886
-0.001939
0.028885
0.033142
0.023041
0.006699
0.023026
0.006699
0.012558
-0.003716
0.023026
0.006699
0.012558
-0.003716
0.012566
-0.003712
0.004681
-0.005417
0.023026
0.006699
0.012558
-0.003716
0.012566
-0.003712
0.004681
-0.005417
0.012581
-0.003710
0.004684
-0.005421
0.004684
-0.005417
0.000552
-0.003870
0.023071
0.006721
0.012581
-0.003723
0.012596
-0.003725
0.004688
-0.005428
0.012611
-0.003723
0.004696
-0.005428
0.004692
-0.005432
0.000553
-0.003883
0.012596
-0.003725
0.004688
-0.005428
0.004684
-0.005428
0.000550
-0.003878
0.004688
-0.005424
0.000553
-0.003878
0.000549
-0.003876
-0.000892
-0.001945
0.023087
0.006752
0.012604
-0.003716
0.012604
-0.003714
0.004692
-0.005424
0.012604
-0.003710
0.004696
-0.005424
0.004700
-0.005432
0.000556
-0.003883
0.012604
-0.003710
0.004696
-0.005424
0.004700
-0.005432
0.000556
-0.003883
0.004700
-0.005432
0.000556
-0.003883
0.000553
-0.003880
-0.000891
-0.001945
0.012573
-0.003700
0.004684
-0.005413
0.004684
-0.005413
0.000554
-0.003872
0.004696
-0.005421
0.000558
-0.003878
0.000557
-0.003878
-0.000888
-0.001945
0.004688
-0.005424
0.000553
-0.003878
0.000549
-0.003876
-0.000892
-0.001945
0.000556
-0.003883
-0.000891
-0.001948
-0.000891
-0.001947
-0.001023
-0.000632
0.028839
0.033173
0.023041
0.006725
0.023026
0.006737
0.012566
-0.003704
0.023041
0.006729
0.012566
-0.003712
0.012566
-0.003706
0.004684
-0.005417
0.023026
0.006737
0.012566
-0.003704
0.012573
-0.003700
0.004684
-0.005413
0.012589
-0.003695
0.004696
-0.005413
0.004688
-0.005417
0.000557
-0.003874
0.023010
0.006729
0.012550
-0.003693
0.012566
-0.003702
0.004684
-0.005413
0.012566
-0.003696
0.004684
-0.005405
0.004688
-0.005409
0.000557
-0.003868
0.012550
-0.003698
0.004673
-0.005405
0.004677
-0.005402
0.000554
-0.003862
0.004677
-0.005402
0.000554
-0.003862
0.000554
-0.003864
-0.000886
-0.001939
0.023010
0.006706
0.012558
-0.003700
0.012558
-0.003708
0.004677
-0.005409
0.012550
-0.003717
0.004673
-0.005413
0.004673
-0.005405
0.000552
-0.003864
0.012550
-0.003717
0.004673
-0.005413
0.004681
-0.005409
0.000552
-0.003868
0.004681
-0.005413
0.000551
-0.003868
0.000550
-0.003866
-0.000888
-0.001939
0.012550
-0.003717
0.004673
-0.005413
0.004681
-0.005409
0.000552
-0.003868
0.004681
-0.005413
0.000551
-0.003868
0.000550
-0.003866
-0.000888
-0.001939
0.004677
-0.005413
0.000549
-0.003868
0.000550
-0.003866
-0.000888
-0.001939
0.000554
-0.003864
-0.000886
-0.001939
-0.000887
-0.001940
-0.001020
-0.000629
0.023010
0.006706
0.012558
-0.003700
0.012558
-0.003708
0.004677
-0.005409
0.012550
-0.003717
0.004673
-0.005413
0.004673
-0.005405
0.000552
-0.003864
0.012550
-0.003698
0.004673
-0.005405
0.004677
-0.005402
0.000554
-0.003862
0.004673
-0.005405
0.000552
-0.003864
0.000554
-0.003864
-0.000886
-0.001939
0.012550
-0.003717
0.004673
-0.005413
0.004681
-0.005409
0.000552
-0.003868
0.004681
-0.005413
0.000551
-0.003868
0.000550
-0.003866
-0.000888
-0.001939
0.004669
-0.005402
0.000552
-0.003860
0.000551
-0.003860
-0.000887
-0.001937
0.000551
-0.003860
-0.000887
-0.001937
-0.000887
-0.001936
-0.001019
-0.000628
0.012550
-0.003717
0.004673
-0.005413
0.004681
-0.005409
0.000552
-0.003868
0.004681
-0.005413
0.000551
-0.003868
0.000550
-0.003866
-0.000888
-0.001939
0.004669
-0.005402
0.000552
-0.003860
0.000551
-0.003860
-0.000887
-0.001937
0.000551
-0.003860
-0.000887
-0.001937
-0.000887
-0.001936
-0.001019
-0.000628
0.004681
-0.005409
0.000554
-0.003868
0.000554
-0.003868
-0.000887
-0.001941
0.000554
-0.003868
-0.000886
-0.001942
-0.000886
-0.001941
-0.001020
-0.000630
0.000554
-0.003868
-0.000886
-0.001942
-0.000886
-0.001941
-0.001020
-0.000630
-0.000888
-0.001942
-0.001020
-0.000630
-0.000980
-0.000629
-0.000636
0.000000
