-0.000006
-0.015625
-0.000006
-0.015625
0.011044
-0.011053
0.011044
-0.011053
0.014433
-0.005985
0.014433
-0.005985
0.014438
0.005974
0.014438
0.005974
0.015324
-0.003054
0.015324
-0.003054
0.012995
0.008676
0.012995
0.008676
0.008686
0.012988
0.008686
0.012988
-0.003042
0.015326
-0.003042
0.015326
0.015549
-0.001537
0.015549
-0.001537
0.012082
0.009908
0.012082
0.009908
0.007371
0.013777
0.007371
0.013777
-0.004530
0.014954
-0.004530
0.014954
0.004541
0.014950
0.004541
0.014950
-0.007360
0.013783
-0.007360
0.013783
-0.012074
0.009917
-0.012074
0.009917
-0.015550
-0.001526
-0.015550
-0.001526
0.015606
-0.000773
0.015606
-0.000773
0.011581
0.010489
0.011581
0.010489
0.006686
0.014122
0.006686
0.014122
-0.005258
0.014714
-0.005258
0.014714
0.003802
0.015155
0.003802
0.015155
-0.008028
0.013405
-0.008028
0.013405
-0.012547
0.009313
-0.012547
0.009313
-0.015457
-0.002287
-0.015457
-0.002287
0.002299
0.015455
0.002299
0.015455
-0.009303
0.012554
-0.009303
0.012554
-0.013399
0.008038
-0.013399
0.008038
-0.015158
-0.003791
-0.015158
-0.003791
-0.014710
0.005270
-0.014710
0.005270
-0.014127
-0.006675
-0.014127
-0.006675
-0.010498
-0.011573
-0.010498
-0.011573
0.000761
-0.015606
0.000761
-0.015606
0.015620
-0.000389
0.015620
-0.000389
0.011320
0.010770
0.011320
0.010770
0.006337
0.014282
0.006337
0.014282
-0.005618
0.014580
-0.005618
0.014580
0.003429
0.015244
0.003429
0.015244
-0.008354
0.013204
-0.008354
0.013204
-0.012771
0.009002
-0.012771
0.009002
-0.015396
-0.002665
-0.015396
-0.002665
0.001919
0.015507
0.001919
0.015507
-0.009608
0.012322
-0.009608
0.012322
-0.013592
0.007707
-0.013592
0.007707
-0.015061
-0.004162
-0.015061
-0.004162
-0.014834
0.004907
-0.014834
0.004907
-0.013959
-0.007020
-0.013959
-0.007020
-0.010210
-0.011827
-0.010210
-0.011827
0.001143
-0.015583
0.001143
-0.015583
0.001155
0.015582
0.001155
0.015582
-0.010201
0.011835
-0.010201
0.011835
-0.013954
0.007031
-0.013954
0.007031
-0.014838
-0.004896
-0.014838
-0.004896
-0.015057
0.004173
-0.015057
0.004173
-0.013598
-0.007696
-0.013598
-0.007696
-0.009618
-0.012314
-0.009618
-0.012314
0.001907
-0.015508
0.001907
-0.015508
-0.015394
0.002677
-0.015394
0.002677
-0.012778
-0.008992
-0.012778
-0.008992
-0.008364
-0.013198
-0.008364
-0.013198
0.003418
-0.015247
0.003418
-0.015247
-0.005629
-0.014576
-0.005629
-0.014576
0.006326
-0.014287
0.006326
-0.014287
0.011312
-0.010778
0.011312
-0.010778
0.015620
0.000377
0.015620
0.000377
0.015624
-0.000198
0.015624
-0.000198
0.011187
0.010908
0.011187
0.010908
0.006162
0.014359
0.006162
0.014359
-0.005796
0.014510
-0.005796
0.014510
0.003242
0.015285
0.003242
0.015285
-0.008516
0.013101
-0.008516
0.013101
-0.012881
0.008844
-0.012881
0.008844
-0.015362
-0.002854
-0.015362
-0.002854
0.001728
0.015529
0.001728
0.015529
-0.009759
0.012203
-0.009759
0.012203
-0.013686
0.007539
-0.013686
0.007539
-0.015008
-0.004346
-0.015008
-0.004346
-0.014894
0.004725
-0.014894
0.004725
-0.013872
-0.007191
-0.013872
-0.007191
-0.010064
-0.011952
-0.010064
-0.011952
0.001335
-0.015568
0.001335
-0.015568
0.000964
0.015595
0.000964
0.015595
-0.010346
0.011709
-0.010346
0.011709
-0.014039
0.006859
-0.014039
0.006859
-0.014777
-0.005077
-0.014777
-0.005077
-0.015107
0.003988
-0.015107
0.003988
-0.013503
-0.007863
-0.013503
-0.007863
-0.009466
-0.012431
-0.009466
-0.012431
0.002097
-0.015484
0.002097
-0.015484
-0.015426
0.002488
-0.015426
0.002488
-0.012667
-0.009148
-0.012667
-0.009148
-0.008202
-0.013299
-0.008202
-0.013299
0.003604
-0.015204
0.003604
-0.015204
-0.005450
-0.014644
-0.005450
-0.014644
0.006501
-0.014208
0.006501
-0.014208
0.011444
-0.010639
0.011444
-0.010639
0.015615
0.000569
0.015615
0.000569
0.000581
0.015614
0.000581
0.015614
-0.010630
0.011452
-0.010630
0.011452
-0.014203
0.006512
-0.014203
0.006512
-0.014648
-0.005438
-0.014648
-0.005438
-0.015201
0.003616
-0.015201
0.003616
-0.013306
-0.008192
-0.013306
-0.008192
-0.009158
-0.012660
-0.009158
-0.012660
0.002476
-0.015428
0.002476
-0.015428
-0.015482
0.002109
-0.015482
0.002109
-0.012439
-0.009456
-0.012439
-0.009456
-0.007873
-0.013497
-0.007873
-0.013497
0.003976
-0.015111
0.003976
-0.015111
-0.005089
-0.014773
-0.005089
-0.014773
0.006848
-0.014044
0.006848
-0.014044
0.011701
-0.010355
0.011701
-0.010355
0.015596
0.000952
0.015596
0.000952
-0.015567
0.001347
-0.015567
0.001347
-0.011960
-0.010055
-0.011960
-0.010055
-0.007201
-0.013867
-0.007201
-0.013867
0.004713
-0.014897
0.004713
-0.014897
-0.004358
-0.015005
-0.004358
-0.015005
0.007529
-0.013691
0.007529
-0.013691
0.012195
-0.009768
0.012195
-0.009768
0.015530
0.001716
0.015530
0.001716
-0.002866
-0.015360
-0.002866
-0.015360
0.008835
-0.012888
0.008835
-0.012888
0.013094
-0.008526
0.013094
-0.008526
0.015287
0.003230
0.015287
0.003230
0.014506
-0.005807
0.014506
-0.005807
0.014363
0.006151
0.014363
0.006151
0.010916
0.011179
0.010916
0.011179
-0.000186
0.015624
-0.000186
0.015624
0.015625
-0.000102
0.015625
-0.000102
0.011120
0.010976
0.011120
0.010976
0.006073
0.014396
0.006073
0.014396
-0.005885
0.014474
-0.005885
0.014474
0.003148
0.015305
0.003148
0.015305
-0.008596
0.013048
-0.008596
0.013048
-0.012935
0.008765
-0.012935
0.008765
-0.015344
-0.002948
-0.015344
-0.002948
0.001633
0.015539
0.001633
0.015539
-0.009833
0.012143
-0.009833
0.012143
-0.013732
0.007455
-0.013732
0.007455
-0.014981
-0.004438
-0.014981
-0.004438
-0.014922
0.004633
-0.014922
0.004633
-0.013828
-0.007276
-0.013828
-0.007276
-0.009991
-0.012013
-0.009991
-0.012013
0.001430
-0.015559
0.001430
-0.015559
0.000868
0.015601
0.000868
0.015601
-0.010417
0.011646
-0.010417
0.011646
-0.014081
0.006772
-0.014081
0.006772
-0.014746
-0.005168
-0.014746
-0.005168
-0.015132
0.003895
-0.015132
0.003895
-0.013454
-0.007945
-0.013454
-0.007945
-0.009389
-0.012489
-0.009389
-0.012489
0.002192
-0.015470
0.002192
-0.015470
-0.015441
0.002393
-0.015441
0.002393
-0.012611
-0.009226
-0.012611
-0.009226
-0.008120
-0.013349
-0.008120
-0.013349
0.003698
-0.015181
0.003698
-0.015181
-0.005360
-0.014677
-0.005360
-0.014677
0.006588
-0.014168
0.006588
-0.014168
0.011509
-0.010568
0.011509
-0.010568
0.015611
0.000665
0.015611
0.000665
0.000485
0.015617
0.000485
0.015617
-0.010700
0.011386
-0.010700
0.011386
-0.014243
0.006425
-0.014243
0.006425
-0.014614
-0.005528
-0.014614
-0.005528
-0.015223
0.003523
-0.015223
0.003523
-0.013255
-0.008273
-0.013255
-0.008273
-0.009080
-0.012716
-0.009080
-0.012716
0.002571
-0.015412
0.002571
-0.015412
-0.015495
0.002014
-0.015495
0.002014
-0.012380
-0.009532
-0.012380
-0.009532
-0.007790
-0.013545
-0.007790
-0.013545
0.004069
-0.015086
0.004069
-0.015086
-0.004998
-0.014804
-0.004998
-0.014804
0.006934
-0.014002
0.006934
-0.014002
0.011765
-0.010283
0.011765
-0.010283
0.015590
0.001048
0.015590
0.001048
-0.015575
0.001251
-0.015575
0.001251
-0.011898
-0.010128
-0.011898
-0.010128
-0.007116
-0.013911
-0.007116
-0.013911
0.004804
-0.014868
0.004804
-0.014868
-0.004265
-0.015031
-0.004265
-0.015031
0.007613
-0.013645
0.007613
-0.013645
0.012255
-0.009693
0.012255
-0.009693
0.015520
0.001812
0.015520
0.001812
-0.002772
-0.015377
-0.002772
-0.015377
0.008914
-0.012833
0.008914
-0.012833
0.013146
-0.008445
0.013146
-0.008445
0.015267
0.003324
0.015267
0.003324
0.014541
-0.005718
0.014541
-0.005718
0.014325
0.006239
0.014325
0.006239
0.010848
0.011246
0.010848
0.011246
-0.000282
0.015622
-0.000282
0.015622
0.000294
0.015622
0.000294
0.015622
-0.010839
0.011254
-0.010839
0.011254
-0.014321
0.006250
-0.014321
0.006250
-0.014545
-0.005707
-0.014545
-0.005707
-0.015265
0.003336
-0.015265
0.003336
-0.013153
-0.008435
-0.013153
-0.008435
-0.008923
-0.012826
-0.008923
-0.012826
0.002760
-0.015379
0.002760
-0.015379
-0.015518
0.001823
-0.015518
0.001823
-0.012262
-0.009684
-0.012262
-0.009684
-0.007623
-0.013639
-0.007623
-0.013639
0.004254
-0.015035
0.004254
-0.015035
-0.004816
-0.014864
-0.004816
-0.014864
0.007105
-0.013916
0.007105
-0.013916
0.011890
-0.010138
0.011890
-0.010138
0.015576
0.001239
0.015576
0.001239
-0.015589
0.001060
-0.015589
0.001060
-0.011772
-0.010274
-0.011772
-0.010274
-0.006945
-0.013997
-0.006945
-0.013997
0.004987
-0.014808
0.004987
-0.014808
-0.004081
-0.015083
-0.004081
-0.015083
0.007780
-0.013551
0.007780
-0.013551
0.012373
-0.009542
0.012373
-0.009542
0.015496
0.002002
0.015496
0.002002
-0.002583
-0.015410
-0.002583
-0.015410
0.009070
-0.012723
0.009070
-0.012723
0.013249
-0.008283
0.013249
-0.008283
0.015225
0.003511
0.015225
0.003511
0.014610
-0.005539
0.014610
-0.005539
0.014248
0.006414
0.014248
0.006414
0.010709
0.011378
0.010709
0.011378
-0.000473
0.015618
-0.000473
0.015618
-0.015610
0.000677
-0.015610
0.000677
-0.011517
-0.010560
-0.011517
-0.010560
-0.006599
-0.014163
-0.006599
-0.014163
0.005348
-0.014681
0.005348
-0.014681
-0.003709
-0.015178
-0.003709
-0.015178
0.008110
-0.013356
0.008110
-0.013356
0.012603
-0.009235
0.012603
-0.009235
0.015442
0.002382
0.015442
0.002382
-0.002204
-0.015469
-0.002204
-0.015469
0.009380
-0.012496
0.009380
-0.012496
0.013448
-0.007956
0.013448
-0.007956
0.015135
0.003884
0.015135
0.003884
0.014742
-0.005179
0.014742
-0.005179
0.014086
0.006762
0.014086
0.006762
0.010426
0.011638
0.010426
0.011638
-0.000856
0.015601
-0.000856
0.015601
-0.001442
-0.015558
-0.001442
-0.015558
0.009982
-0.012021
0.009982
-0.012021
0.013822
-0.007286
0.013822
-0.007286
0.014926
0.004622
0.014926
0.004622
0.014978
-0.004450
0.014978
-0.004450
0.013737
0.007445
0.013737
0.007445
0.009843
0.012135
0.009843
0.012135
-0.001621
0.015541
-0.001621
0.015541
0.015342
-0.002960
0.015342
-0.002960
0.012942
0.008755
0.012942
0.008755
0.008606
0.013041
0.008606
0.013041
-0.003136
0.015307
-0.003136
0.015307
0.005896
0.014470
0.005896
0.014470
-0.006062
0.014401
-0.006062
0.014401
-0.011112
0.010985
-0.011112
0.010985
-0.015625
-0.000090
-0.015625
-0.000090
0.015625
-0.000054
0.015625
-0.000054
0.011087
0.011010
0.011087
0.011010
0.006029
0.014415
0.006029
0.014415
-0.005930
0.014456
-0.005930
0.014456
0.003101
0.015314
0.003101
0.015314
-0.008636
0.013022
-0.008636
0.013022
-0.012962
0.008726
-0.012962
0.008726
-0.015335
-0.002995
-0.015335
-0.002995
0.001585
0.015544
0.001585
0.015544
-0.009871
0.012112
-0.009871
0.012112
-0.013754
0.007413
-0.013754
0.007413
-0.014968
-0.004484
-0.014968
-0.004484
-0.014936
0.004587
-0.014936
0.004587
-0.013805
-0.007318
-0.013805
-0.007318
-0.009954
-0.012044
-0.009954
-0.012044
0.001478
-0.015555
0.001478
-0.015555
0.000821
0.015603
0.000821
0.015603
-0.010453
0.011613
-0.010453
0.011613
-0.014102
0.006729
-0.014102
0.006729
-0.014730
-0.005213
-0.014730
-0.005213
-0.015144
0.003849
-0.015144
0.003849
-0.013430
-0.007987
-0.013430
-0.007987
-0.009351
-0.012518
-0.009351
-0.012518
0.002239
-0.015464
0.002239
-0.015464
-0.015448
0.002346
-0.015448
0.002346
-0.012582
-0.009264
-0.012582
-0.009264
-0.008079
-0.013374
-0.008079
-0.013374
0.003744
-0.015170
0.003744
-0.015170
-0.005315
-0.014693
-0.005315
-0.014693
0.006632
-0.014148
0.006632
-0.014148
0.011541
-0.010533
0.011541
-0.010533
0.015609
0.000713
0.015609
0.000713
0.000437
0.015619
0.000437
0.015619
-0.010735
0.011353
-0.010735
0.011353
-0.014263
0.006381
-0.014263
0.006381
-0.014597
-0.005573
-0.014597
-0.005573
-0.015233
0.003476
-0.015233
0.003476
-0.013230
-0.008314
-0.013230
-0.008314
-0.009041
-0.012744
-0.009041
-0.012744
0.002618
-0.015404
0.002618
-0.015404
-0.015501
0.001966
-0.015501
0.001966
-0.012351
-0.009570
-0.012351
-0.009570
-0.007748
-0.013568
-0.007748
-0.013568
0.004115
-0.015073
0.004115
-0.015073
-0.004952
-0.014819
-0.004952
-0.014819
0.006977
-0.013981
0.006977
-0.013981
0.011796
-0.010247
0.011796
-0.010247
0.015587
0.001096
0.015587
0.001096
-0.015579
0.001203
-0.015579
0.001203
-0.011867
-0.010165
-0.011867
-0.010165
-0.007073
-0.013932
-0.007073
-0.013932
0.004850
-0.014853
0.004850
-0.014853
-0.004219
-0.015045
-0.004219
-0.015045
0.007655
-0.013622
0.007655
-0.013622
0.012285
-0.009655
0.012285
-0.009655
0.015514
0.001859
0.015514
0.001859
-0.002724
-0.015386
-0.002724
-0.015386
0.008953
-0.012806
0.008953
-0.012806
0.013172
-0.008405
0.013172
-0.008405
0.015257
0.003371
0.015257
0.003371
0.014558
-0.005674
0.014558
-0.005674
0.014306
0.006283
0.014306
0.006283
0.010813
0.011279
0.010813
0.011279
-0.000330
0.015621
-0.000330
0.015621
0.000246
0.015623
0.000246
0.015623
-0.010873
0.011221
-0.010873
0.011221
-0.014340
0.006206
-0.014340
0.006206
-0.014528
-0.005752
-0.014528
-0.005752
-0.015275
0.003289
-0.015275
0.003289
-0.013127
-0.008475
-0.013127
-0.008475
-0.008884
-0.012854
-0.008884
-0.012854
0.002807
-0.015371
0.002807
-0.015371
-0.015524
0.001776
-0.015524
0.001776
-0.012233
-0.009721
-0.012233
-0.009721
-0.007581
-0.013662
-0.007581
-0.013662
0.004300
-0.015022
0.004300
-0.015022
-0.004770
-0.014879
-0.004770
-0.014879
0.007148
-0.013894
0.007148
-0.013894
0.011921
-0.010101
0.011921
-0.010101
0.015572
0.001287
0.015572
0.001287
-0.015592
0.001012
-0.015592
0.001012
-0.011741
-0.010310
-0.011741
-0.010310
-0.006902
-0.014018
-0.006902
-0.014018
0.005032
-0.014793
0.005032
-0.014793
-0.004034
-0.015095
-0.004034
-0.015095
0.007821
-0.013527
0.007821
-0.013527
0.012402
-0.009504
0.012402
-0.009504
0.015490
0.002049
0.015490
0.002049
-0.002535
-0.015418
-0.002535
-0.015418
0.009109
-0.012695
0.009109
-0.012695
0.013274
-0.008243
0.013274
-0.008243
0.015215
0.003558
0.015215
0.003558
0.014627
-0.005495
0.014627
-0.005495
0.014228
0.006458
0.014228
0.006458
0.010674
0.011411
0.010674
0.011411
-0.000521
0.015616
-0.000521
0.015616
-0.015612
0.000629
-0.015612
0.000629
-0.011484
-0.010595
-0.011484
-0.010595
-0.006556
-0.014183
-0.006556
-0.014183
0.005393
-0.014665
0.005393
-0.014665
-0.003663
-0.015190
-0.003663
-0.015190
0.008151
-0.013331
0.008151
-0.013331
0.012632
-0.009197
0.012632
-0.009197
0.015435
0.002429
0.015435
0.002429
-0.002156
-0.015475
-0.002156
-0.015475
0.009418
-0.012468
0.009418
-0.012468
0.013472
-0.007914
0.013472
-0.007914
0.015123
0.003930
0.015123
0.003930
0.014757
-0.005134
0.014757
-0.005134
0.014065
0.006805
0.014065
0.006805
0.010391
0.011669
0.010391
0.011669
-0.000904
0.015599
-0.000904
0.015599
-0.001394
-0.015563
-0.001394
-0.015563
0.010019
-0.011990
0.010019
-0.011990
0.013844
-0.007244
0.013844
-0.007244
0.014912
0.004667
0.014912
0.004667
0.014992
-0.004404
0.014992
-0.004404
0.013714
0.007487
0.013714
0.007487
0.009805
0.012165
0.009805
0.012165
-0.001669
0.015536
-0.001669
0.015536
0.015351
-0.002913
0.015351
-0.002913
0.012915
0.008795
0.012915
0.008795
0.008566
0.013068
0.008566
0.013068
-0.003183
0.015297
-0.003183
0.015297
0.005852
0.014488
0.005852
0.014488
-0.006107
0.014382
-0.006107
0.014382
-0.011146
0.010951
-0.011146
0.010951
-0.015624
-0.000138
-0.015624
-0.000138
0.000150
0.015624
0.000150
0.015624
-0.010942
0.011154
-0.010942
0.011154
-0.014378
0.006118
-0.014378
0.006118
-0.014492
-0.005841
-0.014492
-0.005841
-0.015295
0.003195
-0.015295
0.003195
-0.013074
-0.008556
-0.013074
-0.008556
-0.008805
-0.012908
-0.008805
-0.012908
0.002901
-0.015353
0.002901
-0.015353
-0.015534
0.001681
-0.015534
0.001681
-0.012173
-0.009796
-0.012173
-0.009796
-0.007497
-0.013709
-0.007497
-0.013709
0.004392
-0.014995
0.004392
-0.014995
-0.004679
-0.014908
-0.004679
-0.014908
0.007233
-0.013850
0.007233
-0.013850
0.011983
-0.010028
0.011983
-0.010028
0.015564
0.001382
0.015564
0.001382
-0.015598
0.000916
-0.015598
0.000916
-0.011677
-0.010382
-0.011677
-0.010382
-0.006816
-0.014060
-0.006816
-0.014060
0.005123
-0.014761
0.005123
-0.014761
-0.003942
-0.015120
-0.003942
-0.015120
0.007904
-0.013478
0.007904
-0.013478
0.012460
-0.009428
0.012460
-0.009428
0.015477
0.002144
0.015477
0.002144
-0.002441
-0.015433
-0.002441
-0.015433
0.009187
-0.012639
0.009187
-0.012639
0.013324
-0.008161
0.013324
-0.008161
0.015192
0.003651
0.015192
0.003651
0.014660
-0.005405
0.014660
-0.005405
0.014188
0.006545
0.014188
0.006545
0.010604
0.011476
0.010604
0.011476
-0.000617
0.015613
-0.000617
0.015613
-0.015616
0.000533
-0.015616
0.000533
-0.011419
-0.010665
-0.011419
-0.010665
-0.006469
-0.014223
-0.006469
-0.014223
0.005483
-0.014631
0.005483
-0.014631
-0.003569
-0.015212
-0.003569
-0.015212
0.008232
-0.013280
0.008232
-0.013280
0.012688
-0.009119
0.012688
-0.009119
0.015420
0.002524
0.015420
0.002524
-0.002061
-0.015488
-0.002061
-0.015488
0.009494
-0.012409
0.009494
-0.012409
0.013521
-0.007832
0.013521
-0.007832
0.015098
0.004023
0.015098
0.004023
0.014789
-0.005043
0.014789
-0.005043
0.014023
0.006891
0.014023
0.006891
0.010319
0.011733
0.010319
0.011733
-0.001000
0.015593
-0.001000
0.015593
-0.001299
-0.015571
-0.001299
-0.015571
0.010092
-0.011929
0.010092
-0.011929
0.013889
-0.007159
0.013889
-0.007159
0.014883
0.004759
0.014883
0.004759
0.015018
-0.004312
0.015018
-0.004312
0.013668
0.007571
0.013668
0.007571
0.009731
0.012225
0.009731
0.012225
-0.001764
0.015525
-0.001764
0.015525
0.015369
-0.002819
0.015369
-0.002819
0.012860
0.008874
0.012860
0.008874
0.008485
0.013120
0.008485
0.013120
-0.003277
0.015277
-0.003277
0.015277
0.005763
0.014523
0.005763
0.014523
-0.006195
0.014345
-0.006195
0.014345
-0.011213
0.010882
-0.011213
0.010882
-0.015623
-0.000234
-0.015623
-0.000234
-0.015621
0.000342
-0.015621
0.000342
-0.011287
-0.010804
-0.011287
-0.010804
-0.006294
-0.014301
-0.006294
-0.014301
0.005662
-0.014563
0.005662
-0.014563
-0.003383
-0.015254
-0.003383
-0.015254
0.008395
-0.013178
0.008395
-0.013178
0.012799
-0.008963
0.012799
-0.008963
0.015388
0.002713
0.015388
0.002713
-0.001871
-0.015513
-0.001871
-0.015513
0.009646
-0.012292
0.009646
-0.012292
0.013616
-0.007665
0.013616
-0.007665
0.015048
0.004208
0.015048
0.004208
0.014849
-0.004861
0.014849
-0.004861
0.013938
0.007063
0.013938
0.007063
0.010174
0.011859
0.010174
0.011859
-0.001191
0.015579
-0.001191
0.015579
-0.001108
-0.015586
-0.001108
-0.015586
0.010238
-0.011804
0.010238
-0.011804
0.013975
-0.006988
0.013975
-0.006988
0.014823
0.004941
0.014823
0.004941
0.015070
-0.004127
0.015070
-0.004127
0.013574
0.007738
0.013574
0.007738
0.009580
0.012344
0.009580
0.012344
-0.001954
0.015502
-0.001954
0.015502
0.015402
-0.002630
0.015402
-0.002630
0.012751
0.009031
0.012751
0.009031
0.008324
0.013223
0.008324
0.013223
-0.003464
0.015236
-0.003464
0.015236
0.005584
0.014593
0.005584
0.014593
-0.006370
0.014267
-0.006370
0.014267
-0.011345
0.010744
-0.011345
0.010744
-0.015619
-0.000425
-0.015619
-0.000425
-0.000725
-0.015608
-0.000725
-0.015608
0.010524
-0.011549
0.010524
-0.011549
0.014143
-0.006643
0.014143
-0.006643
0.014697
0.005303
0.014697
0.005303
0.015167
-0.003756
0.015167
-0.003756
0.013380
0.008069
0.013380
0.008069
0.009274
0.012575
0.009274
0.012575
-0.002334
0.015450
-0.002334
0.015450
0.015462
-0.002251
0.015462
-0.002251
0.012525
0.009341
0.012525
0.009341
0.007997
0.013423
0.007997
0.013423
-0.003837
0.015146
-0.003837
0.015146
0.005224
0.014726
0.005224
0.014726
-0.006718
0.014107
-0.006718
0.014107
-0.011605
0.010462
-0.011605
0.010462
-0.015604
-0.000809
-0.015604
-0.000809
0.015554
-0.001490
0.015554
-0.001490
0.012052
0.009945
0.012052
0.009945
0.007329
0.013800
0.007329
0.013800
-0.004576
0.014940
-0.004576
0.014940
0.004496
0.014964
0.004496
0.014964
-0.007403
0.013760
-0.007403
0.013760
-0.012105
0.009880
-0.012105
0.009880
-0.015546
-0.001573
-0.015546
-0.001573
0.003007
0.015333
0.003007
0.015333
-0.008716
0.012968
-0.008716
0.012968
-0.013015
0.008646
-0.013015
0.008646
-0.015316
-0.003089
-0.015316
-0.003089
-0.014452
0.005941
-0.014452
0.005941
-0.014419
-0.006018
-0.014419
-0.006018
-0.011019
-0.011078
-0.011019
-0.011078
0.000042
-0.015625
0.000042
-0.015625
0.015625
-0.000030
0.015625
-0.000030
0.011070
0.011027
0.011070
0.011027
0.006007
0.014424
0.006007
0.014424
-0.005952
0.014447
-0.005952
0.014447
0.003078
0.015319
0.003078
0.015319
-0.008656
0.013008
-0.008656
0.013008
-0.012975
0.008706
-0.012975
0.008706
-0.015331
-0.003019
-0.015331
-0.003019
0.001561
0.015547
0.001561
0.015547
-0.009889
0.012097
-0.009889
0.012097
-0.013766
0.007392
-0.013766
0.007392
-0.014961
-0.004507
-0.014961
-0.004507
-0.014943
0.004564
-0.014943
0.004564
-0.013794
-0.007339
-0.013794
-0.007339
-0.009936
-0.012059
-0.009936
-0.012059
0.001502
-0.015553
0.001502
-0.015553
0.000797
0.015605
0.000797
0.015605
-0.010471
0.011597
-0.010471
0.011597
-0.014112
0.006708
-0.014112
0.006708
-0.014722
-0.005236
-0.014722
-0.005236
-0.015149
0.003826
-0.015149
0.003826
-0.013417
-0.008007
-0.013417
-0.008007
-0.009332
-0.012532
-0.009332
-0.012532
0.002263
-0.015460
0.002263
-0.015460
-0.015451
0.002322
-0.015451
0.002322
-0.012568
-0.009284
-0.012568
-0.009284
-0.008059
-0.013387
-0.008059
-0.013387
0.003767
-0.015164
0.003767
-0.015164
-0.005292
-0.014701
-0.005292
-0.014701
0.006653
-0.014138
0.006653
-0.014138
0.011557
-0.010515
0.011557
-0.010515
0.015608
0.000737
0.015608
0.000737
0.000413
0.015620
0.000413
0.015620
-0.010752
0.011337
-0.010752
0.011337
-0.014272
0.006359
-0.014272
0.006359
-0.014589
-0.005595
-0.014589
-0.005595
-0.015239
0.003453
-0.015239
0.003453
-0.013217
-0.008334
-0.013217
-0.008334
-0.009021
-0.012757
-0.009021
-0.012757
0.002642
-0.015400
0.002642
-0.015400
-0.015504
0.001942
-0.015504
0.001942
-0.012336
-0.009589
-0.012336
-0.009589
-0.007728
-0.013580
-0.007728
-0.013580
0.004138
-0.015067
0.004138
-0.015067
-0.004930
-0.014827
-0.004930
-0.014827
0.006998
-0.013970
0.006998
-0.013970
0.011812
-0.010228
0.011812
-0.010228
0.015585
0.001120
0.015585
0.001120
-0.015580
0.001179
-0.015580
0.001179
-0.011851
-0.010183
-0.011851
-0.010183
-0.007052
-0.013943
-0.007052
-0.013943
0.004873
-0.014846
0.004873
-0.014846
-0.004196
-0.015051
-0.004196
-0.015051
0.007675
-0.013610
0.007675
-0.013610
0.012299
-0.009637
0.012299
-0.009637
0.015511
0.001883
0.015511
0.001883
-0.002701
-0.015390
-0.002701
-0.015390
0.008972
-0.012792
0.008972
-0.012792
0.013185
-0.008385
0.013185
-0.008385
0.015252
0.003394
0.015252
0.003394
0.014567
-0.005651
0.014567
-0.005651
0.014297
0.006304
0.014297
0.006304
0.010796
0.011296
0.010796
0.011296
-0.000353
0.015621
-0.000353
0.015621
0.000222
0.015623
0.000222
0.015623
-0.010891
0.011204
-0.010891
0.011204
-0.014349
0.006184
-0.014349
0.006184
-0.014519
-0.005774
-0.014519
-0.005774
-0.015280
0.003265
-0.015280
0.003265
-0.013114
-0.008496
-0.013114
-0.008496
-0.008864
-0.012867
-0.008864
-0.012867
0.002831
-0.015366
0.002831
-0.015366
-0.015526
0.001752
-0.015526
0.001752
-0.012218
-0.009740
-0.012218
-0.009740
-0.007560
-0.013674
-0.007560
-0.013674
0.004323
-0.015015
0.004323
-0.015015
-0.004747
-0.014886
-0.004747
-0.014886
0.007169
-0.013883
0.007169
-0.013883
0.011936
-0.010083
0.011936
-0.010083
0.015570
0.001311
0.015570
0.001311
-0.015594
0.000988
-0.015594
0.000988
-0.011725
-0.010328
-0.011725
-0.010328
-0.006880
-0.014029
-0.006880
-0.014029
0.005055
-0.014785
0.005055
-0.014785
-0.004011
-0.015101
-0.004011
-0.015101
0.007842
-0.013515
0.007842
-0.013515
0.012417
-0.009485
0.012417
-0.009485
0.015487
0.002073
0.015487
0.002073
-0.002512
-0.015422
-0.002512
-0.015422
0.009129
-0.012681
0.009129
-0.012681
0.013287
-0.008222
0.013287
-0.008222
0.015209
0.003581
0.015209
0.003581
0.014635
-0.005472
0.014635
-0.005472
0.014218
0.006479
0.014218
0.006479
0.010656
0.011427
0.010656
0.011427
-0.000545
0.015615
-0.000545
0.015615
-0.015613
0.000605
-0.015613
0.000605
-0.011468
-0.010612
-0.011468
-0.010612
-0.006534
-0.014193
-0.006534
-0.014193
0.005416
-0.014656
0.005416
-0.014656
-0.003639
-0.015195
-0.003639
-0.015195
0.008171
-0.013318
0.008171
-0.013318
0.012646
-0.009177
0.012646
-0.009177
0.015431
0.002453
0.015431
0.002453
-0.002133
-0.015479
-0.002133
-0.015479
0.009437
-0.012453
0.009437
-0.012453
0.013484
-0.007894
0.013484
-0.007894
0.015117
0.003953
0.015117
0.003953
0.014765
-0.005111
0.014765
-0.005111
0.014055
0.006826
0.014055
0.006826
0.010373
0.011685
0.010373
0.011685
-0.000928
0.015597
-0.000928
0.015597
-0.001370
-0.015565
-0.001370
-0.015565
0.010037
-0.011975
0.010037
-0.011975
0.013856
-0.007222
0.013856
-0.007222
0.014904
0.004690
0.014904
0.004690
0.014998
-0.004381
0.014998
-0.004381
0.013703
0.007508
0.013703
0.007508
0.009787
0.012180
0.009787
0.012180
-0.001692
0.015533
-0.001692
0.015533
0.015355
-0.002889
0.015355
-0.002889
0.012901
0.008815
0.012901
0.008815
0.008546
0.013081
0.008546
0.013081
-0.003207
0.015292
-0.003207
0.015292
0.005830
0.014497
0.005830
0.014497
-0.006129
0.014373
-0.006129
0.014373
-0.011162
0.010934
-0.011162
0.010934
-0.015624
-0.000162
-0.015624
-0.000162
0.000126
0.015624
0.000126
0.015624
-0.010959
0.011137
-0.010959
0.011137
-0.014387
0.006095
-0.014387
0.006095
-0.014483
-0.005863
-0.014483
-0.005863
-0.015300
0.003172
-0.015300
0.003172
-0.013061
-0.008576
-0.013061
-0.008576
-0.008785
-0.012921
-0.008785
-0.012921
0.002925
-0.015349
0.002925
-0.015349
-0.015537
0.001657
-0.015537
0.001657
-0.012158
-0.009815
-0.012158
-0.009815
-0.007476
-0.013720
-0.007476
-0.013720
0.004415
-0.014988
0.004415
-0.014988
-0.004656
-0.014915
-0.004656
-0.014915
0.007254
-0.013839
0.007254
-0.013839
0.011998
-0.010009
0.011998
-0.010009
0.015562
0.001406
0.015562
0.001406
-0.015599
0.000892
-0.015599
0.000892
-0.011661
-0.010400
-0.011661
-0.010400
-0.006794
-0.014071
-0.006794
-0.014071
0.005145
-0.014754
0.005145
-0.014754
-0.003919
-0.015126
-0.003919
-0.015126
0.007925
-0.013466
0.007925
-0.013466
0.012475
-0.009409
0.012475
-0.009409
0.015474
0.002168
0.015474
0.002168
-0.002417
-0.015437
-0.002417
-0.015437
0.009206
-0.012625
0.009206
-0.012625
0.013337
-0.008141
0.013337
-0.008141
0.015187
0.003674
0.015187
0.003674
0.014669
-0.005382
0.014669
-0.005382
0.014178
0.006567
0.014178
0.006567
0.010586
0.011492
0.010586
0.011492
-0.000641
0.015612
-0.000641
0.015612
-0.015617
0.000509
-0.015617
0.000509
-0.011403
-0.010683
-0.011403
-0.010683
-0.006447
-0.014233
-0.006447
-0.014233
0.005506
-0.014623
0.005506
-0.014623
-0.003546
-0.015217
-0.003546
-0.015217
0.008253
-0.013268
0.008253
-0.013268
0.012702
-0.009100
0.012702
-0.009100
0.015416
0.002547
0.015416
0.002547
-0.002038
-0.015492
-0.002038
-0.015492
0.009513
-0.012395
0.009513
-0.012395
0.013533
-0.007811
0.013533
-0.007811
0.015092
0.004046
0.015092
0.004046
0.014796
-0.005021
0.014796
-0.005021
0.014013
0.006913
0.014013
0.006913
0.010301
0.011749
0.010301
0.011749
-0.001024
0.015591
-0.001024
0.015591
-0.001275
-0.015573
-0.001275
-0.015573
0.010110
-0.011913
0.010110
-0.011913
0.013900
-0.007137
0.013900
-0.007137
0.014875
0.004782
0.014875
0.004782
0.015025
-0.004289
0.015025
-0.004289
0.013657
0.007592
0.013657
0.007592
0.009712
0.012240
0.009712
0.012240
-0.001788
0.015522
-0.001788
0.015522
0.015373
-0.002795
0.015373
-0.002795
0.012847
0.008894
0.012847
0.008894
0.008465
0.013133
0.008465
0.013133
-0.003301
0.015272
-0.003301
0.015272
0.005741
0.014532
0.005741
0.014532
-0.006217
0.014335
-0.006217
0.014335
-0.011229
0.010865
-0.011229
0.010865
-0.015623
-0.000258
-0.015623
-0.000258
-0.015622
0.000318
-0.015622
0.000318
-0.011271
-0.010822
-0.011271
-0.010822
-0.006272
-0.014311
-0.006272
-0.014311
0.005685
-0.014554
0.005685
-0.014554
-0.003359
-0.015260
-0.003359
-0.015260
0.008415
-0.013165
0.008415
-0.013165
0.012813
-0.008943
0.012813
-0.008943
0.015384
0.002736
0.015384
0.002736
-0.001847
-0.015515
-0.001847
-0.015515
0.009665
-0.012277
0.009665
-0.012277
0.013627
-0.007644
0.013627
-0.007644
0.015041
0.004231
0.015041
0.004231
0.014857
-0.004839
0.014857
-0.004839
0.013927
0.007084
0.013927
0.007084
0.010156
0.011874
0.010156
0.011874
-0.001215
0.015578
-0.001215
0.015578
-0.001084
-0.015587
-0.001084
-0.015587
0.010256
-0.011788
0.010256
-0.011788
0.013986
-0.006966
0.013986
-0.006966
0.014816
0.004964
0.014816
0.004964
0.015076
-0.004104
0.015076
-0.004104
0.013562
0.007759
0.013562
0.007759
0.009561
0.012358
0.009561
0.012358
-0.001978
0.015499
-0.001978
0.015499
0.015406
-0.002606
0.015406
-0.002606
0.012737
0.009051
0.012737
0.009051
0.008304
0.013236
0.008304
0.013236
-0.003488
0.015231
-0.003488
0.015231
0.005562
0.014602
0.005562
0.014602
-0.006392
0.014258
-0.006392
0.014258
-0.011362
0.010726
-0.011362
0.010726
-0.015618
-0.000449
-0.015618
-0.000449
-0.000701
-0.015609
-0.000701
-0.015609
0.010542
-0.011533
0.010542
-0.011533
0.014153
-0.006621
0.014153
-0.006621
0.014689
0.005326
0.014689
0.005326
0.015173
-0.003733
0.015173
-0.003733
0.013368
0.008089
0.013368
0.008089
0.009255
0.012589
0.009255
0.012589
-0.002358
0.015446
-0.002358
0.015446
0.015465
-0.002227
0.015465
-0.002227
0.012511
0.009361
0.012511
0.009361
0.007976
0.013436
0.007976
0.013436
-0.003860
0.015141
-0.003860
0.015141
0.005202
0.014734
0.005202
0.014734
-0.006740
0.014096
-0.006740
0.014096
-0.011621
0.010444
-0.011621
0.010444
-0.015603
-0.000833
-0.015603
-0.000833
0.015556
-0.001466
0.015556
-0.001466
0.012036
0.009963
0.012036
0.009963
0.007307
0.013811
0.007307
0.013811
-0.004599
0.014933
-0.004599
0.014933
0.004473
0.014971
0.004473
0.014971
-0.007424
0.013749
-0.007424
0.013749
-0.012120
0.009861
-0.012120
0.009861
-0.015543
-0.001597
-0.015543
-0.001597
0.002984
0.015337
0.002984
0.015337
-0.008736
0.012955
-0.008736
0.012955
-0.013028
0.008626
-0.013028
0.008626
-0.015312
-0.003113
-0.015312
-0.003113
-0.014461
0.005918
-0.014461
0.005918
-0.014410
-0.006040
-0.014410
-0.006040
-0.011002
-0.011095
-0.011002
-0.011095
0.000066
-0.015625
0.000066
-0.015625
0.000078
0.015625
0.000078
0.015625
-0.010993
0.011103
-0.010993
0.011103
-0.014406
0.006051
-0.014406
0.006051
-0.014465
-0.005907
-0.014465
-0.005907
-0.015309
0.003125
-0.015309
0.003125
-0.013035
-0.008616
-0.013035
-0.008616
-0.008745
-0.012948
-0.008745
-0.012948
0.002972
-0.015340
0.002972
-0.015340
-0.015542
0.001609
-0.015542
0.001609
-0.012128
-0.009852
-0.012128
-0.009852
-0.007434
-0.013743
-0.007434
-0.013743
0.004461
-0.014975
0.004461
-0.014975
-0.004610
-0.014929
-0.004610
-0.014929
0.007297
-0.013817
0.007297
-0.013817
0.012029
-0.009972
0.012029
-0.009972
0.015557
0.001454
0.015557
0.001454
-0.015602
0.000844
-0.015602
0.000844
-0.011630
-0.010435
-0.011630
-0.010435
-0.006751
-0.014091
-0.006751
-0.014091
0.005190
-0.014738
0.005190
-0.014738
-0.003872
-0.015138
-0.003872
-0.015138
0.007966
-0.013442
0.007966
-0.013442
0.012504
-0.009370
0.012504
-0.009370
0.015467
0.002216
0.015467
0.002216
-0.002370
-0.015444
-0.002370
-0.015444
0.009245
-0.012596
0.009245
-0.012596
0.013362
-0.008100
0.013362
-0.008100
0.015175
0.003721
0.015175
0.003721
0.014685
-0.005337
0.014685
-0.005337
0.014158
0.006610
0.014158
0.006610
0.010551
0.011525
0.010551
0.011525
-0.000689
0.015610
-0.000689
0.015610
-0.015618
0.000461
-0.015618
0.000461
-0.011370
-0.010717
-0.011370
-0.010717
-0.006403
-0.014253
-0.006403
-0.014253
0.005551
-0.014606
0.005551
-0.014606
-0.003499
-0.015228
-0.003499
-0.015228
0.008293
-0.013242
0.008293
-0.013242
0.012730
-0.009061
0.012730
-0.009061
0.015408
0.002594
0.015408
0.002594
-0.001990
-0.015498
-0.001990
-0.015498
0.009551
-0.012366
0.009551
-0.012366
0.013557
-0.007769
0.013557
-0.007769
0.015080
0.004092
0.015080
0.004092
0.014812
-0.004975
0.014812
-0.004975
0.013991
0.006955
0.013991
0.006955
0.010265
0.011780
0.010265
0.011780
-0.001072
0.015588
-0.001072
0.015588
-0.001227
-0.015577
-0.001227
-0.015577
0.010147
-0.011882
0.010147
-0.011882
0.013921
-0.007095
0.013921
-0.007095
0.014861
0.004827
0.014861
0.004827
0.015038
-0.004242
0.015038
-0.004242
0.013633
0.007634
0.013633
0.007634
0.009674
0.012270
0.009674
0.012270
-0.001835
0.015517
-0.001835
0.015517
0.015381
-0.002748
0.015381
-0.002748
0.012819
0.008933
0.012819
0.008933
0.008425
0.013159
0.008425
0.013159
-0.003347
0.015262
-0.003347
0.015262
0.005696
0.014550
0.005696
0.014550
-0.006261
0.014316
-0.006261
0.014316
-0.011262
0.010830
-0.011262
0.010830
-0.015622
-0.000306
-0.015622
-0.000306
-0.015623
0.000270
-0.015623
0.000270
-0.011238
-0.010856
-0.011238
-0.010856
-0.006228
-0.014330
-0.006228
-0.014330
0.005729
-0.014537
0.005729
-0.014537
-0.003312
-0.015270
-0.003312
-0.015270
0.008455
-0.013140
0.008455
-0.013140
0.012840
-0.008904
0.012840
-0.008904
0.015375
0.002783
0.015375
0.002783
-0.001800
-0.015521
-0.001800
-0.015521
0.009702
-0.012248
0.009702
-0.012248
0.013651
-0.007602
0.013651
-0.007602
0.015028
0.004277
0.015028
0.004277
0.014872
-0.004793
0.014872
-0.004793
0.013905
0.007127
0.013905
0.007127
0.010119
0.011905
0.010119
0.011905
-0.001263
0.015574
-0.001263
0.015574
-0.001036
-0.015591
-0.001036
-0.015591
0.010292
-0.011757
0.010292
-0.011757
0.014007
-0.006923
0.014007
-0.006923
0.014800
0.005009
0.014800
0.005009
0.015089
-0.004058
0.015089
-0.004058
0.013539
0.007800
0.013539
0.007800
0.009523
0.012388
0.009523
0.012388
-0.002026
0.015493
-0.002026
0.015493
0.015414
-0.002559
0.015414
-0.002559
0.012709
0.009090
0.012709
0.009090
0.008263
0.013261
0.008263
0.013261
-0.003534
0.015220
-0.003534
0.015220
0.005517
0.014619
0.005517
0.014619
-0.006436
0.014238
-0.006436
0.014238
-0.011395
0.010691
-0.011395
0.010691
-0.015617
-0.000497
-0.015617
-0.000497
-0.000653
-0.015611
-0.000653
-0.015611
0.010577
-0.011501
0.010577
-0.011501
0.014173
-0.006577
0.014173
-0.006577
0.014673
0.005371
0.014673
0.005371
0.015184
-0.003686
0.015184
-0.003686
0.013343
0.008130
0.013343
0.008130
0.009216
0.012618
0.009216
0.012618
-0.002405
0.015439
-0.002405
0.015439
0.015472
-0.002180
0.015472
-0.002180
0.012482
0.009399
0.012482
0.009399
0.007935
0.013460
0.007935
0.013460
-0.003907
0.015129
-0.003907
0.015129
0.005157
0.014750
0.005157
0.014750
-0.006783
0.014076
-0.006783
0.014076
-0.011653
0.010408
-0.011653
0.010408
-0.015600
-0.000880
-0.015600
-0.000880
0.015560
-0.001418
0.015560
-0.001418
0.012006
0.010000
0.012006
0.010000
0.007265
0.013833
0.007265
0.013833
-0.004645
0.014919
-0.004645
0.014919
0.004427
0.014985
0.004427
0.014985
-0.007466
0.013726
-0.007466
0.013726
-0.012150
0.009824
-0.012150
0.009824
-0.015538
-0.001645
-0.015538
-0.001645
0.002937
0.015347
0.002937
0.015347
-0.008775
0.012928
-0.008775
0.012928
-0.013055
0.008586
-0.013055
0.008586
-0.015302
-0.003160
-0.015302
-0.003160
-0.014479
0.005874
-0.014479
0.005874
-0.014392
-0.006084
-0.014392
-0.006084
-0.010968
-0.011129
-0.010968
-0.011129
0.000114
-0.015625
0.000114
-0.015625
-0.015624
0.000174
-0.015624
0.000174
-0.011171
-0.010925
-0.011171
-0.010925
-0.006140
-0.014368
-0.006140
-0.014368
0.005819
-0.014501
0.005819
-0.014501
-0.003219
-0.015290
-0.003219
-0.015290
0.008536
-0.013087
0.008536
-0.013087
0.012894
-0.008825
0.012894
-0.008825
0.015358
0.002878
0.015358
0.002878
-0.001704
-0.015532
-0.001704
-0.015532
0.009777
-0.012188
0.009777
-0.012188
0.013697
-0.007518
0.013697
-0.007518
0.015002
0.004369
0.015002
0.004369
0.014901
-0.004702
0.014901
-0.004702
0.013861
0.007212
0.013861
0.007212
0.010046
0.011967
0.010046
0.011967
-0.001358
0.015566
-0.001358
0.015566
-0.000940
-0.015597
-0.000940
-0.015597
0.010364
-0.011693
0.010364
-0.011693
0.014050
-0.006837
0.014050
-0.006837
0.014769
0.005100
0.014769
0.005100
0.015114
-0.003965
0.015114
-0.003965
0.013490
0.007883
0.013490
0.007883
0.009447
0.012446
0.009447
0.012446
-0.002121
0.015480
-0.002121
0.015480
0.015429
-0.002464
0.015429
-0.002464
0.012653
0.009168
0.012653
0.009168
0.008181
0.013312
0.008181
0.013312
-0.003628
0.015198
-0.003628
0.015198
0.005427
0.014652
0.005427
0.014652
-0.006523
0.014198
-0.006523
0.014198
-0.011460
0.010621
-0.011460
0.010621
-0.015614
-0.000593
-0.015614
-0.000593
-0.000557
-0.015615
-0.000557
-0.015615
0.010648
-0.011435
0.010648
-0.011435
0.014213
-0.006490
0.014213
-0.006490
0.014640
0.005461
0.014640
0.005461
0.015206
-0.003593
0.015206
-0.003593
0.013293
0.008212
0.013293
0.008212
0.009138
0.012674
0.009138
0.012674
-0.002500
0.015424
-0.002500
0.015424
0.015485
-0.002085
0.015485
-0.002085
0.012424
0.009475
0.012424
0.009475
0.007852
0.013509
0.007852
0.013509
-0.004000
0.015104
-0.004000
0.015104
0.005066
0.014781
0.005066
0.014781
-0.006870
0.014034
-0.006870
0.014034
-0.011717
0.010337
-0.011717
0.010337
-0.015594
-0.000976
-0.015594
-0.000976
0.015569
-0.001323
0.015569
-0.001323
0.011944
0.010074
0.011944
0.010074
0.007180
0.013878
0.007180
0.013878
-0.004736
0.014890
-0.004736
0.014890
0.004335
0.015012
0.004335
0.015012
-0.007550
0.013680
-0.007550
0.013680
-0.012210
0.009749
-0.012210
0.009749
-0.015528
-0.001740
-0.015528
-0.001740
0.002842
0.015364
0.002842
0.015364
-0.008854
0.012874
-0.008854
0.012874
-0.013107
0.008506
-0.013107
0.008506
-0.015282
-0.003254
-0.015282
-0.003254
-0.014515
0.005785
-0.014515
0.005785
-0.014354
-0.006173
-0.014354
-0.006173
-0.010899
-0.011196
-0.010899
-0.011196
0.000210
-0.015624
0.000210
-0.015624
-0.000365
-0.015621
-0.000365
-0.015621
0.010787
-0.011304
0.010787
-0.011304
0.014292
-0.006315
0.014292
-0.006315
0.014571
0.005640
0.014571
0.005640
0.015249
-0.003406
0.015249
-0.003406
0.013191
0.008374
0.013191
0.008374
0.008982
0.012785
0.008982
0.012785
-0.002689
0.015392
-0.002689
0.015392
0.015510
-0.001895
0.015510
-0.001895
0.012307
0.009627
0.012307
0.009627
0.007686
0.013604
0.007686
0.013604
-0.004185
0.015054
-0.004185
0.015054
0.004884
0.014842
0.004884
0.014842
-0.007041
0.013949
-0.007041
0.013949
-0.011843
0.010192
-0.011843
0.010192
-0.015581
-0.001167
-0.015581
-0.001167
0.015584
-0.001132
0.015584
-0.001132
0.011820
0.010219
0.011820
0.010219
0.007009
0.013965
0.007009
0.013965
-0.004918
0.014831
-0.004918
0.014831
0.004150
0.015064
0.004150
0.015064
-0.007717
0.013586
-0.007717
0.013586
-0.012329
0.009599
-0.012329
0.009599
-0.015505
-0.001931
-0.015505
-0.001931
0.002654
0.015398
0.002654
0.015398
-0.009012
0.012764
-0.009012
0.012764
-0.013210
0.008344
-0.013210
0.008344
-0.015241
-0.003441
-0.015241
-0.003441
-0.014584
0.005607
-0.014584
0.005607
-0.014277
-0.006348
-0.014277
-0.006348
-0.010761
-0.011329
-0.010761
-0.011329
0.000401
-0.015620
0.000401
-0.015620
0.015607
-0.000749
0.015607
-0.000749
0.011565
0.010506
0.011565
0.010506
0.006664
0.014132
0.006664
0.014132
-0.005281
0.014706
-0.005281
0.014706
0.003779
0.015161
0.003779
0.015161
-0.008048
0.013393
-0.008048
0.013393
-0.012561
0.009293
-0.012561
0.009293
-0.015453
-0.002310
-0.015453
-0.002310
0.002275
0.015458
0.002275
0.015458
-0.009322
0.012539
-0.009322
0.012539
-0.013411
0.008017
-0.013411
0.008017
-0.015152
-0.003814
-0.015152
-0.003814
-0.014718
0.005247
-0.014718
0.005247
-0.014117
-0.006697
-0.014117
-0.006697
-0.010480
-0.011589
-0.010480
-0.011589
0.000785
-0.015605
0.000785
-0.015605
0.001514
0.015551
0.001514
0.015551
-0.009926
0.012067
-0.009926
0.012067
-0.013788
0.007350
-0.013788
0.007350
-0.014947
-0.004553
-0.014947
-0.004553
-0.014957
0.004518
-0.014957
0.004518
-0.013772
-0.007381
-0.013772
-0.007381
-0.009898
-0.012090
-0.009898
-0.012090
0.001549
-0.015548
0.001549
-0.015548
-0.015328
0.003031
-0.015328
0.003031
-0.012982
-0.008696
-0.012982
-0.008696
-0.008666
-0.013002
-0.008666
-0.013002
0.003066
-0.015321
0.003066
-0.015321
-0.005963
-0.014442
-0.005963
-0.014442
0.005996
-0.014429
0.005996
-0.014429
0.011061
-0.011036
0.011061
-0.011036
0.015625
0.000018
0.015625
0.000018
0.015625
-0.000018
0.015625
-0.000018
0.011061
0.011036
0.011061
0.011036
0.005996
0.014429
0.005996
0.014429
-0.005963
0.014442
-0.005963
0.014442
0.003066
0.015321
0.003066
0.015321
-0.008666
0.013002
-0.008666
0.013002
-0.012982
0.008696
-0.012982
0.008696
-0.015328
-0.003031
-0.015328
-0.003031
0.001549
0.015548
0.001549
0.015548
-0.009898
0.012090
-0.009898
0.012090
-0.013772
0.007381
-0.013772
0.007381
-0.014957
-0.004518
-0.014957
-0.004518
-0.014947
0.004553
-0.014947
0.004553
-0.013788
-0.007350
-0.013788
-0.007350
-0.009926
-0.012067
-0.009926
-0.012067
0.001514
-0.015551
0.001514
-0.015551
0.000785
0.015605
0.000785
0.015605
-0.010480
0.011589
-0.010480
0.011589
-0.014117
0.006697
-0.014117
0.006697
-0.014718
-0.005247
-0.014718
-0.005247
-0.015152
0.003814
-0.015152
0.003814
-0.013411
-0.008017
-0.013411
-0.008017
-0.009322
-0.012539
-0.009322
-0.012539
0.002275
-0.015458
0.002275
-0.015458
-0.015453
0.002310
-0.015453
0.002310
-0.012561
-0.009293
-0.012561
-0.009293
-0.008048
-0.013393
-0.008048
-0.013393
0.003779
-0.015161
0.003779
-0.015161
-0.005281
-0.014706
-0.005281
-0.014706
0.006664
-0.014132
0.006664
-0.014132
0.011565
-0.010506
0.011565
-0.010506
0.015607
0.000749
0.015607
0.000749
0.000401
0.015620
0.000401
0.015620
-0.010761
0.011329
-0.010761
0.011329
-0.014277
0.006348
-0.014277
0.006348
-0.014584
-0.005607
-0.014584
-0.005607
-0.015241
0.003441
-0.015241
0.003441
-0.013210
-0.008344
-0.013210
-0.008344
-0.009012
-0.012764
-0.009012
-0.012764
0.002654
-0.015398
0.002654
-0.015398
-0.015505
0.001931
-0.015505
0.001931
-0.012329
-0.009599
-0.012329
-0.009599
-0.007717
-0.013586
-0.007717
-0.013586
0.004150
-0.015064
0.004150
-0.015064
-0.004918
-0.014831
-0.004918
-0.014831
0.007009
-0.013965
0.007009
-0.013965
0.011820
-0.010219
0.011820
-0.010219
0.015584
0.001132
0.015584
0.001132
-0.015581
0.001167
-0.015581
0.001167
-0.011843
-0.010192
-0.011843
-0.010192
-0.007041
-0.013949
-0.007041
-0.013949
0.004884
-0.014842
0.004884
-0.014842
-0.004185
-0.015054
-0.004185
-0.015054
0.007686
-0.013604
0.007686
-0.013604
0.012307
-0.009627
0.012307
-0.009627
0.015510
0.001895
0.015510
0.001895
-0.002689
-0.015392
-0.002689
-0.015392
0.008982
-0.012785
0.008982
-0.012785
0.013191
-0.008375
0.013191
-0.008375
0.015249
0.003406
0.015249
0.003406
0.014572
-0.005640
0.014572
-0.005640
0.014292
0.006315
0.014292
0.006315
0.010787
0.011304
0.010787
0.011304
-0.000365
0.015621
-0.000365
0.015621
0.000210
0.015624
0.000210
0.015624
-0.010899
0.011196
-0.010899
0.011196
-0.014354
0.006173
-0.014354
0.006173
-0.014515
-0.005785
-0.014515
-0.005785
-0.015282
0.003254
-0.015282
0.003254
-0.013107
-0.008506
-0.013107
-0.008506
-0.008854
-0.012874
-0.008854
-0.012874
0.002842
-0.015364
0.002842
-0.015364
-0.015528
0.001740
-0.015528
0.001740
-0.012210
-0.009749
-0.012210
-0.009749
-0.007550
-0.013680
-0.007550
-0.013680
0.004335
-0.015012
0.004335
-0.015012
-0.004736
-0.014890
-0.004736
-0.014890
0.007180
-0.013878
0.007180
-0.013878
0.011944
-0.010074
0.011944
-0.010074
0.015569
0.001323
0.015569
0.001323
-0.015594
0.000976
-0.015594
0.000976
-0.011717
-0.010337
-0.011717
-0.010337
-0.006870
-0.014034
-0.006870
-0.014034
0.005066
-0.014781
0.005066
-0.014781
-0.004000
-0.015104
-0.004000
-0.015104
0.007852
-0.013509
0.007852
-0.013509
0.012424
-0.009475
0.012424
-0.009475
0.015485
0.002085
0.015485
0.002085
-0.002500
-0.015424
-0.002500
-0.015424
0.009138
-0.012674
0.009138
-0.012674
0.013293
-0.008212
0.013293
-0.008212
0.015206
0.003593
0.015206
0.003593
0.014640
-0.005461
0.014640
-0.005461
0.014213
0.006490
0.014213
0.006490
0.010648
0.011435
0.010648
0.011435
-0.000557
0.015615
-0.000557
0.015615
-0.015614
0.000593
-0.015614
0.000593
-0.011460
-0.010621
-0.011460
-0.010621
-0.006523
-0.014198
-0.006523
-0.014198
0.005427
-0.014652
0.005427
-0.014652
-0.003628
-0.015198
-0.003628
-0.015198
0.008181
-0.013312
0.008181
-0.013312
0.012653
-0.009168
0.012653
-0.009168
0.015429
0.002464
0.015429
0.002464
-0.002121
-0.015480
-0.002121
-0.015480
0.009447
-0.012446
0.009447
-0.012446
0.013490
-0.007883
0.013490
-0.007883
0.015114
0.003965
0.015114
0.003965
0.014769
-0.005100
0.014769
-0.005100
0.014050
0.006837
0.014050
0.006837
0.010364
0.011693
0.010364
0.011693
-0.000940
0.015597
-0.000940
0.015597
-0.001358
-0.015566
-0.001358
-0.015566
0.010046
-0.011967
0.010046
-0.011967
0.013861
-0.007212
0.013861
-0.007212
0.014901
0.004702
0.014901
0.004702
0.015002
-0.004369
0.015002
-0.004369
0.013697
0.007518
0.013697
0.007518
0.009777
0.012188
0.009777
0.012188
-0.001704
0.015532
-0.001704
0.015532
0.015358
-0.002878
0.015358
-0.002878
0.012894
0.008825
0.012894
0.008825
0.008536
0.013087
0.008536
0.013087
-0.003219
0.015290
-0.003219
0.015290
0.005819
0.014501
0.005819
0.014501
-0.006140
0.014368
-0.006140
0.014368
-0.011171
0.010925
-0.011171
0.010925
-0.015624
-0.000174
-0.015624
-0.000174
0.000114
0.015625
0.000114
0.015625
-0.010968
0.011129
-0.010968
0.011129
-0.014392
0.006084
-0.014392
0.006084
-0.014479
-0.005874
-0.014479
-0.005874
-0.015302
0.003160
-0.015302
0.003160
-0.013055
-0.008586
-0.013055
-0.008586
-0.008775
-0.012928
-0.008775
-0.012928
0.002937
-0.015347
0.002937
-0.015347
-0.015538
0.001645
-0.015538
0.001645
-0.012150
-0.009824
-0.012150
-0.009824
-0.007466
-0.013726
-0.007466
-0.013726
0.004427
-0.014985
0.004427
-0.014985
-0.004645
-0.014919
-0.004645
-0.014919
0.007265
-0.013833
0.007265
-0.013833
0.012006
-0.010000
0.012006
-0.010000
0.015560
0.001418
0.015560
0.001418
-0.015600
0.000880
-0.015600
0.000880
-0.011653
-0.010408
-0.011653
-0.010408
-0.006783
-0.014076
-0.006783
-0.014076
0.005157
-0.014750
0.005157
-0.014750
-0.003907
-0.015129
-0.003907
-0.015129
0.007935
-0.013460
0.007935
-0.013460
0.012482
-0.009399
0.012482
-0.009399
0.015472
0.002180
0.015472
0.002180
-0.002405
-0.015439
-0.002405
-0.015439
0.009216
-0.012618
0.009216
-0.012618
0.013343
-0.008130
0.013343
-0.008130
0.015184
0.003686
0.015184
0.003686
0.014673
-0.005371
0.014673
-0.005371
0.014173
0.006577
0.014173
0.006577
0.010577
0.011501
0.010577
0.011501
-0.000653
0.015611
-0.000653
0.015611
-0.015617
0.000497
-0.015617
0.000497
-0.011395
-0.010691
-0.011395
-0.010691
-0.006436
-0.014238
-0.006436
-0.014238
0.005517
-0.014619
0.005517
-0.014619
-0.003534
-0.015220
-0.003534
-0.015220
0.008263
-0.013261
0.008263
-0.013261
0.012709
-0.009090
0.012709
-0.009090
0.015414
0.002559
0.015414
0.002559
-0.002026
-0.015493
-0.002026
-0.015493
0.009523
-0.012388
0.009523
-0.012388
0.013539
-0.007800
0.013539
-0.007800
0.015089
0.004058
0.015089
0.004058
0.014800
-0.005009
0.014800
-0.005009
0.014007
0.006923
0.014007
0.006923
0.010292
0.011757
0.010292
0.011757
-0.001036
0.015591
-0.001036
0.015591
-0.001263
-0.015574
-0.001263
-0.015574
0.010119
-0.011905
0.010119
-0.011905
0.013905
-0.007127
0.013905
-0.007127
0.014872
0.004793
0.014872
0.004793
0.015028
-0.004277
0.015028
-0.004277
0.013651
0.007602
0.013651
0.007602
0.009702
0.012248
0.009702
0.012248
-0.001800
0.015521
-0.001800
0.015521
0.015375
-0.002783
0.015375
-0.002783
0.012840
0.008904
0.012840
0.008904
0.008455
0.013140
0.008455
0.013140
-0.003312
0.015270
-0.003312
0.015270
0.005729
0.014537
0.005729
0.014537
-0.006228
0.014330
-0.006228
0.014330
-0.011238
0.010856
-0.011238
0.010856
-0.015623
-0.000270
-0.015623
-0.000270
-0.015622
0.000306
-0.015622
0.000306
-0.011262
-0.010830
-0.011262
-0.010830
-0.006261
-0.014316
-0.006261
-0.014316
0.005696
-0.014550
0.005696
-0.014550
-0.003347
-0.015262
-0.003347
-0.015262
0.008425
-0.013159
0.008425
-0.013159
0.012819
-0.008933
0.012819
-0.008933
0.015381
0.002748
0.015381
0.002748
-0.001835
-0.015517
-0.001835
-0.015517
0.009674
-0.012270
0.009674
-0.012270
0.013633
-0.007634
0.013633
-0.007634
0.015038
0.004242
0.015038
0.004242
0.014861
-0.004827
0.014861
-0.004827
0.013921
0.007095
0.013921
0.007095
0.010147
0.011882
0.010147
0.011882
-0.001227
0.015577
-0.001227
0.015577
-0.001072
-0.015588
-0.001072
-0.015588
0.010265
-0.011780
0.010265
-0.011780
0.013991
-0.006955
0.013991
-0.006955
0.014812
0.004975
0.014812
0.004975
0.015080
-0.004092
0.015080
-0.004092
0.013557
0.007769
0.013557
0.007769
0.009551
0.012366
0.009551
0.012366
-0.001990
0.015498
-0.001990
0.015498
0.015408
-0.002594
0.015408
-0.002594
0.012730
0.009061
0.012730
0.009061
0.008293
0.013242
0.008293
0.013242
-0.003499
0.015228
-0.003499
0.015228
0.005551
0.014606
0.005551
0.014606
-0.006403
0.014253
-0.006403
0.014253
-0.011370
0.010717
-0.011370
0.010717
-0.015618
-0.000461
-0.015618
-0.000461
-0.000689
-0.015610
-0.000689
-0.015610
0.010551
-0.011525
0.010551
-0.011525
0.014158
-0.006610
0.014158
-0.006610
0.014685
0.005337
0.014685
0.005337
0.015175
-0.003721
0.015175
-0.003721
0.013362
0.008100
0.013362
0.008100
0.009245
0.012596
0.009245
0.012596
-0.002370
0.015444
-0.002370
0.015444
0.015467
-0.002216
0.015467
-0.002216
0.012504
0.009370
0.012504
0.009370
0.007966
0.013442
0.007966
0.013442
-0.003872
0.015138
-0.003872
0.015138
0.005190
0.014738
0.005190
0.014738
-0.006751
0.014091
-0.006751
0.014091
-0.011630
0.010435
-0.011630
0.010435
-0.015602
-0.000844
-0.015602
-0.000844
0.015557
-0.001454
0.015557
-0.001454
0.012029
0.009972
0.012029
0.009972
0.007297
0.013817
0.007297
0.013817
-0.004610
0.014929
-0.004610
0.014929
0.004461
0.014975
0.004461
0.014975
-0.007434
0.013743
-0.007434
0.013743
-0.012128
0.009852
-0.012128
0.009852
-0.015542
-0.001609
-0.015542
-0.001609
0.002972
0.015340
0.002972
0.015340
-0.008745
0.012948
-0.008745
0.012948
-0.013035
0.008616
-0.013035
0.008616
-0.015309
-0.003125
-0.015309
-0.003125
-0.014465
0.005907
-0.014465
0.005907
-0.014406
-0.006051
-0.014406
-0.006051
-0.010993
-0.011103
-0.010993
-0.011103
0.000078
-0.015625
0.000078
-0.015625
0.000066
0.015625
0.000066
0.015625
-0.011002
0.011095
-0.011002
0.011095
-0.014410
0.006040
-0.014410
0.006040
-0.014461
-0.005918
-0.014461
-0.005918
-0.015312
0.003113
-0.015312
0.003113
-0.013028
-0.008626
-0.013028
-0.008626
-0.008736
-0.012955
-0.008736
-0.012955
0.002984
-0.015337
0.002984
-0.015337
-0.015543
0.001597
-0.015543
0.001597
-0.012120
-0.009861
-0.012120
-0.009861
-0.007424
-0.013749
-0.007424
-0.013749
0.004473
-0.014971
0.004473
-0.014971
-0.004599
-0.014933
-0.004599
-0.014933
0.007307
-0.013811
0.007307
-0.013811
0.012036
-0.009963
0.012036
-0.009963
0.015556
0.001466
0.015556
0.001466
-0.015603
0.000833
-0.015603
0.000833
-0.011622
-0.010444
-0.011622
-0.010444
-0.006740
-0.014096
-0.006740
-0.014096
0.005202
-0.014734
0.005202
-0.014734
-0.003860
-0.015141
-0.003860
-0.015141
0.007976
-0.013436
0.007976
-0.013436
0.012511
-0.009361
0.012511
-0.009361
0.015465
0.002227
0.015465
0.002227
-0.002358
-0.015446
-0.002358
-0.015446
0.009255
-0.012589
0.009255
-0.012589
0.013368
-0.008089
0.013368
-0.008089
0.015173
0.003733
0.015173
0.003733
0.014689
-0.005326
0.014689
-0.005326
0.014153
0.006621
0.014153
0.006621
0.010542
0.011533
0.010542
0.011533
-0.000701
0.015609
-0.000701
0.015609
-0.015619
0.000449
-0.015619
0.000449
-0.011362
-0.010726
-0.011362
-0.010726
-0.006392
-0.014258
-0.006392
-0.014258
0.005562
-0.014602
0.005562
-0.014602
-0.003488
-0.015231
-0.003488
-0.015231
0.008304
-0.013236
0.008304
-0.013236
0.012737
-0.009051
0.012737
-0.009051
0.015406
0.002606
0.015406
0.002606
-0.001978
-0.015499
-0.001978
-0.015499
0.009561
-0.012358
0.009561
-0.012358
0.013562
-0.007759
0.013562
-0.007759
0.015076
0.004104
0.015076
0.004104
0.014816
-0.004964
0.014816
-0.004964
0.013986
0.006966
0.013986
0.006966
0.010256
0.011788
0.010256
0.011788
-0.001084
0.015587
-0.001084
0.015587
-0.001215
-0.015578
-0.001215
-0.015578
0.010156
-0.011874
0.010156
-0.011874
0.013927
-0.007084
0.013927
-0.007084
0.014857
0.004839
0.014857
0.004839
0.015041
-0.004231
0.015041
-0.004231
0.013627
0.007644
0.013627
0.007644
0.009665
0.012277
0.009665
0.012277
-0.001847
0.015515
-0.001847
0.015515
0.015384
-0.002736
0.015384
-0.002736
0.012813
0.008943
0.012813
0.008943
0.008415
0.013165
0.008415
0.013165
-0.003359
0.015260
-0.003359
0.015260
0.005685
0.014554
0.005685
0.014554
-0.006272
0.014311
-0.006272
0.014311
-0.011271
0.010822
-0.011271
0.010822
-0.015622
-0.000318
-0.015622
-0.000318
-0.015623
0.000258
-0.015623
0.000258
-0.011229
-0.010865
-0.011229
-0.010865
-0.006217
-0.014335
-0.006217
-0.014335
0.005741
-0.014532
0.005741
-0.014532
-0.003301
-0.015272
-0.003301
-0.015272
0.008465
-0.013133
0.008465
-0.013133
0.012847
-0.008894
0.012847
-0.008894
0.015373
0.002795
0.015373
0.002795
-0.001788
-0.015522
-0.001788
-0.015522
0.009712
-0.012240
0.009712
-0.012240
0.013657
-0.007592
0.013657
-0.007592
0.015025
0.004289
0.015025
0.004289
0.014875
-0.004782
0.014875
-0.004782
0.013900
0.007137
0.013900
0.007137
0.010110
0.011913
0.010110
0.011913
-0.001275
0.015573
-0.001275
0.015573
-0.001024
-0.015591
-0.001024
-0.015591
0.010301
-0.011749
0.010301
-0.011749
0.014013
-0.006913
0.014013
-0.006913
0.014796
0.005021
0.014796
0.005021
0.015092
-0.004046
0.015092
-0.004046
0.013533
0.007811
0.013533
0.007811
0.009513
0.012395
0.009513
0.012395
-0.002037
0.015492
-0.002037
0.015492
0.015416
-0.002547
0.015416
-0.002547
0.012702
0.009100
0.012702
0.009100
0.008253
0.013268
0.008253
0.013268
-0.003546
0.015217
-0.003546
0.015217
0.005506
0.014623
0.005506
0.014623
-0.006447
0.014233
-0.006447
0.014233
-0.011403
0.010683
-0.011403
0.010683
-0.015617
-0.000509
-0.015617
-0.000509
-0.000641
-0.015612
-0.000641
-0.015612
0.010586
-0.011492
0.010586
-0.011492
0.014178
-0.006567
0.014178
-0.006567
0.014669
0.005382
0.014669
0.005382
0.015187
-0.003674
0.015187
-0.003674
0.013337
0.008141
0.013337
0.008141
0.009206
0.012625
0.009206
0.012625
-0.002417
0.015437
-0.002417
0.015437
0.015474
-0.002168
0.015474
-0.002168
0.012475
0.009409
0.012475
0.009409
0.007925
0.013466
0.007925
0.013466
-0.003918
0.015126
-0.003918
0.015126
0.005145
0.014754
0.005145
0.014754
-0.006794
0.014071
-0.006794
0.014071
-0.011661
0.010400
-0.011661
0.010400
-0.015599
-0.000892
-0.015599
-0.000892
0.015562
-0.001406
0.015562
-0.001406
0.011998
0.010009
0.011998
0.010009
0.007254
0.013839
0.007254
0.013839
-0.004656
0.014915
-0.004656
0.014915
0.004415
0.014988
0.004415
0.014988
-0.007476
0.013720
-0.007476
0.013720
-0.012158
0.009815
-0.012158
0.009815
-0.015537
-0.001657
-0.015537
-0.001657
0.002925
0.015349
0.002925
0.015349
-0.008785
0.012921
-0.008785
0.012921
-0.013061
0.008576
-0.013061
0.008576
-0.015300
-0.003172
-0.015300
-0.003172
-0.014483
0.005863
-0.014483
0.005863
-0.014387
-0.006095
-0.014387
-0.006095
-0.010959
-0.011137
-0.010959
-0.011137
0.000126
-0.015624
0.000126
-0.015624
-0.015624
0.000162
-0.015624
0.000162
-0.011162
-0.010934
-0.011162
-0.010934
-0.006129
-0.014373
-0.006129
-0.014373
0.005830
-0.014497
0.005830
-0.014497
-0.003207
-0.015292
-0.003207
-0.015292
0.008546
-0.013081
0.008546
-0.013081
0.012901
-0.008815
0.012901
-0.008815
0.015355
0.002889
0.015355
0.002889
-0.001692
-0.015533
-0.001692
-0.015533
0.009787
-0.012180
0.009787
-0.012180
0.013703
-0.007508
0.013703
-0.007508
0.014998
0.004381
0.014998
0.004381
0.014904
-0.004690
0.014904
-0.004690
0.013856
0.007222
0.013856
0.007222
0.010037
0.011975
0.010037
0.011975
-0.001370
0.015565
-0.001370
0.015565
-0.000928
-0.015597
-0.000928
-0.015597
0.010373
-0.011685
0.010373
-0.011685
0.014055
-0.006826
0.014055
-0.006826
0.014765
0.005111
0.014765
0.005111
0.015117
-0.003953
0.015117
-0.003953
0.013484
0.007894
0.013484
0.007894
0.009437
0.012453
0.009437
0.012453
-0.002132
0.015479
-0.002132
0.015479
0.015431
-0.002453
0.015431
-0.002453
0.012646
0.009177
0.012646
0.009177
0.008171
0.013318
0.008171
0.013318
-0.003639
0.015195
-0.003639
0.015195
0.005416
0.014656
0.005416
0.014656
-0.006534
0.014193
-0.006534
0.014193
-0.011468
0.010612
-0.011468
0.010612
-0.015613
-0.000605
-0.015613
-0.000605
-0.000545
-0.015615
-0.000545
-0.015615
0.010656
-0.011427
0.010656
-0.011427
0.014218
-0.006479
0.014218
-0.006479
0.014635
0.005472
0.014635
0.005472
0.015209
-0.003581
0.015209
-0.003581
0.013287
0.008222
0.013287
0.008222
0.009129
0.012681
0.009129
0.012681
-0.002512
0.015422
-0.002512
0.015422
0.015487
-0.002073
0.015487
-0.002073
0.012417
0.009485
0.012417
0.009485
0.007842
0.013515
0.007842
0.013515
-0.004011
0.015101
-0.004011
0.015101
0.005055
0.014785
0.005055
0.014785
-0.006880
0.014029
-0.006880
0.014029
-0.011725
0.010328
-0.011725
0.010328
-0.015594
-0.000988
-0.015594
-0.000988
0.015570
-0.001311
0.015570
-0.001311
0.011936
0.010083
0.011936
0.010083
0.007169
0.013883
0.007169
0.013883
-0.004747
0.014886
-0.004747
0.014886
0.004323
0.015015
0.004323
0.015015
-0.007560
0.013674
-0.007560
0.013674
-0.012218
0.009740
-0.012218
0.009740
-0.015526
-0.001752
-0.015526
-0.001752
0.002831
0.015366
0.002831
0.015366
-0.008864
0.012867
-0.008864
0.012867
-0.013114
0.008496
-0.013114
0.008496
-0.015280
-0.003265
-0.015280
-0.003265
-0.014519
0.005774
-0.014519
0.005774
-0.014349
-0.006184
-0.014349
-0.006184
-0.010891
-0.011204
-0.010891
-0.011204
0.000222
-0.015623
0.000222
-0.015623
-0.000354
-0.015621
-0.000354
-0.015621
0.010796
-0.011296
0.010796
-0.011296
0.014297
-0.006304
0.014297
-0.006304
0.014567
0.005651
0.014567
0.005651
0.015252
-0.003394
0.015252
-0.003394
0.013185
0.008385
0.013185
0.008385
0.008972
0.012792
0.008972
0.012792
-0.002701
0.015390
-0.002701
0.015390
0.015511
-0.001883
0.015511
-0.001883
0.012299
0.009637
0.012299
0.009637
0.007675
0.013610
0.007675
0.013610
-0.004196
0.015051
-0.004196
0.015051
0.004873
0.014846
0.004873
0.014846
-0.007052
0.013943
-0.007052
0.013943
-0.011851
0.010183
-0.011851
0.010183
-0.015580
-0.001179
-0.015580
-0.001179
0.015585
-0.001120
0.015585
-0.001120
0.011812
0.010228
0.011812
0.010228
0.006998
0.013970
0.006998
0.013970
-0.004930
0.014827
-0.004930
0.014827
0.004138
0.015067
0.004138
0.015067
-0.007728
0.013580
-0.007728
0.013580
-0.012336
0.009589
-0.012336
0.009589
-0.015504
-0.001942
-0.015504
-0.001942
0.002642
0.015400
0.002642
0.015400
-0.009021
0.012757
-0.009021
0.012757
-0.013217
0.008334
-0.013217
0.008334
-0.015239
-0.003453
-0.015239
-0.003453
-0.014589
0.005595
-0.014589
0.005595
-0.014272
-0.006359
-0.014272
-0.006359
-0.010752
-0.011337
-0.010752
-0.011337
0.000413
-0.015619
0.000413
-0.015619
0.015608
-0.000737
0.015608
-0.000737
0.011557
0.010515
0.011557
0.010515
0.006653
0.014138
0.006653
0.014138
-0.005292
0.014701
-0.005292
0.014701
0.003767
0.015164
0.003767
0.015164
-0.008059
0.013387
-0.008059
0.013387
-0.012568
0.009284
-0.012568
0.009284
-0.015451
-0.002322
-0.015451
-0.002322
0.002263
0.015460
0.002263
0.015460
-0.009332
0.012532
-0.009332
0.012532
-0.013417
0.008007
-0.013417
0.008007
-0.015149
-0.003826
-0.015149
-0.003826
-0.014722
0.005236
-0.014722
0.005236
-0.014112
-0.006708
-0.014112
-0.006708
-0.010471
-0.011597
-0.010471
-0.011597
0.000797
-0.015605
0.000797
-0.015605
0.001502
0.015553
0.001502
0.015553
-0.009936
0.012059
-0.009936
0.012059
-0.013794
0.007339
-0.013794
0.007339
-0.014943
-0.004564
-0.014943
-0.004564
-0.014961
0.004507
-0.014961
0.004507
-0.013766
-0.007392
-0.013766
-0.007392
-0.009889
-0.012097
-0.009889
-0.012097
0.001561
-0.015547
0.001561
-0.015547
-0.015331
0.003019
-0.015331
0.003019
-0.012975
-0.008706
-0.012975
-0.008706
-0.008656
-0.013008
-0.008656
-0.013008
0.003078
-0.015319
0.003078
-0.015319
-0.005952
-0.014447
-0.005952
-0.014447
0.006007
-0.014424
0.006007
-0.014424
0.011070
-0.011027
0.011070
-0.011027
0.015625
0.000030
0.015625
0.000030
0.000042
0.015625
0.000042
0.015625
-0.011019
0.011078
-0.011019
0.011078
-0.014419
0.006018
-0.014419
0.006018
-0.014452
-0.005941
-0.014452
-0.005941
-0.015317
0.003089
-0.015317
0.003089
-0.013015
-0.008646
-0.013015
-0.008646
-0.008716
-0.012968
-0.008716
-0.012968
0.003007
-0.015333
0.003007
-0.015333
-0.015546
0.001573
-0.015546
0.001573
-0.012105
-0.009880
-0.012105
-0.009880
-0.007403
-0.013760
-0.007403
-0.013760
0.004496
-0.014964
0.004496
-0.014964
-0.004576
-0.014940
-0.004576
-0.014940
0.007329
-0.013800
0.007329
-0.013800
0.012052
-0.009945
0.012052
-0.009945
0.015554
0.001490
0.015554
0.001490
-0.015604
0.000809
-0.015604
0.000809
-0.011605
-0.010462
-0.011605
-0.010462
-0.006718
-0.014107
-0.006718
-0.014107
0.005224
-0.014726
0.005224
-0.014726
-0.003837
-0.015146
-0.003837
-0.015146
0.007997
-0.013424
0.007997
-0.013424
0.012525
-0.009341
0.012525
-0.009341
0.015462
0.002251
0.015462
0.002251
-0.002334
-0.015450
-0.002334
-0.015450
0.009274
-0.012575
0.009274
-0.012575
0.013380
-0.008069
0.013380
-0.008069
0.015167
0.003756
0.015167
0.003756
0.014697
-0.005303
0.014697
-0.005303
0.014143
0.006643
0.014143
0.006643
0.010524
0.011549
0.010524
0.011549
-0.000725
0.015608
-0.000725
0.015608
-0.015619
0.000425
-0.015619
0.000425
-0.011345
-0.010744
-0.011345
-0.010744
-0.006370
-0.014267
-0.006370
-0.014267
0.005584
-0.014593
0.005584
-0.014593
-0.003464
-0.015236
-0.003464
-0.015236
0.008324
-0.013223
0.008324
-0.013223
0.012751
-0.009031
0.012751
-0.009031
0.015402
0.002630
0.015402
0.002630
-0.001954
-0.015502
-0.001954
-0.015502
0.009580
-0.012344
0.009580
-0.012344
0.013574
-0.007738
0.013574
-0.007738
0.015070
0.004127
0.015070
0.004127
0.014823
-0.004941
0.014823
-0.004941
0.013975
0.006988
0.013975
0.006988
0.010238
0.011804
0.010238
0.011804
-0.001108
0.015586
-0.001108
0.015586
-0.001191
-0.015579
-0.001191
-0.015579
0.010174
-0.011859
0.010174
-0.011859
0.013938
-0.007063
0.013938
-0.007063
0.014849
0.004861
0.014849
0.004861
0.015048
-0.004208
0.015048
-0.004208
0.013616
0.007665
0.013616
0.007665
0.009646
0.012292
0.009646
0.012292
-0.001871
0.015513
-0.001871
0.015513
0.015388
-0.002713
0.015388
-0.002713
0.012799
0.008963
0.012799
0.008963
0.008395
0.013178
0.008395
0.013178
-0.003383
0.015254
-0.003383
0.015254
0.005662
0.014563
0.005662
0.014563
-0.006294
0.014301
-0.006294
0.014301
-0.011287
0.010804
-0.011287
0.010804
-0.015621
-0.000342
-0.015621
-0.000342
-0.015623
0.000234
-0.015623
0.000234
-0.011213
-0.010882
-0.011213
-0.010882
-0.006195
-0.014345
-0.006195
-0.014345
0.005763
-0.014523
0.005763
-0.014523
-0.003277
-0.015277
-0.003277
-0.015277
0.008485
-0.013120
0.008485
-0.013120
0.012860
-0.008874
0.012860
-0.008874
0.015369
0.002819
0.015369
0.002819
-0.001764
-0.015525
-0.001764
-0.015525
0.009731
-0.012225
0.009731
-0.012225
0.013668
-0.007571
0.013668
-0.007571
0.015018
0.004312
0.015018
0.004312
0.014883
-0.004759
0.014883
-0.004759
0.013889
0.007159
0.013889
0.007159
0.010092
0.011929
0.010092
0.011929
-0.001299
0.015571
-0.001299
0.015571
-0.001000
-0.015593
-0.001000
-0.015593
0.010319
-0.011733
0.010319
-0.011733
0.014023
-0.006891
0.014023
-0.006891
0.014789
0.005043
0.014789
0.005043
0.015098
-0.004023
0.015098
-0.004023
0.013521
0.007831
0.013521
0.007831
0.009494
0.012409
0.009494
0.012409
-0.002061
0.015488
-0.002061
0.015488
0.015420
-0.002524
0.015420
-0.002524
0.012688
0.009119
0.012688
0.009119
0.008232
0.013280
0.008232
0.013280
-0.003569
0.015212
-0.003569
0.015212
0.005483
0.014631
0.005483
0.014631
-0.006469
0.014223
-0.006469
0.014223
-0.011419
0.010665
-0.011419
0.010665
-0.015616
-0.000533
-0.015616
-0.000533
-0.000617
-0.015613
-0.000617
-0.015613
0.010604
-0.011476
0.010604
-0.011476
0.014188
-0.006545
0.014188
-0.006545
0.014660
0.005405
0.014660
0.005405
0.015192
-0.003651
0.015192
-0.003651
0.013324
0.008161
0.013324
0.008161
0.009187
0.012639
0.009187
0.012639
-0.002441
0.015433
-0.002441
0.015433
0.015477
-0.002144
0.015477
-0.002144
0.012460
0.009428
0.012460
0.009428
0.007904
0.013478
0.007904
0.013478
-0.003942
0.015120
-0.003942
0.015120
0.005123
0.014761
0.005123
0.014761
-0.006816
0.014060
-0.006816
0.014060
-0.011677
0.010382
-0.011677
0.010382
-0.015598
-0.000916
-0.015598
-0.000916
0.015564
-0.001382
0.015564
-0.001382
0.011983
0.010028
0.011983
0.010028
0.007233
0.013850
0.007233
0.013850
-0.004679
0.014908
-0.004679
0.014908
0.004392
0.014995
0.004392
0.014995
-0.007497
0.013709
-0.007497
0.013709
-0.012173
0.009796
-0.012173
0.009796
-0.015534
-0.001681
-0.015534
-0.001681
0.002901
0.015353
0.002901
0.015353
-0.008805
0.012908
-0.008805
0.012908
-0.013074
0.008556
-0.013074
0.008556
-0.015295
-0.003195
-0.015295
-0.003195
-0.014492
0.005841
-0.014492
0.005841
-0.014378
-0.006118
-0.014378
-0.006118
-0.010942
-0.011154
-0.010942
-0.011154
0.000150
-0.015624
0.000150
-0.015624
-0.015624
0.000138
-0.015624
0.000138
-0.011146
-0.010951
-0.011146
-0.010951
-0.006107
-0.014382
-0.006107
-0.014382
0.005852
-0.014488
0.005852
-0.014488
-0.003183
-0.015297
-0.003183
-0.015297
0.008566
-0.013068
0.008566
-0.013068
0.012915
-0.008795
0.012915
-0.008795
0.015351
0.002913
0.015351
0.002913
-0.001669
-0.015536
-0.001669
-0.015536
0.009805
-0.012165
0.009805
-0.012165
0.013714
-0.007487
0.013714
-0.007487
0.014992
0.004404
0.014992
0.004404
0.014912
-0.004667
0.014912
-0.004667
0.013844
0.007244
0.013844
0.007244
0.010019
0.011990
0.010019
0.011990
-0.001394
0.015563
-0.001394
0.015563
-0.000904
-0.015599
-0.000904
-0.015599
0.010391
-0.011669
0.010391
-0.011669
0.014065
-0.006805
0.014065
-0.006805
0.014757
0.005134
0.014757
0.005134
0.015123
-0.003930
0.015123
-0.003930
0.013472
0.007914
0.013472
0.007914
0.009418
0.012467
0.009418
0.012467
-0.002156
0.015475
-0.002156
0.015475
0.015435
-0.002429
0.015435
-0.002429
0.012632
0.009197
0.012632
0.009197
0.008151
0.013331
0.008151
0.013331
-0.003663
0.015190
-0.003663
0.015190
0.005393
0.014665
0.005393
0.014665
-0.006556
0.014183
-0.006556
0.014183
-0.011484
0.010595
-0.011484
0.010595
-0.015612
-0.000629
-0.015612
-0.000629
-0.000521
-0.015616
-0.000521
-0.015616
0.010674
-0.011411
0.010674
-0.011411
0.014228
-0.006458
0.014228
-0.006458
0.014627
0.005495
0.014627
0.005495
0.015215
-0.003558
0.015215
-0.003558
0.013274
0.008243
0.013274
0.008243
0.009109
0.012695
0.009109
0.012695
-0.002535
0.015418
-0.002535
0.015418
0.015490
-0.002049
0.015490
-0.002049
0.012402
0.009504
0.012402
0.009504
0.007821
0.013527
0.007821
0.013527
-0.004034
0.015095
-0.004034
0.015095
0.005032
0.014793
0.005032
0.014793
-0.006902
0.014018
-0.006902
0.014018
-0.011741
0.010310
-0.011741
0.010310
-0.015592
-0.001012
-0.015592
-0.001012
0.015572
-0.001287
0.015572
-0.001287
0.011921
0.010101
0.011921
0.010101
0.007148
0.013894
0.007148
0.013894
-0.004770
0.014879
-0.004770
0.014879
0.004300
0.015022
0.004300
0.015022
-0.007581
0.013662
-0.007581
0.013662
-0.012233
0.009721
-0.012233
0.009721
-0.015524
-0.001776
-0.015524
-0.001776
0.002807
0.015371
0.002807
0.015371
-0.008884
0.012854
-0.008884
0.012854
-0.013127
0.008475
-0.013127
0.008475
-0.015275
-0.003289
-0.015275
-0.003289
-0.014528
0.005752
-0.014528
0.005752
-0.014340
-0.006206
-0.014340
-0.006206
-0.010873
-0.011221
-0.010873
-0.011221
0.000246
-0.015623
0.000246
-0.015623
-0.000330
-0.015621
-0.000330
-0.015621
0.010813
-0.011279
0.010813
-0.011279
0.014306
-0.006283
0.014306
-0.006283
0.014558
0.005674
0.014558
0.005674
0.015257
-0.003371
0.015257
-0.003371
0.013172
0.008405
0.013172
0.008405
0.008953
0.012806
0.008953
0.012806
-0.002724
0.015386
-0.002724
0.015386
0.015514
-0.001859
0.015514
-0.001859
0.012285
0.009655
0.012285
0.009655
0.007655
0.013622
0.007655
0.013622
-0.004219
0.015044
-0.004219
0.015044
0.004850
0.014853
0.004850
0.014853
-0.007073
0.013932
-0.007073
0.013932
-0.011867
0.010165
-0.011867
0.010165
-0.015579
-0.001203
-0.015579
-0.001203
0.015587
-0.001096
0.015587
-0.001096
0.011796
0.010247
0.011796
0.010247
0.006977
0.013981
0.006977
0.013981
-0.004952
0.014819
-0.004952
0.014819
0.004115
0.015073
0.004115
0.015073
-0.007748
0.013568
-0.007748
0.013568
-0.012351
0.009570
-0.012351
0.009570
-0.015501
-0.001966
-0.015501
-0.001966
0.002618
0.015404
0.002618
0.015404
-0.009041
0.012744
-0.009041
0.012744
-0.013230
0.008314
-0.013230
0.008314
-0.015233
-0.003476
-0.015233
-0.003476
-0.014597
0.005573
-0.014597
0.005573
-0.014263
-0.006381
-0.014263
-0.006381
-0.010735
-0.011353
-0.010735
-0.011353
0.000437
-0.015619
0.000437
-0.015619
0.015609
-0.000713
0.015609
-0.000713
0.011541
0.010533
0.011541
0.010533
0.006632
0.014148
0.006632
0.014148
-0.005315
0.014693
-0.005315
0.014693
0.003744
0.015170
0.003744
0.015170
-0.008079
0.013374
-0.008079
0.013374
-0.012582
0.009264
-0.012582
0.009264
-0.015448
-0.002346
-0.015448
-0.002346
0.002239
0.015464
0.002239
0.015464
-0.009351
0.012518
-0.009351
0.012518
-0.013430
0.007987
-0.013430
0.007987
-0.015144
-0.003849
-0.015144
-0.003849
-0.014730
0.005213
-0.014730
0.005213
-0.014102
-0.006729
-0.014102
-0.006729
-0.010453
-0.011613
-0.010453
-0.011613
0.000821
-0.015603
0.000821
-0.015603
0.001478
0.015555
0.001478
0.015555
-0.009954
0.012044
-0.009954
0.012044
-0.013805
0.007318
-0.013805
0.007318
-0.014936
-0.004587
-0.014936
-0.004587
-0.014968
0.004484
-0.014968
0.004484
-0.013754
-0.007413
-0.013754
-0.007413
-0.009871
-0.012112
-0.009871
-0.012112
0.001585
-0.015544
0.001585
-0.015544
-0.015335
0.002995
-0.015335
0.002995
-0.012962
-0.008726
-0.012962
-0.008726
-0.008636
-0.013022
-0.008636
-0.013022
0.003101
-0.015314
0.003101
-0.015314
-0.005930
-0.014456
-0.005930
-0.014456
0.006029
-0.014415
0.006029
-0.014415
0.011087
-0.011010
0.011087
-0.011010
0.015625
0.000054
0.015625
0.000054
-0.015625
0.000090
-0.015625
0.000090
-0.011112
-0.010985
-0.011112
-0.010985
-0.006062
-0.014401
-0.006062
-0.014401
0.005896
-0.014470
0.005896
-0.014470
-0.003136
-0.015307
-0.003136
-0.015307
0.008606
-0.013041
0.008606
-0.013041
0.012942
-0.008755
0.012942
-0.008755
0.015342
0.002960
0.015342
0.002960
-0.001621
-0.015541
-0.001621
-0.015541
0.009843
-0.012135
0.009843
-0.012135
0.013737
-0.007445
0.013737
-0.007445
0.014978
0.004450
0.014978
0.004450
0.014926
-0.004622
0.014926
-0.004622
0.013822
0.007286
0.013822
0.007286
0.009982
0.012021
0.009982
0.012021
-0.001442
0.015558
-0.001442
0.015558
-0.000856
-0.015601
-0.000856
-0.015601
0.010426
-0.011638
0.010426
-0.011638
0.014086
-0.006762
0.014086
-0.006762
0.014742
0.005179
0.014742
0.005179
0.015135
-0.003884
0.015135
-0.003884
0.013448
0.007956
0.013448
0.007956
0.009380
0.012496
0.009380
0.012496
-0.002204
0.015469
-0.002204
0.015469
0.015442
-0.002382
0.015442
-0.002382
0.012603
0.009235
0.012603
0.009235
0.008110
0.013356
0.008110
0.013356
-0.003709
0.015178
-0.003709
0.015178
0.005348
0.014681
0.005348
0.014681
-0.006599
0.014163
-0.006599
0.014163
-0.011517
0.010560
-0.011517
0.010560
-0.015610
-0.000677
-0.015610
-0.000677
-0.000473
-0.015618
-0.000473
-0.015618
0.010709
-0.011378
0.010709
-0.011378
0.014248
-0.006414
0.014248
-0.006414
0.014610
0.005539
0.014610
0.005539
0.015225
-0.003511
0.015225
-0.003511
0.013249
0.008283
0.013249
0.008283
0.009070
0.012723
0.009070
0.012723
-0.002583
0.015410
-0.002583
0.015410
0.015496
-0.002002
0.015496
-0.002002
0.012373
0.009542
0.012373
0.009542
0.007780
0.013551
0.007780
0.013551
-0.004081
0.015083
-0.004081
0.015083
0.004987
0.014808
0.004987
0.014808
-0.006945
0.013997
-0.006945
0.013997
-0.011772
0.010274
-0.011772
0.010274
-0.015589
-0.001060
-0.015589
-0.001060
0.015576
-0.001239
0.015576
-0.001239
0.011890
0.010138
0.011890
0.010138
0.007105
0.013916
0.007105
0.013916
-0.004816
0.014864
-0.004816
0.014864
0.004254
0.015035
0.004254
0.015035
-0.007623
0.013639
-0.007623
0.013639
-0.012262
0.009684
-0.012262
0.009684
-0.015518
-0.001823
-0.015518
-0.001823
0.002760
0.015379
0.002760
0.015379
-0.008923
0.012826
-0.008923
0.012826
-0.013153
0.008435
-0.013153
0.008435
-0.015265
-0.003336
-0.015265
-0.003336
-0.014545
0.005707
-0.014545
0.005707
-0.014321
-0.006250
-0.014321
-0.006250
-0.010839
-0.011254
-0.010839
-0.011254
0.000294
-0.015622
0.000294
-0.015622
-0.000282
-0.015622
-0.000282
-0.015622
0.010848
-0.011246
0.010848
-0.011246
0.014325
-0.006239
0.014325
-0.006239
0.014541
0.005718
0.014541
0.005718
0.015267
-0.003324
0.015267
-0.003324
0.013146
0.008445
0.013146
0.008445
0.008914
0.012833
0.008914
0.012833
-0.002772
0.015377
-0.002772
0.015377
0.015520
-0.001812
0.015520
-0.001812
0.012255
0.009693
0.012255
0.009693
0.007613
0.013645
0.007613
0.013645
-0.004265
0.015031
-0.004265
0.015031
0.004804
0.014868
0.004804
0.014868
-0.007116
0.013910
-0.007116
0.013910
-0.011898
0.010128
-0.011898
0.010128
-0.015575
-0.001251
-0.015575
-0.001251
0.015590
-0.001048
0.015590
-0.001048
0.011765
0.010283
0.011765
0.010283
0.006934
0.014002
0.006934
0.014002
-0.004998
0.014804
-0.004998
0.014804
0.004069
0.015086
0.004069
0.015086
-0.007790
0.013545
-0.007790
0.013545
-0.012380
0.009532
-0.012380
0.009532
-0.015495
-0.002014
-0.015495
-0.002014
0.002571
0.015412
0.002571
0.015412
-0.009080
0.012716
-0.009080
0.012716
-0.013255
0.008273
-0.013255
0.008273
-0.015223
-0.003523
-0.015223
-0.003523
-0.014614
0.005528
-0.014614
0.005528
-0.014243
-0.006425
-0.014243
-0.006425
-0.010700
-0.011386
-0.010700
-0.011386
0.000485
-0.015617
0.000485
-0.015617
0.015611
-0.000665
0.015611
-0.000665
0.011509
0.010568
0.011509
0.010568
0.006588
0.014168
0.006588
0.014168
-0.005360
0.014677
-0.005360
0.014677
0.003698
0.015181
0.003698
0.015181
-0.008120
0.013349
-0.008120
0.013349
-0.012611
0.009226
-0.012611
0.009226
-0.015441
-0.002393
-0.015441
-0.002393
0.002192
0.015470
0.002192
0.015470
-0.009389
0.012489
-0.009389
0.012489
-0.013454
0.007945
-0.013454
0.007945
-0.015132
-0.003895
-0.015132
-0.003895
-0.014746
0.005168
-0.014746
0.005168
-0.014081
-0.006772
-0.014081
-0.006772
-0.010417
-0.011646
-0.010417
-0.011646
0.000868
-0.015601
0.000868
-0.015601
0.001430
0.015559
0.001430
0.015559
-0.009991
0.012013
-0.009991
0.012013
-0.013828
0.007276
-0.013828
0.007276
-0.014922
-0.004633
-0.014922
-0.004633
-0.014981
0.004438
-0.014981
0.004438
-0.013732
-0.007455
-0.013732
-0.007455
-0.009833
-0.012143
-0.009833
-0.012143
0.001633
-0.015539
0.001633
-0.015539
-0.015344
0.002948
-0.015344
0.002948
-0.012935
-0.008765
-0.012935
-0.008765
-0.008596
-0.013048
-0.008596
-0.013048
0.003148
-0.015305
0.003148
-0.015305
-0.005885
-0.014474
-0.005885
-0.014474
0.006073
-0.014396
0.006073
-0.014396
0.011120
-0.010976
0.011120
-0.010976
0.015625
0.000102
0.015625
0.000102
-0.000186
-0.015624
-0.000186
-0.015624
0.010916
-0.011179
0.010916
-0.011179
0.014363
-0.006151
0.014363
-0.006151
0.014506
0.005807
0.014506
0.005807
0.015287
-0.003230
0.015287
-0.003230
0.013094
0.008526
0.013094
0.008526
0.008835
0.012888
0.008835
0.012888
-0.002866
0.015360
-0.002866
0.015360
0.015530
-0.001716
0.015530
-0.001716
0.012195
0.009768
0.012195
0.009768
0.007529
0.013691
0.007529
0.013691
-0.004358
0.015005
-0.004358
0.015005
0.004713
0.014897
0.004713
0.014897
-0.007201
0.013867
-0.007201
0.013867
-0.011960
0.010055
-0.011960
0.010055
-0.015567
-0.001347
-0.015567
-0.001347
0.015596
-0.000952
0.015596
-0.000952
0.011701
0.010355
0.011701
0.010355
0.006848
0.014044
0.006848
0.014044
-0.005089
0.014773
-0.005089
0.014773
0.003976
0.015111
0.003976
0.015111
-0.007873
0.013497
-0.007873
0.013497
-0.012439
0.009456
-0.012439
0.009456
-0.015482
-0.002109
-0.015482
-0.002109
0.002476
0.015428
0.002476
0.015428
-0.009158
0.012660
-0.009158
0.012660
-0.013306
0.008192
-0.013306
0.008192
-0.015201
-0.003616
-0.015201
-0.003616
-0.014648
0.005438
-0.014648
0.005438
-0.014203
-0.006512
-0.014203
-0.006512
-0.010630
-0.011452
-0.010630
-0.011452
0.000581
-0.015614
0.000581
-0.015614
0.015615
-0.000569
0.015615
-0.000569
0.011444
0.010639
0.011444
0.010639
0.006501
0.014208
0.006501
0.014208
-0.005450
0.014644
-0.005450
0.014644
0.003604
0.015204
0.003604
0.015204
-0.008202
0.013299
-0.008202
0.013299
-0.012667
0.009148
-0.012667
0.009148
-0.015426
-0.002488
-0.015426
-0.002488
0.002097
0.015484
0.002097
0.015484
-0.009466
0.012431
-0.009466
0.012431
-0.013503
0.007863
-0.013503
0.007863
-0.015107
-0.003988
-0.015107
-0.003988
-0.014777
0.005077
-0.014777
0.005077
-0.014039
-0.006859
-0.014039
-0.006859
-0.010346
-0.011709
-0.010346
-0.011709
0.000964
-0.015595
0.000964
-0.015595
0.001335
0.015568
0.001335
0.015568
-0.010064
0.011952
-0.010064
0.011952
-0.013872
0.007191
-0.013872
0.007191
-0.014894
-0.004725
-0.014894
-0.004725
-0.015008
0.004346
-0.015008
0.004346
-0.013686
-0.007539
-0.013686
-0.007539
-0.009759
-0.012203
-0.009759
-0.012203
0.001728
-0.015529
0.001728
-0.015529
-0.015362
0.002854
-0.015362
0.002854
-0.012881
-0.008844
-0.012881
-0.008844
-0.008516
-0.013101
-0.008516
-0.013101
0.003242
-0.015285
0.003242
-0.015285
-0.005796
-0.014510
-0.005796
-0.014510
0.006162
-0.014359
0.006162
-0.014359
0.011187
-0.010908
0.011187
-0.010908
0.015624
0.000198
0.015624
0.000198
0.015620
-0.000377
0.015620
-0.000377
0.011312
0.010778
0.011312
0.010778
0.006326
0.014287
0.006326
0.014287
-0.005629
0.014576
-0.005629
0.014576
0.003418
0.015247
0.003418
0.015247
-0.008364
0.013198
-0.008364
0.013198
-0.012778
0.008992
-0.012778
0.008992
-0.015394
-0.002677
-0.015394
-0.002677
0.001907
0.015508
0.001907
0.015508
-0.009618
0.012314
-0.009618
0.012314
-0.013598
0.007696
-0.013598
0.007696
-0.015057
-0.004173
-0.015057
-0.004173
-0.014838
0.004896
-0.014838
0.004896
-0.013954
-0.007031
-0.013954
-0.007031
-0.010201
-0.011835
-0.010201
-0.011835
0.001155
-0.015582
0.001155
-0.015582
0.001143
0.015583
0.001143
0.015583
-0.010210
0.011827
-0.010210
0.011827
-0.013959
0.007020
-0.013959
0.007020
-0.014834
-0.004907
-0.014834
-0.004907
-0.015061
0.004162
-0.015061
0.004162
-0.013592
-0.007707
-0.013592
-0.007707
-0.009608
-0.012322
-0.009608
-0.012322
0.001919
-0.015507
0.001919
-0.015507
-0.015396
0.002665
-0.015396
0.002665
-0.012771
-0.009002
-0.012771
-0.009002
-0.008354
-0.013204
-0.008354
-0.013204
0.003429
-0.015244
0.003429
-0.015244
-0.005618
-0.014580
-0.005618
-0.014580
0.006337
-0.014282
0.006337
-0.014282
0.011320
-0.010770
0.011320
-0.010770
0.015620
0.000389
0.015620
0.000389
0.000761
0.015606
0.000761
0.015606
-0.010498
0.011573
-0.010498
0.011573
-0.014127
0.006675
-0.014127
0.006675
-0.014710
-0.005270
-0.014710
-0.005270
-0.015158
0.003791
-0.015158
0.003791
-0.013399
-0.008038
-0.013399
-0.008038
-0.009303
-0.012554
-0.009303
-0.012554
0.002299
-0.015455
0.002299
-0.015455
-0.015457
0.002287
-0.015457
0.002287
-0.012547
-0.009313
-0.012547
-0.009313
-0.008028
-0.013405
-0.008028
-0.013405
0.003802
-0.015155
0.003802
-0.015155
-0.005258
-0.014714
-0.005258
-0.014714
0.006686
-0.014122
0.006686
-0.014122
0.011581
-0.010489
0.011581
-0.010489
0.015606
0.000773
0.015606
0.000773
-0.015550
0.001526
-0.015550
0.001526
-0.012074
-0.009917
-0.012074
-0.009917
-0.007360
-0.013783
-0.007360
-0.013783
0.004541
-0.014950
0.004541
-0.014950
-0.004530
-0.014954
-0.004530
-0.014954
0.007371
-0.013777
0.007371
-0.013777
0.012082
-0.009908
0.012082
-0.009908
0.015549
0.001537
0.015549
0.001537
-0.003042
-0.015326
-0.003042
-0.015326
0.008686
-0.012988
0.008686
-0.012988
0.012995
-0.008676
0.012995
-0.008676
0.015324
0.003054
0.015324
0.003054
0.014438
-0.005974
0.014438
-0.005974
0.014433
0.005985
0.014433
0.005985
0.011044
0.011053
0.011044
0.011053
-0.000006
0.015625
-0.000006
0.015625
