-0.061728
0.063262
-0.061728
0.063262
-0.088382
0.001085
-0.088382
0.001085
-0.082069
-0.032820
-0.082069
-0.032820
-0.034824
-0.081239
-0.034824
-0.081239
-0.074089
-0.048200
-0.074089
-0.048200
-0.018306
-0.086472
-0.018306
-0.086472
0.016179
-0.086895
0.016179
-0.086895
0.072884
-0.050004
0.072884
-0.050004
-0.069008
-0.055230
-0.069008
-0.055230
-0.009742
-0.087850
-0.009742
-0.087850
0.024618
-0.084891
0.024618
-0.084891
0.077434
-0.042619
0.077434
-0.042619
0.040706
-0.078457
0.040706
-0.078457
0.084261
-0.026694
0.084261
-0.026694
0.088062
0.007583
0.088062
0.007583
0.056907
0.067632
0.056907
0.067632
-0.066215
-0.058550
-0.066215
-0.058550
-0.005420
-0.088222
-0.005420
-0.088222
0.028754
-0.083581
0.028754
-0.083581
0.079432
-0.038769
0.079432
-0.038769
0.044507
-0.076365
0.044507
-0.076365
0.085469
-0.022527
0.085469
-0.022527
0.087584
0.011895
0.087584
0.011895
0.053520
0.070343
0.053520
0.070343
0.051778
-0.071635
0.051778
-0.071635
0.087266
-0.014041
0.087266
-0.014041
0.085996
0.020423
0.085996
0.020423
0.046368
0.075250
0.046368
0.075250
0.080360
0.036807
0.080360
0.036807
0.030796
0.082850
0.030796
0.082850
-0.003253
0.088328
-0.003253
0.088328
-0.064758
0.060157
-0.064758
0.060157
-0.064758
-0.060157
-0.064758
-0.060157
-0.003253
-0.088328
-0.003253
-0.088328
0.030796
-0.082850
0.030796
-0.082850
0.080360
-0.036807
0.080360
-0.036807
0.046368
-0.075250
0.046368
-0.075250
0.085996
-0.020423
0.085996
-0.020423
0.087266
0.014041
0.087266
0.014041
0.051778
0.071635
0.051778
0.071635
0.053520
-0.070343
0.053520
-0.070343
0.087584
-0.011895
0.087584
-0.011895
0.085469
0.022527
0.085469
0.022527
0.044507
0.076365
0.044507
0.076365
0.079432
0.038769
0.079432
0.038769
0.028754
0.083581
0.028754
0.083581
-0.005420
0.088222
-0.005420
0.088222
-0.066215
0.058550
-0.066215
0.058550
0.056907
-0.067632
0.056907
-0.067632
0.088062
-0.007583
0.088062
-0.007583
0.084261
0.026694
0.084261
0.026694
0.040706
0.078457
0.040706
0.078457
0.077434
0.042619
0.077434
0.042619
0.024618
0.084891
0.024618
0.084891
-0.009742
0.087850
-0.009742
0.087850
-0.069008
0.055230
-0.069008
0.055230
0.072884
0.050004
0.072884
0.050004
0.016179
0.086895
0.016179
0.086895
-0.018306
0.086472
-0.018306
0.086472
-0.074089
0.048200
-0.074089
0.048200
-0.034824
0.081239
-0.034824
0.081239
-0.082069
0.032820
-0.082069
0.032820
-0.088382
-0.001085
-0.088382
-0.001085
-0.061728
-0.063262
-0.061728
-0.063262
