0.000384
0.062499
0.000384
0.062499
-0.043922
0.044464
-0.043922
0.044464
-0.057595
0.024272
-0.057595
0.024272
-0.057888
-0.023563
-0.057888
-0.023563
-0.061223
0.012569
-0.061223
0.012569
-0.052179
-0.034404
-0.052179
-0.034404
-0.035041
-0.051753
-0.035041
-0.051753
0.011817
-0.061373
0.011817
-0.061373
-0.062160
0.006508
-0.062160
0.006508
-0.048555
-0.039352
-0.048555
-0.039352
-0.029800
-0.054938
-0.029800
-0.054938
0.017775
-0.059919
0.017775
-0.059919
-0.018509
-0.059696
-0.018509
-0.059696
0.029123
-0.055300
0.029123
-0.055300
0.048069
-0.039945
0.048069
-0.039945
0.062235
0.005744
0.062235
0.005744
-0.062405
0.003450
-0.062405
0.003450
-0.046566
-0.041687
-0.046566
-0.041687
-0.027068
-0.056334
-0.027068
-0.056334
0.020694
-0.058975
0.020694
-0.058975
-0.015558
-0.060533
-0.015558
-0.060533
0.031802
-0.053804
0.031802
-0.053804
0.049971
-0.037539
0.049971
-0.037539
0.061879
0.008791
0.061879
0.008791
-0.009550
-0.061766
-0.009550
-0.061766
0.036922
-0.050428
0.036922
-0.050428
0.053410
-0.032460
0.053410
-0.032460
0.060719
0.014814
0.060719
0.014814
0.058716
-0.021416
0.058716
-0.021416
0.056662
0.026375
0.056662
0.026375
0.042256
0.046051
0.042256
0.046051
-0.002684
0.062442
-0.002684
0.062442
-0.062471
0.001917
-0.062471
0.001917
-0.045529
-0.042818
-0.045529
-0.042818
-0.025678
-0.056982
-0.025678
-0.056982
0.022135
-0.058449
0.022135
-0.058449
-0.014068
-0.060896
-0.014068
-0.060896
0.033113
-0.053007
0.033113
-0.053007
0.050877
-0.036301
0.050877
-0.036301
0.061644
0.010307
0.061644
0.010307
-0.008031
-0.061982
-0.008031
-0.061982
0.038149
-0.049507
0.038149
-0.049507
0.054190
-0.031139
0.054190
-0.031139
0.060337
0.016300
0.060337
0.016300
0.059224
-0.019969
0.059224
-0.019969
0.055998
0.027758
0.055998
0.027758
0.041113
0.047074
0.041113
0.047074
-0.004215
0.062358
-0.004215
0.062358
-0.004980
-0.062301
-0.004980
-0.062301
0.040532
-0.047575
0.040532
-0.047575
0.055653
-0.028443
0.055653
-0.028443
0.059465
0.019241
0.059465
0.019241
0.060133
-0.017039
0.060133
-0.017039
0.054568
0.030472
0.054568
0.030472
0.038754
0.049035
0.038754
0.049035
-0.007270
0.062076
-0.007270
0.062076
0.061513
-0.011063
0.061513
-0.011063
0.051319
0.035674
0.051319
0.035674
0.033761
0.052597
0.033761
0.052597
-0.013319
0.061064
-0.013319
0.061064
0.022851
0.058173
0.022851
0.058173
-0.024976
0.057292
-0.024976
0.057292
-0.045000
0.043373
-0.045000
0.043373
-0.062489
-0.001150
-0.062489
-0.001150
-0.062489
0.001150
-0.062489
0.001150
-0.045000
-0.043373
-0.045000
-0.043373
-0.024977
-0.057292
-0.024977
-0.057292
0.022851
-0.058173
0.022851
-0.058173
-0.013319
-0.061064
-0.013319
-0.061064
0.033761
-0.052597
0.033761
-0.052597
0.051319
-0.035674
0.051319
-0.035674
0.061513
0.011063
0.061513
0.011063
-0.007270
-0.062076
-0.007270
-0.062076
0.038754
-0.049035
0.038754
-0.049035
0.054568
-0.030472
0.054568
-0.030472
0.060133
0.017039
0.060133
0.017039
0.059465
-0.019241
0.059465
-0.019241
0.055653
0.028443
0.055653
0.028443
0.040532
0.047575
0.040532
0.047575
-0.004980
0.062301
-0.004980
0.062301
-0.004215
-0.062358
-0.004215
-0.062358
0.041113
-0.047074
0.041113
-0.047074
0.055998
-0.027758
0.055998
-0.027758
0.059224
0.019969
0.059224
0.019969
0.060337
-0.016300
0.060337
-0.016300
0.054190
0.031139
0.054190
0.031139
0.038149
0.049507
0.038149
0.049507
-0.008031
0.061982
-0.008031
0.061982
0.061644
-0.010307
0.061644
-0.010307
0.050877
0.036301
0.050877
0.036301
0.033113
0.053007
0.033113
0.053007
-0.014068
0.060896
-0.014068
0.060896
0.022135
0.058449
0.022135
0.058449
-0.025678
0.056982
-0.025678
0.056982
-0.045529
0.042818
-0.045529
0.042818
-0.062471
-0.001917
-0.062471
-0.001917
-0.002684
-0.062442
-0.002684
-0.062442
0.042256
-0.046051
0.042256
-0.046051
0.056662
-0.026375
0.056662
-0.026375
0.058716
0.021416
0.058716
0.021416
0.060719
-0.014814
0.060719
-0.014814
0.053410
0.032460
0.053410
0.032460
0.036922
0.050428
0.036922
0.050428
-0.009550
0.061766
-0.009550
0.061766
0.061879
-0.008791
0.061879
-0.008791
0.049971
0.037538
0.049971
0.037538
0.031802
0.053804
0.031802
0.053804
-0.015558
0.060533
-0.015558
0.060533
0.020694
0.058975
0.020694
0.058975
-0.027068
0.056334
-0.027068
0.056334
-0.046566
0.041687
-0.046566
0.041687
-0.062405
-0.003450
-0.062405
-0.003450
0.062235
-0.005744
0.062235
-0.005744
0.048069
0.039945
0.048069
0.039945
0.029123
0.055300
0.029123
0.055300
-0.018509
0.059696
-0.018509
0.059696
0.017775
0.059919
0.017775
0.059919
-0.029800
0.054938
-0.029800
0.054938
-0.048555
0.039352
-0.048555
0.039352
-0.062160
-0.006508
-0.062160
-0.006508
0.011817
0.061373
0.011817
0.061373
-0.035041
0.051753
-0.035041
0.051753
-0.052179
0.034404
-0.052179
0.034404
-0.061223
-0.012569
-0.061223
-0.012569
-0.057888
0.023563
-0.057888
0.023563
-0.057595
-0.024272
-0.057595
-0.024272
-0.043922
-0.044464
-0.043922
-0.044464
0.000384
-0.062499
0.000384
-0.062499
